# Table format: 1D
    0.00000000000000e+000     0.00000000000000e+000 
    1.00000000000000e-005     2.33400000000000e+001 
    2.00000000000000e-005     4.66800000000000e+001 
    3.00000000000000e-005     7.00200000000000e+001 
    4.00000000000000e-005     9.33600000000000e+001 
    5.00000000000000e-005     1.16700000000000e+002 
    6.00000000000000e-005     1.16765000000000e+002 
    7.00000000000000e-005     1.16829000000000e+002 
    8.00000000000000e-005     1.16894000000000e+002 
    9.00000000000000e-005     1.16958000000000e+002 
    1.00000000000000e-004     1.17023000000000e+002 
    1.10000000000000e-004     1.17087000000000e+002 
    1.20000000000000e-004     1.17152000000000e+002 
    1.30000000000000e-004     1.17216000000000e+002 
    1.40000000000000e-004     1.17281000000000e+002 
    1.50000000000000e-004     1.17345000000000e+002 
    1.60000000000000e-004     1.17410000000000e+002 
    1.70000000000000e-004     1.17474000000000e+002 
    1.80000000000000e-004     1.17539000000000e+002 
    1.90000000000000e-004     1.17603000000000e+002 
    2.00000000000000e-004     1.17668000000000e+002 
    2.10000000000000e-004     1.17732000000000e+002 
    2.20000000000000e-004     1.17797000000000e+002 
    2.30000000000000e-004     1.17861000000000e+002 
    2.40000000000000e-004     1.17926000000000e+002 
    2.50000000000000e-004     1.17990000000000e+002 
    2.60000000000000e-004     1.18055000000000e+002 
    2.70000000000000e-004     1.18119000000000e+002 
    2.80000000000000e-004     1.18184000000000e+002 
    2.90000000000000e-004     1.18248000000000e+002 
    3.00000000000000e-004     1.18313000000000e+002 
    3.10000000000000e-004     1.18377000000000e+002 
    3.20000000000000e-004     1.18442000000000e+002 
    3.30000000000000e-004     1.18506000000000e+002 
    3.40000000000000e-004     1.18571000000000e+002 
    3.50000000000000e-004     1.18635000000000e+002 
    3.60000000000000e-004     1.18700000000000e+002 
    3.70000000000000e-004     1.18764000000000e+002 
    3.80000000000000e-004     1.18829000000000e+002 
    3.90000000000000e-004     1.18893000000000e+002 
    4.00000000000000e-004     1.18958000000000e+002 
    4.10000000000000e-004     1.19022000000000e+002 
    4.20000000000000e-004     1.19087000000000e+002 
    4.30000000000000e-004     1.19151000000000e+002 
    4.40000000000000e-004     1.19216000000000e+002 
    4.50000000000000e-004     1.19280000000000e+002 
    4.60000000000000e-004     1.19345000000000e+002 
    4.70000000000000e-004     1.19409000000000e+002 
    4.80000000000000e-004     1.19474000000000e+002 
    4.90000000000000e-004     1.19538000000000e+002 
    5.00000000000000e-004     1.19603000000000e+002 
    5.10000000000000e-004     1.19667000000000e+002 
    5.20000000000000e-004     1.19732000000000e+002 
    5.30000000000000e-004     1.19796000000000e+002 
    5.40000000000000e-004     1.19861000000000e+002 
    5.50000000000000e-004     1.19925000000000e+002 
    5.60000000000000e-004     1.19990000000000e+002 
    5.70000000000000e-004     1.20054000000000e+002 
    5.80000000000000e-004     1.20119000000000e+002 
    5.90000000000000e-004     1.20183000000000e+002 
    6.00000000000000e-004     1.20248000000000e+002 
    6.10000000000000e-004     1.20312000000000e+002 
    6.20000000000000e-004     1.20377000000000e+002 
    6.30000000000000e-004     1.20441000000000e+002 
    6.40000000000000e-004     1.20506000000000e+002 
    6.50000000000000e-004     1.20570000000000e+002 
    6.60000000000000e-004     1.20635000000000e+002 
    6.70000000000000e-004     1.20699000000000e+002 
    6.80000000000000e-004     1.20764000000000e+002 
    6.90000000000000e-004     1.20828000000000e+002 
    7.00000000000000e-004     1.20893000000000e+002 
    7.10000000000000e-004     1.20957000000000e+002 
    7.20000000000000e-004     1.21022000000000e+002 
    7.30000000000000e-004     1.21086000000000e+002 
    7.40000000000000e-004     1.21151000000000e+002 
    7.50000000000000e-004     1.21215000000000e+002 
    7.60000000000000e-004     1.21280000000000e+002 
    7.70000000000000e-004     1.21344000000000e+002 
    7.80000000000000e-004     1.21409000000000e+002 
    7.90000000000000e-004     1.21473000000000e+002 
    8.00000000000000e-004     1.21538000000000e+002 
    8.10000000000000e-004     1.21602000000000e+002 
    8.20000000000000e-004     1.21667000000000e+002 
    8.30000000000000e-004     1.21731000000000e+002 
    8.40000000000000e-004     1.21796000000000e+002 
    8.50000000000000e-004     1.21860000000000e+002 
    8.60000000000000e-004     1.21925000000000e+002 
    8.70000000000000e-004     1.21989000000000e+002 
    8.80000000000000e-004     1.22054000000000e+002 
    8.90000000000000e-004     1.22118000000000e+002 
    9.00000000000000e-004     1.22183000000000e+002 
    9.10000000000000e-004     1.22247000000000e+002 
    9.20000000000000e-004     1.22312000000000e+002 
    9.30000000000000e-004     1.22376000000000e+002 
    9.40000000000000e-004     1.22441000000000e+002 
    9.50000000000000e-004     1.22505000000000e+002 
    9.60000000000000e-004     1.22570000000000e+002 
    9.70000000000000e-004     1.22634000000000e+002 
    9.80000000000000e-004     1.22699000000000e+002 
    9.90000000000000e-004     1.22763000000000e+002 
    1.00000000000000e-003     1.22828000000000e+002 
    1.01000000000000e-003     1.22892000000000e+002 
    1.02000000000000e-003     1.22957000000000e+002 
    1.03000000000000e-003     1.23021000000000e+002 
    1.04000000000000e-003     1.23086000000000e+002 
    1.05000000000000e-003     1.23150000000000e+002 
    1.06000000000000e-003     1.23215000000000e+002 
    1.07000000000000e-003     1.23279000000000e+002 
    1.08000000000000e-003     1.23344000000000e+002 
    1.09000000000000e-003     1.23408000000000e+002 
    1.10000000000000e-003     1.23473000000000e+002 
    1.11000000000000e-003     1.23537000000000e+002 
    1.12000000000000e-003     1.23602000000000e+002 
    1.13000000000000e-003     1.23666000000000e+002 
    1.14000000000000e-003     1.23731000000000e+002 
    1.15000000000000e-003     1.23795000000000e+002 
    1.16000000000000e-003     1.23860000000000e+002 
    1.17000000000000e-003     1.23924000000000e+002 
    1.18000000000000e-003     1.23989000000000e+002 
    1.19000000000000e-003     1.24053000000000e+002 
    1.20000000000000e-003     1.24118000000000e+002 
    1.21000000000000e-003     1.24182000000000e+002 
    1.22000000000000e-003     1.24247000000000e+002 
    1.23000000000000e-003     1.24311000000000e+002 
    1.24000000000000e-003     1.24376000000000e+002 
    1.25000000000000e-003     1.24440000000000e+002 
    1.26000000000000e-003     1.24505000000000e+002 
    1.27000000000000e-003     1.24569000000000e+002 
    1.28000000000000e-003     1.24634000000000e+002 
    1.29000000000000e-003     1.24698000000000e+002 
    1.30000000000000e-003     1.24763000000000e+002 
    1.31000000000000e-003     1.24827000000000e+002 
    1.32000000000000e-003     1.24892000000000e+002 
    1.33000000000000e-003     1.24956000000000e+002 
    1.34000000000000e-003     1.25021000000000e+002 
    1.35000000000000e-003     1.25085000000000e+002 
    1.36000000000000e-003     1.25150000000000e+002 
    1.37000000000000e-003     1.25214000000000e+002 
    1.38000000000000e-003     1.25279000000000e+002 
    1.39000000000000e-003     1.25343000000000e+002 
    1.40000000000000e-003     1.25408000000000e+002 
    1.41000000000000e-003     1.25472000000000e+002 
    1.42000000000000e-003     1.25537000000000e+002 
    1.43000000000000e-003     1.25601000000000e+002 
    1.44000000000000e-003     1.25666000000000e+002 
    1.45000000000000e-003     1.25730000000000e+002 
    1.46000000000000e-003     1.25795000000000e+002 
    1.47000000000000e-003     1.25859000000000e+002 
    1.48000000000000e-003     1.25924000000000e+002 
    1.49000000000000e-003     1.25988000000000e+002 
    1.50000000000000e-003     1.26053000000000e+002 
    1.51000000000000e-003     1.26117000000000e+002 
    1.52000000000000e-003     1.26182000000000e+002 
    1.53000000000000e-003     1.26246000000000e+002 
    1.54000000000000e-003     1.26311000000000e+002 
    1.55000000000000e-003     1.26375000000000e+002 
    1.56000000000000e-003     1.26440000000000e+002 
    1.57000000000000e-003     1.26504000000000e+002 
    1.58000000000000e-003     1.26569000000000e+002 
    1.59000000000000e-003     1.26633000000000e+002 
    1.60000000000000e-003     1.26698000000000e+002 
    1.61000000000000e-003     1.26762000000000e+002 
    1.62000000000000e-003     1.26827000000000e+002 
    1.63000000000000e-003     1.26891000000000e+002 
    1.64000000000000e-003     1.26956000000000e+002 
    1.65000000000000e-003     1.27020000000000e+002 
    1.66000000000000e-003     1.27085000000000e+002 
    1.67000000000000e-003     1.27149000000000e+002 
    1.68000000000000e-003     1.27214000000000e+002 
    1.69000000000000e-003     1.27278000000000e+002 
    1.70000000000000e-003     1.27343000000000e+002 
    1.71000000000000e-003     1.27407000000000e+002 
    1.72000000000000e-003     1.27472000000000e+002 
    1.73000000000000e-003     1.27536000000000e+002 
    1.74000000000000e-003     1.27601000000000e+002 
    1.75000000000000e-003     1.27665000000000e+002 
    1.76000000000000e-003     1.27730000000000e+002 
    1.77000000000000e-003     1.27794000000000e+002 
    1.78000000000000e-003     1.27859000000000e+002 
    1.79000000000000e-003     1.27923000000000e+002 
    1.80000000000000e-003     1.27988000000000e+002 
    1.81000000000000e-003     1.28052000000000e+002 
    1.82000000000000e-003     1.28117000000000e+002 
    1.83000000000000e-003     1.28181000000000e+002 
    1.84000000000000e-003     1.28246000000000e+002 
    1.85000000000000e-003     1.28310000000000e+002 
    1.86000000000000e-003     1.28375000000000e+002 
    1.87000000000000e-003     1.28439000000000e+002 
    1.88000000000000e-003     1.28504000000000e+002 
    1.89000000000000e-003     1.28568000000000e+002 
    1.90000000000000e-003     1.28633000000000e+002 
    1.91000000000000e-003     1.28697000000000e+002 
    1.92000000000000e-003     1.28762000000000e+002 
    1.93000000000000e-003     1.28826000000000e+002 
    1.94000000000000e-003     1.28891000000000e+002 
    1.95000000000000e-003     1.28955000000000e+002 
    1.96000000000000e-003     1.29020000000000e+002 
    1.97000000000000e-003     1.29084000000000e+002 
    1.98000000000000e-003     1.29149000000000e+002 
    1.99000000000000e-003     1.29213000000000e+002 
    2.00000000000000e-003     1.29278000000000e+002 
    2.01000000000000e-003     1.29342000000000e+002 
    2.02000000000000e-003     1.29407000000000e+002 
    2.03000000000000e-003     1.29471000000000e+002 
    2.04000000000000e-003     1.29536000000000e+002 
    2.05000000000000e-003     1.29600000000000e+002 
    2.06000000000000e-003     1.29665000000000e+002 
    2.07000000000000e-003     1.29729000000000e+002 
    2.08000000000000e-003     1.29794000000000e+002 
    2.09000000000000e-003     1.29858000000000e+002 
    2.10000000000000e-003     1.29923000000000e+002 
    2.11000000000000e-003     1.29987000000000e+002 
    2.12000000000000e-003     1.30052000000000e+002 
    2.13000000000000e-003     1.30116000000000e+002 
    2.14000000000000e-003     1.30181000000000e+002 
    2.15000000000000e-003     1.30245000000000e+002 
    2.16000000000000e-003     1.30310000000000e+002 
    2.17000000000000e-003     1.30374000000000e+002 
    2.18000000000000e-003     1.30439000000000e+002 
    2.19000000000000e-003     1.30503000000000e+002 
    2.20000000000000e-003     1.30568000000000e+002 
    2.21000000000000e-003     1.30632000000000e+002 
    2.22000000000000e-003     1.30697000000000e+002 
    2.23000000000000e-003     1.30761000000000e+002 
    2.24000000000000e-003     1.30826000000000e+002 
    2.25000000000000e-003     1.30890000000000e+002 
    2.26000000000000e-003     1.30955000000000e+002 
    2.27000000000000e-003     1.31019000000000e+002 
    2.28000000000000e-003     1.31084000000000e+002 
    2.29000000000000e-003     1.31148000000000e+002 
    2.30000000000000e-003     1.31213000000000e+002 
    2.31000000000000e-003     1.31277000000000e+002 
    2.32000000000000e-003     1.31342000000000e+002 
    2.33000000000000e-003     1.31406000000000e+002 
    2.34000000000000e-003     1.31471000000000e+002 
    2.35000000000000e-003     1.31535000000000e+002 
    2.36000000000000e-003     1.31600000000000e+002 
    2.37000000000000e-003     1.31664000000000e+002 
    2.38000000000000e-003     1.31729000000000e+002 
    2.39000000000000e-003     1.31793000000000e+002 
    2.40000000000000e-003     1.31858000000000e+002 
    2.41000000000000e-003     1.31922000000000e+002 
    2.42000000000000e-003     1.31987000000000e+002 
    2.43000000000000e-003     1.32051000000000e+002 
    2.44000000000000e-003     1.32116000000000e+002 
    2.45000000000000e-003     1.32180000000000e+002 
    2.46000000000000e-003     1.32245000000000e+002 
    2.47000000000000e-003     1.32309000000000e+002 
    2.48000000000000e-003     1.32374000000000e+002 
    2.49000000000000e-003     1.32438000000000e+002 
    2.50000000000000e-003     1.32503000000000e+002 
    2.51000000000000e-003     1.32567000000000e+002 
    2.52000000000000e-003     1.32632000000000e+002 
    2.53000000000000e-003     1.32696000000000e+002 
    2.54000000000000e-003     1.32761000000000e+002 
    2.55000000000000e-003     1.32825000000000e+002 
    2.56000000000000e-003     1.32890000000000e+002 
    2.57000000000000e-003     1.32954000000000e+002 
    2.58000000000000e-003     1.33019000000000e+002 
    2.59000000000000e-003     1.33083000000000e+002 
    2.60000000000000e-003     1.33148000000000e+002 
    2.61000000000000e-003     1.33212000000000e+002 
    2.62000000000000e-003     1.33277000000000e+002 
    2.63000000000000e-003     1.33341000000000e+002 
    2.64000000000000e-003     1.33406000000000e+002 
    2.65000000000000e-003     1.33470000000000e+002 
    2.66000000000000e-003     1.33535000000000e+002 
    2.67000000000000e-003     1.33599000000000e+002 
    2.68000000000000e-003     1.33664000000000e+002 
    2.69000000000000e-003     1.33728000000000e+002 
    2.70000000000000e-003     1.33793000000000e+002 
    2.71000000000000e-003     1.33857000000000e+002 
    2.72000000000000e-003     1.33922000000000e+002 
    2.73000000000000e-003     1.33986000000000e+002 
    2.74000000000000e-003     1.34051000000000e+002 
    2.75000000000000e-003     1.34115000000000e+002 
    2.76000000000000e-003     1.34180000000000e+002 
    2.77000000000000e-003     1.34244000000000e+002 
    2.78000000000000e-003     1.34309000000000e+002 
    2.79000000000000e-003     1.34373000000000e+002 
    2.80000000000000e-003     1.34438000000000e+002 
    2.81000000000000e-003     1.34502000000000e+002 
    2.82000000000000e-003     1.34567000000000e+002 
    2.83000000000000e-003     1.34631000000000e+002 
    2.84000000000000e-003     1.34696000000000e+002 
    2.85000000000000e-003     1.34760000000000e+002 
    2.86000000000000e-003     1.34825000000000e+002 
    2.87000000000000e-003     1.34889000000000e+002 
    2.88000000000000e-003     1.34954000000000e+002 
    2.89000000000000e-003     1.35018000000000e+002 
    2.90000000000000e-003     1.35083000000000e+002 
    2.91000000000000e-003     1.35147000000000e+002 
    2.92000000000000e-003     1.35212000000000e+002 
    2.93000000000000e-003     1.35276000000000e+002 
    2.94000000000000e-003     1.35341000000000e+002 
    2.95000000000000e-003     1.35405000000000e+002 
    2.96000000000000e-003     1.35470000000000e+002 
    2.97000000000000e-003     1.35534000000000e+002 
    2.98000000000000e-003     1.35599000000000e+002 
    2.99000000000000e-003     1.35663000000000e+002 
    3.00000000000000e-003     1.35728000000000e+002 
    3.01000000000000e-003     1.35792000000000e+002 
    3.02000000000000e-003     1.35857000000000e+002 
    3.03000000000000e-003     1.35921000000000e+002 
    3.04000000000000e-003     1.35986000000000e+002 
    3.05000000000000e-003     1.36050000000000e+002 
    3.06000000000000e-003     1.36115000000000e+002 
    3.07000000000000e-003     1.36179000000000e+002 
    3.08000000000000e-003     1.36244000000000e+002 
    3.09000000000000e-003     1.36308000000000e+002 
    3.10000000000000e-003     1.36373000000000e+002 
    3.11000000000000e-003     1.36437000000000e+002 
    3.12000000000000e-003     1.36502000000000e+002 
    3.13000000000000e-003     1.36566000000000e+002 
    3.14000000000000e-003     1.36631000000000e+002 
    3.15000000000000e-003     1.36695000000000e+002 
    3.16000000000000e-003     1.36760000000000e+002 
    3.17000000000000e-003     1.36824000000000e+002 
    3.18000000000000e-003     1.36889000000000e+002 
    3.19000000000000e-003     1.36953000000000e+002 
    3.20000000000000e-003     1.37018000000000e+002 
    3.21000000000000e-003     1.37082000000000e+002 
    3.22000000000000e-003     1.37147000000000e+002 
    3.23000000000000e-003     1.37211000000000e+002 
    3.24000000000000e-003     1.37276000000000e+002 
    3.25000000000000e-003     1.37340000000000e+002 
    3.26000000000000e-003     1.37405000000000e+002 
    3.27000000000000e-003     1.37469000000000e+002 
    3.28000000000000e-003     1.37534000000000e+002 
    3.29000000000000e-003     1.37598000000000e+002 
    3.30000000000000e-003     1.37663000000000e+002 
    3.31000000000000e-003     1.37727000000000e+002 
    3.32000000000000e-003     1.37792000000000e+002 
    3.33000000000000e-003     1.37856000000000e+002 
    3.34000000000000e-003     1.37921000000000e+002 
    3.35000000000000e-003     1.37985000000000e+002 
    3.36000000000000e-003     1.38050000000000e+002 
    3.37000000000000e-003     1.38114000000000e+002 
    3.38000000000000e-003     1.38179000000000e+002 
    3.39000000000000e-003     1.38243000000000e+002 
    3.40000000000000e-003     1.38308000000000e+002 
    3.41000000000000e-003     1.38372000000000e+002 
    3.42000000000000e-003     1.38437000000000e+002 
    3.43000000000000e-003     1.38501000000000e+002 
    3.44000000000000e-003     1.38566000000000e+002 
    3.45000000000000e-003     1.38630000000000e+002 
    3.46000000000000e-003     1.38695000000000e+002 
    3.47000000000000e-003     1.38759000000000e+002 
    3.48000000000000e-003     1.38824000000000e+002 
    3.49000000000000e-003     1.38888000000000e+002 
    3.50000000000000e-003     1.38953000000000e+002 
    3.51000000000000e-003     1.39017000000000e+002 
    3.52000000000000e-003     1.39082000000000e+002 
    3.53000000000000e-003     1.39146000000000e+002 
    3.54000000000000e-003     1.39211000000000e+002 
    3.55000000000000e-003     1.39275000000000e+002 
    3.56000000000000e-003     1.39340000000000e+002 
    3.57000000000000e-003     1.39404000000000e+002 
    3.58000000000000e-003     1.39469000000000e+002 
    3.59000000000000e-003     1.39533000000000e+002 
    3.60000000000000e-003     1.39598000000000e+002 
    3.61000000000000e-003     1.39662000000000e+002 
    3.62000000000000e-003     1.39727000000000e+002 
    3.63000000000000e-003     1.39791000000000e+002 
    3.64000000000000e-003     1.39856000000000e+002 
    3.65000000000000e-003     1.39920000000000e+002 
    3.66000000000000e-003     1.39985000000000e+002 
    3.67000000000000e-003     1.40049000000000e+002 
    3.68000000000000e-003     1.40114000000000e+002 
    3.69000000000000e-003     1.40178000000000e+002 
    3.70000000000000e-003     1.40243000000000e+002 
    3.71000000000000e-003     1.40307000000000e+002 
    3.72000000000000e-003     1.40372000000000e+002 
    3.73000000000000e-003     1.40436000000000e+002 
    3.74000000000000e-003     1.40501000000000e+002 
    3.75000000000000e-003     1.40565000000000e+002 
    3.76000000000000e-003     1.40630000000000e+002 
    3.77000000000000e-003     1.40694000000000e+002 
    3.78000000000000e-003     1.40759000000000e+002 
    3.79000000000000e-003     1.40823000000000e+002 
    3.80000000000000e-003     1.40888000000000e+002 
    3.81000000000000e-003     1.40952000000000e+002 
    3.82000000000000e-003     1.41017000000000e+002 
    3.83000000000000e-003     1.41081000000000e+002 
    3.84000000000000e-003     1.41146000000000e+002 
    3.85000000000000e-003     1.41210000000000e+002 
    3.86000000000000e-003     1.41275000000000e+002 
    3.87000000000000e-003     1.41339000000000e+002 
    3.88000000000000e-003     1.41404000000000e+002 
    3.89000000000000e-003     1.41468000000000e+002 
    3.90000000000000e-003     1.41533000000000e+002 
    3.91000000000000e-003     1.41597000000000e+002 
    3.92000000000000e-003     1.41662000000000e+002 
    3.93000000000000e-003     1.41726000000000e+002 
    3.94000000000000e-003     1.41791000000000e+002 
    3.95000000000000e-003     1.41855000000000e+002 
    3.96000000000000e-003     1.41920000000000e+002 
    3.97000000000000e-003     1.41984000000000e+002 
    3.98000000000000e-003     1.42049000000000e+002 
    3.99000000000000e-003     1.42113000000000e+002 
    4.00000000000000e-003     1.42178000000000e+002 
    4.01000000000000e-003     1.42242000000000e+002 
    4.02000000000000e-003     1.42307000000000e+002 
    4.03000000000000e-003     1.42371000000000e+002 
    4.04000000000000e-003     1.42436000000000e+002 
    4.05000000000000e-003     1.42500000000000e+002 
    4.06000000000000e-003     1.42565000000000e+002 
    4.07000000000000e-003     1.42629000000000e+002 
    4.08000000000000e-003     1.42694000000000e+002 
    4.09000000000000e-003     1.42758000000000e+002 
    4.10000000000000e-003     1.42823000000000e+002 
    4.11000000000000e-003     1.42887000000000e+002 
    4.12000000000000e-003     1.42952000000000e+002 
    4.13000000000000e-003     1.43016000000000e+002 
    4.14000000000000e-003     1.43081000000000e+002 
    4.15000000000000e-003     1.43145000000000e+002 
    4.16000000000000e-003     1.43210000000000e+002 
    4.17000000000000e-003     1.43274000000000e+002 
    4.18000000000000e-003     1.43339000000000e+002 
    4.19000000000000e-003     1.43403000000000e+002 
    4.20000000000000e-003     1.43468000000000e+002 
    4.21000000000000e-003     1.43532000000000e+002 
    4.22000000000000e-003     1.43597000000000e+002 
    4.23000000000000e-003     1.43661000000000e+002 
    4.24000000000000e-003     1.43726000000000e+002 
    4.25000000000000e-003     1.43790000000000e+002 
    4.26000000000000e-003     1.43855000000000e+002 
    4.27000000000000e-003     1.43919000000000e+002 
    4.28000000000000e-003     1.43984000000000e+002 
    4.29000000000000e-003     1.44048000000000e+002 
    4.30000000000000e-003     1.44113000000000e+002 
    4.31000000000000e-003     1.44177000000000e+002 
    4.32000000000000e-003     1.44242000000000e+002 
    4.33000000000000e-003     1.44306000000000e+002 
    4.34000000000000e-003     1.44371000000000e+002 
    4.35000000000000e-003     1.44435000000000e+002 
    4.36000000000000e-003     1.44500000000000e+002 
    4.37000000000000e-003     1.44564000000000e+002 
    4.38000000000000e-003     1.44629000000000e+002 
    4.39000000000000e-003     1.44693000000000e+002 
    4.40000000000000e-003     1.44758000000000e+002 
    4.41000000000000e-003     1.44822000000000e+002 
    4.42000000000000e-003     1.44887000000000e+002 
    4.43000000000000e-003     1.44951000000000e+002 
    4.44000000000000e-003     1.45016000000000e+002 
    4.45000000000000e-003     1.45080000000000e+002 
    4.46000000000000e-003     1.45145000000000e+002 
    4.47000000000000e-003     1.45209000000000e+002 
    4.48000000000000e-003     1.45274000000000e+002 
    4.49000000000000e-003     1.45338000000000e+002 
    4.50000000000000e-003     1.45403000000000e+002 
    4.51000000000000e-003     1.45467000000000e+002 
    4.52000000000000e-003     1.45532000000000e+002 
    4.53000000000000e-003     1.45596000000000e+002 
    4.54000000000000e-003     1.45661000000000e+002 
    4.55000000000000e-003     1.45725000000000e+002 
    4.56000000000000e-003     1.45790000000000e+002 
    4.57000000000000e-003     1.45854000000000e+002 
    4.58000000000000e-003     1.45919000000000e+002 
    4.59000000000000e-003     1.45983000000000e+002 
    4.60000000000000e-003     1.46048000000000e+002 
    4.61000000000000e-003     1.46112000000000e+002 
    4.62000000000000e-003     1.46177000000000e+002 
    4.63000000000000e-003     1.46241000000000e+002 
    4.64000000000000e-003     1.46306000000000e+002 
    4.65000000000000e-003     1.46370000000000e+002 
    4.66000000000000e-003     1.46435000000000e+002 
    4.67000000000000e-003     1.46499000000000e+002 
    4.68000000000000e-003     1.46564000000000e+002 
    4.69000000000000e-003     1.46628000000000e+002 
    4.70000000000000e-003     1.46693000000000e+002 
    4.71000000000000e-003     1.46757000000000e+002 
    4.72000000000000e-003     1.46822000000000e+002 
    4.73000000000000e-003     1.46886000000000e+002 
    4.74000000000000e-003     1.46951000000000e+002 
    4.75000000000000e-003     1.47015000000000e+002 
    4.76000000000000e-003     1.47080000000000e+002 
    4.77000000000000e-003     1.47144000000000e+002 
    4.78000000000000e-003     1.47209000000000e+002 
    4.79000000000000e-003     1.47273000000000e+002 
    4.80000000000000e-003     1.47338000000000e+002 
    4.81000000000000e-003     1.47402000000000e+002 
    4.82000000000000e-003     1.47467000000000e+002 
    4.83000000000000e-003     1.47531000000000e+002 
    4.84000000000000e-003     1.47596000000000e+002 
    4.85000000000000e-003     1.47660000000000e+002 
    4.86000000000000e-003     1.47725000000000e+002 
    4.87000000000000e-003     1.47789000000000e+002 
    4.88000000000000e-003     1.47854000000000e+002 
    4.89000000000000e-003     1.47918000000000e+002 
    4.90000000000000e-003     1.47983000000000e+002 
    4.91000000000000e-003     1.48047000000000e+002 
    4.92000000000000e-003     1.48112000000000e+002 
    4.93000000000000e-003     1.48176000000000e+002 
    4.94000000000000e-003     1.48241000000000e+002 
    4.95000000000000e-003     1.48305000000000e+002 
    4.96000000000000e-003     1.48370000000000e+002 
    4.97000000000000e-003     1.48434000000000e+002 
    4.98000000000000e-003     1.48499000000000e+002 
    4.99000000000000e-003     1.48563000000000e+002 
    5.00000000000000e-003     1.48628000000000e+002 
    5.01000000000000e-003     1.48692000000000e+002 
    5.02000000000000e-003     1.48757000000000e+002 
    5.03000000000000e-003     1.48821000000000e+002 
    5.04000000000000e-003     1.48886000000000e+002 
    5.05000000000000e-003     1.48950000000000e+002 
    5.06000000000000e-003     1.49015000000000e+002 
    5.07000000000000e-003     1.49079000000000e+002 
    5.08000000000000e-003     1.49144000000000e+002 
    5.09000000000000e-003     1.49208000000000e+002 
    5.10000000000000e-003     1.49273000000000e+002 
    5.11000000000000e-003     1.49337000000000e+002 
    5.12000000000000e-003     1.49402000000000e+002 
    5.13000000000000e-003     1.49466000000000e+002 
    5.14000000000000e-003     1.49531000000000e+002 
    5.15000000000000e-003     1.49595000000000e+002 
    5.16000000000000e-003     1.49660000000000e+002 
    5.17000000000000e-003     1.49724000000000e+002 
    5.18000000000000e-003     1.49789000000000e+002 
    5.19000000000000e-003     1.49853000000000e+002 
    5.20000000000000e-003     1.49918000000000e+002 
    5.21000000000000e-003     1.49982000000000e+002 
    5.22000000000000e-003     1.50047000000000e+002 
    5.23000000000000e-003     1.50111000000000e+002 
    5.24000000000000e-003     1.50176000000000e+002 
    5.25000000000000e-003     1.50240000000000e+002 
    5.26000000000000e-003     1.50305000000000e+002 
    5.27000000000000e-003     1.50369000000000e+002 
    5.28000000000000e-003     1.50434000000000e+002 
    5.29000000000000e-003     1.50498000000000e+002 
    5.30000000000000e-003     1.50563000000000e+002 
    5.31000000000000e-003     1.50627000000000e+002 
    5.32000000000000e-003     1.50692000000000e+002 
    5.33000000000000e-003     1.50756000000000e+002 
    5.34000000000000e-003     1.50821000000000e+002 
    5.35000000000000e-003     1.50885000000000e+002 
    5.36000000000000e-003     1.50950000000000e+002 
    5.37000000000000e-003     1.51014000000000e+002 
    5.38000000000000e-003     1.51079000000000e+002 
    5.39000000000000e-003     1.51143000000000e+002 
    5.40000000000000e-003     1.51208000000000e+002 
    5.41000000000000e-003     1.51272000000000e+002 
    5.42000000000000e-003     1.51337000000000e+002 
    5.43000000000000e-003     1.51401000000000e+002 
    5.44000000000000e-003     1.51466000000000e+002 
    5.45000000000000e-003     1.51530000000000e+002 
    5.46000000000000e-003     1.51595000000000e+002 
    5.47000000000000e-003     1.51659000000000e+002 
    5.48000000000000e-003     1.51724000000000e+002 
    5.49000000000000e-003     1.51788000000000e+002 
    5.50000000000000e-003     1.51853000000000e+002 
    5.51000000000000e-003     1.51917000000000e+002 
    5.52000000000000e-003     1.51982000000000e+002 
    5.53000000000000e-003     1.52046000000000e+002 
    5.54000000000000e-003     1.52111000000000e+002 
    5.55000000000000e-003     1.52175000000000e+002 
    5.56000000000000e-003     1.52240000000000e+002 
    5.57000000000000e-003     1.52304000000000e+002 
    5.58000000000000e-003     1.52369000000000e+002 
    5.59000000000000e-003     1.52433000000000e+002 
    5.60000000000000e-003     1.52498000000000e+002 
    5.61000000000000e-003     1.52562000000000e+002 
    5.62000000000000e-003     1.52627000000000e+002 
    5.63000000000000e-003     1.52691000000000e+002 
    5.64000000000000e-003     1.52756000000000e+002 
    5.65000000000000e-003     1.52820000000000e+002 
    5.66000000000000e-003     1.52885000000000e+002 
    5.67000000000000e-003     1.52949000000000e+002 
    5.68000000000000e-003     1.53014000000000e+002 
    5.69000000000000e-003     1.53078000000000e+002 
    5.70000000000000e-003     1.53143000000000e+002 
    5.71000000000000e-003     1.53207000000000e+002 
    5.72000000000000e-003     1.53272000000000e+002 
    5.73000000000000e-003     1.53336000000000e+002 
    5.74000000000000e-003     1.53401000000000e+002 
    5.75000000000000e-003     1.53465000000000e+002 
    5.76000000000000e-003     1.53530000000000e+002 
    5.77000000000000e-003     1.53594000000000e+002 
    5.78000000000000e-003     1.53659000000000e+002 
    5.79000000000000e-003     1.53723000000000e+002 
    5.80000000000000e-003     1.53788000000000e+002 
    5.81000000000000e-003     1.53852000000000e+002 
    5.82000000000000e-003     1.53917000000000e+002 
    5.83000000000000e-003     1.53981000000000e+002 
    5.84000000000000e-003     1.54046000000000e+002 
    5.85000000000000e-003     1.54110000000000e+002 
    5.86000000000000e-003     1.54873000000000e+002 
    5.87000000000000e-003     1.55637000000000e+002 
    5.88000000000000e-003     1.56400000000000e+002 
    5.89000000000000e-003     1.57164000000000e+002 
    5.90000000000000e-003     1.57927000000000e+002 
    5.91000000000000e-003     1.58691000000000e+002 
    5.92000000000000e-003     1.59454000000000e+002 
    5.93000000000000e-003     1.60218000000000e+002 
    5.94000000000000e-003     1.60981000000000e+002 
    5.95000000000000e-003     1.61745000000000e+002 
    5.96000000000000e-003     1.62508000000000e+002 
    5.97000000000000e-003     1.63272000000000e+002 
    5.98000000000000e-003     1.64035000000000e+002 
    5.99000000000000e-003     1.64799000000000e+002 
    6.00000000000000e-003     1.65562000000000e+002 
    6.01000000000000e-003     1.66326000000000e+002 
    6.02000000000000e-003     1.67089000000000e+002 
    6.03000000000000e-003     1.67853000000000e+002 
    6.04000000000000e-003     1.68616000000000e+002 
    6.05000000000000e-003     1.69380000000000e+002 
    6.06000000000000e-003     1.70143000000000e+002 
    6.07000000000000e-003     1.70907000000000e+002 
    6.08000000000000e-003     1.71670000000000e+002 
    6.09000000000000e-003     1.72434000000000e+002 
    6.10000000000000e-003     1.73197000000000e+002 
    6.11000000000000e-003     1.73961000000000e+002 
    6.12000000000000e-003     1.74724000000000e+002 
    6.13000000000000e-003     1.75488000000000e+002 
    6.14000000000000e-003     1.76251000000000e+002 
    6.15000000000000e-003     1.77015000000000e+002 
    6.16000000000000e-003     1.77778000000000e+002 
    6.17000000000000e-003     1.78542000000000e+002 
    6.18000000000000e-003     1.79305000000000e+002 
    6.19000000000000e-003     1.80069000000000e+002 
    6.20000000000000e-003     1.80832000000000e+002 
    6.21000000000000e-003     1.81596000000000e+002 
    6.22000000000000e-003     1.82359000000000e+002 
    6.23000000000000e-003     1.83123000000000e+002 
    6.24000000000000e-003     1.83886000000000e+002 
    6.25000000000000e-003     1.84650000000000e+002 
    6.26000000000000e-003     1.85413000000000e+002 
    6.27000000000000e-003     1.86177000000000e+002 
    6.28000000000000e-003     1.86940000000000e+002 
    6.29000000000000e-003     1.87704000000000e+002 
    6.30000000000000e-003     1.88467000000000e+002 
    6.31000000000000e-003     1.89231000000000e+002 
    6.32000000000000e-003     1.89994000000000e+002 
    6.33000000000000e-003     1.90758000000000e+002 
    6.34000000000000e-003     1.91521000000000e+002 
    6.35000000000000e-003     1.92285000000000e+002 
    6.36000000000000e-003     1.93048000000000e+002 
    6.37000000000000e-003     1.93812000000000e+002 
    6.38000000000000e-003     1.94575000000000e+002 
    6.39000000000000e-003     1.95339000000000e+002 
    6.40000000000000e-003     1.96102000000000e+002 
    6.41000000000000e-003     2.55990000000000e+002 
    6.42000000000000e-003     3.15880000000000e+002 
    6.43000000000000e-003     3.75770000000000e+002 
    6.44000000000000e-003     4.35660000000000e+002 
    6.45000000000000e-003     4.95550000000000e+002 
    6.46000000000000e-003     5.55440000000000e+002 
    6.47000000000000e-003     6.15330000000000e+002 
    6.48000000000000e-003     6.75210000000000e+002 
    6.49000000000000e-003     7.35100000000000e+002 
    6.50000000000000e-003     7.94990000000000e+002 
    6.51000000000000e-003     8.54880000000000e+002 
    6.52000000000000e-003     9.14770000000000e+002 
    6.53000000000000e-003     9.74660000000000e+002 
    6.54000000000000e-003     1.03455000000000e+003 
    6.55000000000000e-003     1.09444000000000e+003 
    6.56000000000000e-003     1.15433000000000e+003 
    6.57000000000000e-003     1.21422000000000e+003 
    6.58000000000000e-003     1.27411000000000e+003 
    6.59000000000000e-003     1.33399000000000e+003 
    6.60000000000000e-003     1.39388000000000e+003 
    6.61000000000000e-003     1.45377000000000e+003 
    6.62000000000000e-003     1.51366000000000e+003 
    6.63000000000000e-003     1.57355000000000e+003 
    6.64000000000000e-003     1.63344000000000e+003 
    6.65000000000000e-003     1.69333000000000e+003 
    6.66000000000000e-003     1.75322000000000e+003 
    6.67000000000000e-003     1.81311000000000e+003 
    6.68000000000000e-003     1.87300000000000e+003 
    6.69000000000000e-003     1.93288000000000e+003 
    6.70000000000000e-003     1.99277000000000e+003 
    6.71000000000000e-003     2.05266000000000e+003 
    6.72000000000000e-003     2.11255000000000e+003 
    6.73000000000000e-003     2.17244000000000e+003 
    6.74000000000000e-003     2.23233000000000e+003 
    6.75000000000000e-003     2.29222000000000e+003 
    6.76000000000000e-003     2.35211000000000e+003 
    6.77000000000000e-003     2.41200000000000e+003 
    6.78000000000000e-003     2.47189000000000e+003 
    6.79000000000000e-003     2.53178000000000e+003 
    6.80000000000000e-003     2.59166000000000e+003 
    6.81000000000000e-003     2.65155000000000e+003 
    6.82000000000000e-003     2.71144000000000e+003 
    6.83000000000000e-003     2.77133000000000e+003 
    6.84000000000000e-003     2.83122000000000e+003 
    6.85000000000000e-003     2.89111000000000e+003 
    6.86000000000000e-003     2.95100000000000e+003 
    6.87000000000000e-003     3.01089000000000e+003 
    6.88000000000000e-003     3.07078000000000e+003 
    6.89000000000000e-003     3.13067000000000e+003 
    6.90000000000000e-003     3.19055000000000e+003 
    6.91000000000000e-003     3.25044000000000e+003 
    6.92000000000000e-003     3.31033000000000e+003 
    6.93000000000000e-003     3.37022000000000e+003 
    6.94000000000000e-003     3.43011000000000e+003 
    6.95000000000000e-003     3.49000000000000e+003 
