# Table format: T1D
# Extrapolated pressure ratio as a function of corrected mass flow rate and rotary speed
    0.00000000000000e+000     19
    0.00000000000000e+000     1.00000000000000e+000
    1.90799000000000e-002     1.00000000000000e+000
    2.21410000000000e-002     1.00000000000000e+000
    2.52469000000000e-002     1.00000000000000e+000
    3.23022000000000e-002     1.00000000000000e+000
    3.36336000000000e-002     1.00000000000000e+000
    3.48754000000000e-002     1.00000000000000e+000
    3.68277000000000e-002     1.00000000000000e+000
    3.70955378181818e-002     1.00000000000000e+000
    3.73633756363636e-002     1.00000000000000e+000
    3.76312134545455e-002     1.00000000000000e+000
    3.78990512727273e-002     1.00000000000000e+000
    3.81668890909091e-002     1.00000000000000e+000
    3.84347269090909e-002     1.00000000000000e+000
    3.87025647272727e-002     1.00000000000000e+000
    3.89704025454545e-002     1.00000000000000e+000
    3.92382403636364e-002     1.00000000000000e+000
    3.95060781818182e-002     1.00000000000000e+000
    3.97739160000000e-002     1.00000000000000e+000
    2.23217500000000e+004     19
    0.00000000000000e+000     1.02087621211907e+000
    2.11241750000000e-002     1.01702384905447e+000
    2.45132500000000e-002     1.00931912292527e+000
    2.79519250000000e-002     1.00161439679607e+000
    3.57631500000000e-002     1.00000000000000e+000
    3.72372000000000e-002     1.00000000000000e+000
    3.86120500000000e-002     1.00000000000000e+000
    4.07735250000000e-002     1.00000000000000e+000
    4.10700597272727e-002     1.00000000000000e+000
    4.13665944545454e-002     1.00000000000000e+000
    4.16631291818182e-002     1.00000000000000e+000
    4.19596639090909e-002     1.00000000000000e+000
    4.22561986363636e-002     1.00000000000000e+000
    4.25527333636364e-002     1.00000000000000e+000
    4.28492680909091e-002     1.00000000000000e+000
    4.31458028181818e-002     1.00000000000000e+000
    4.34423375454545e-002     1.00000000000000e+000
    4.37388722727273e-002     1.00000000000000e+000
    4.40354070000000e-002     1.00000000000000e+000
    4.46435000000000e+004     19
    0.00000000000000e+000     1.08350484847630e+000
    2.31684500000000e-002     1.07941615093488e+000
    2.68855000000000e-002     1.07123875585204e+000
    3.06569500000000e-002     1.06306136076920e+000
    3.92241000000000e-002     1.03035178043784e+000
    4.08408000000000e-002     1.01399699027216e+000
    4.23487000000000e-002     1.00581959518932e+000
    4.47193500000000e-002     1.00000000000000e+000
    4.50445816363636e-002     1.00000000000000e+000
    4.53698132727273e-002     1.00000000000000e+000
    4.56950449090909e-002     1.00000000000000e+000
    4.60202765454545e-002     1.00000000000000e+000
    4.63455081818182e-002     1.00000000000000e+000
    4.66707398181818e-002     1.00000000000000e+000
    4.69959714545455e-002     1.00000000000000e+000
    4.73212030909091e-002     1.00000000000000e+000
    4.76464347272727e-002     1.00000000000000e+000
    4.79716663636364e-002     1.00000000000000e+000
    4.82968980000000e-002     1.00000000000000e+000
    6.69652500000000e+004     19
    0.00000000000000e+000     1.18788590907166e+000
    2.52127250000000e-002     1.18340332073555e+000
    2.92577500000000e-002     1.17443814406331e+000
    3.33619750000000e-002     1.16547296739107e+000
    4.26850500000000e-002     1.12961226070211e+000
    4.44444000000000e-002     1.11168190735763e+000
    4.60853500000000e-002     1.10271673068539e+000
    4.86651750000000e-002     1.08478637734092e+000
    4.90191035454545e-002     1.08184940753851e+000
    4.93730320909091e-002     1.07795826119948e+000
    4.97269606363636e-002     1.07311293832381e+000
    5.00808891818182e-002     1.06731343891153e+000
    5.04348177272727e-002     1.06055976296262e+000
    5.07887462727273e-002     1.05285191047708e+000
    5.11426748181818e-002     1.04418988145491e+000
    5.14966033636364e-002     1.03457367589612e+000
    5.18505319090909e-002     1.02400329380071e+000
    5.22044604545455e-002     1.01247873516867e+000
    5.25583890000000e-002     1.00000000000000e+000
    8.92870000000000e+004     19
    0.00000000000000e+000     1.32500000000000e+000
    2.72570000000000e-002     1.32000000000000e+000
    3.16300000000000e-002     1.31000000000000e+000
    3.60670000000000e-002     1.30000000000000e+000
    4.61460000000000e-002     1.26000000000000e+000
    4.80480000000000e-002     1.24000000000000e+000
    4.98220000000000e-002     1.23000000000000e+000
    5.26110000000000e-002     1.21000000000000e+000
    5.29936254545455e-002     1.20577008258536e+000
    5.33762509090909e-002     1.19856796683547e+000
    5.37588763636364e-002     1.18839365275032e+000
    5.41415018181818e-002     1.17524714032993e+000
    5.45241272727273e-002     1.15912842957426e+000
    5.49067527272727e-002     1.14003752048336e+000
    5.52893781818182e-002     1.11797441305720e+000
    5.56720036363636e-002     1.09293910729578e+000
    5.60546290909091e-002     1.06493160319911e+000
    5.64372545454545e-002     1.03395190076718e+000
    5.68198800000000e-002     1.00000000000000e+000
    1.09128000000000e+005     24
    0.00000000000000e+000     1.50500000000000e+000
    2.81440000000000e-002     1.50000000000000e+000
    3.34050000000000e-002     1.49000000000000e+000
    3.70820000000000e-002     1.48500000000000e+000
    4.11380000000000e-002     1.48000000000000e+000
    4.57660000000000e-002     1.47000000000000e+000
    5.36890000000000e-002     1.44000000000000e+000
    5.91410000000000e-002     1.40000000000000e+000
    6.18020000000000e-002     1.38000000000000e+000
    6.43380000000000e-002     1.36000000000000e+000
    6.66830000000000e-002     1.34000000000000e+000
    6.97260000000000e-002     1.31000000000000e+000
    7.39100000000000e-002     1.27000000000000e+000
    7.44475272727273e-002     1.26309688225907e+000
    7.49850545454546e-002     1.25266529715723e+000
    7.55225818181818e-002     1.23870524469449e+000
    7.60601090909091e-002     1.22121672487082e+000
    7.65976363636364e-002     1.20019973768628e+000
    7.71351636363636e-002     1.17565428314083e+000
    7.76726909090909e-002     1.14758036123446e+000
    7.82102181818182e-002     1.11597797196720e+000
    7.87477454545455e-002     1.08084711533905e+000
    7.92852727272727e-002     1.04218779134998e+000
    7.98228000000000e-002     1.00000000000000e+000
    1.28970000000000e+005     25
    0.00000000000000e+000     1.72500000000000e+000
    3.49260000000000e-002     1.72000000000000e+000
    4.10120000000000e-002     1.71500000000000e+000
    4.51320000000000e-002     1.71000000000000e+000
    4.94420000000000e-002     1.70500000000000e+000
    5.41330000000000e-002     1.70000000000000e+000
    6.12540000000000e-002     1.68000000000000e+000
    7.14380000000000e-002     1.62000000000000e+000
    7.63820000000000e-002     1.57000000000000e+000
    7.96140000000000e-002     1.53000000000000e+000
    8.22770000000000e-002     1.50000000000000e+000
    8.45590000000000e-002     1.48000000000000e+000
    8.76020000000000e-002     1.44000000000000e+000
    9.18480000000000e-002     1.38000000000000e+000
    9.25159854545455e-002     1.36827835240168e+000
    9.31839709090909e-002     1.35199194341393e+000
    9.38519563636364e-002     1.33114077303676e+000
    9.45199418181818e-002     1.30572484127014e+000
    9.51879272727273e-002     1.27574414811411e+000
    9.58559127272727e-002     1.24119869356866e+000
    9.65238981818182e-002     1.20208847763379e+000
    9.71918836363636e-002     1.15841350030948e+000
    9.78598690909091e-002     1.11017376159575e+000
    9.85278545454546e-002     1.05736926149258e+000
    9.91958400000000e-002     1.00000000000000e+000
    1.48811000000000e+005     27
    0.00000000000000e+000     2.01500000000000e+000
    4.23420000000000e-002     2.01000000000000e+000
    4.95060000000000e-002     2.00500000000000e+000
    5.41960000000000e-002     2.00000000000000e+000
    5.88870000000000e-002     1.99500000000000e+000
    6.36410000000000e-002     1.99000000000000e+000
    6.90920000000000e-002     1.98500000000000e+000
    7.93890000000000e-002     1.94000000000000e+000
    8.80450000000000e-002     1.87000000000000e+000
    9.07070000000000e-002     1.84000000000000e+000
    9.46380000000000e-002     1.79000000000000e+000
    9.78700000000000e-002     1.74000000000000e+000
    1.00596000000000e-001     1.70000000000000e+000
    1.03068000000000e-001     1.66000000000000e+000
    1.06364000000000e-001     1.61000000000000e+000
    1.11118000000000e-001     1.53000000000000e+000
    1.11926130909091e-001     1.51325694934582e+000
    1.12734261818182e-001     1.49022614518612e+000
    1.13542392727273e-001     1.46090758752089e+000
    1.14350523636364e-001     1.42530127635015e+000
    1.15158654545455e-001     1.38340721167385e+000
    1.15966785454545e-001     1.33522539349204e+000
    1.16774916363636e-001     1.28075582180468e+000
    1.17583047272727e-001     1.21999849661179e+000
    1.18391178181818e-001     1.15295341791338e+000
    1.19199309090909e-001     1.07962058570945e+000
    1.20007440000000e-001     1.00000000000000e+000
    1.68653000000000e+005     24
    0.00000000000000e+000     2.37500000000000e+000
    5.70000000000000e-002     2.37000000000000e+000
    6.70000000000000e-002     2.36000000000000e+000
    7.82560000000000e-002     2.35000000000000e+000
    9.17850000000000e-002     2.32000000000000e+000
    1.03829000000000e-001     2.22000000000000e+000
    1.08266000000000e-001     2.17000000000000e+000
    1.13844000000000e-001     2.08000000000000e+000
    1.17710000000000e-001     2.01000000000000e+000
    1.20563000000000e-001     1.95000000000000e+000
    1.22971000000000e-001     1.90000000000000e+000
    1.26014000000000e-001     1.83000000000000e+000
    1.30134000000000e-001     1.72000000000000e+000
    1.31080429090909e-001     1.69107800690044e+000
    1.32026858181818e-001     1.65484950332988e+000
    1.32973287272727e-001     1.61131448928830e+000
    1.33919716363636e-001     1.56047296477577e+000
    1.34866145454545e-001     1.50232492979220e+000
    1.35812574545455e-001     1.43687038433767e+000
    1.36759003636364e-001     1.36410932841210e+000
    1.37705432727273e-001     1.28404176201559e+000
    1.38651861818182e-001     1.19666768514804e+000
    1.39598290909091e-001     1.10198709780954e+000
    1.40544720000000e-001     1.00000000000000e+000
    1.88494000000000e+005     22
    0.00000000000000e+000     2.78500000000000e+000
    7.80000000000000e-002     2.78000000000000e+000
    9.00000000000000e-002     2.77000000000000e+000
    1.00469000000000e-001     2.76000000000000e+000
    1.15000000000000e-001     2.70000000000000e+000
    1.26648000000000e-001     2.55000000000000e+000
    1.31656000000000e-001     2.43000000000000e+000
    1.35015000000000e-001     2.33000000000000e+000
    1.37424000000000e-001     2.25000000000000e+000
    1.39896000000000e-001     2.14000000000000e+000
    1.42431000000000e-001     1.99000000000000e+000
    1.43466861818182e-001     1.92609672844637e+000
    1.44502723636364e-001     1.85697411120348e+000
    1.45538585454545e-001     1.78263214827131e+000
    1.46574447272727e-001     1.70307083964986e+000
    1.47610309090909e-001     1.61829018533913e+000
    1.48646170909091e-001     1.52829018533913e+000
    1.49682032727273e-001     1.43307083964986e+000
    1.50717894545455e-001     1.33263214827132e+000
    1.51753756363636e-001     1.22697411120348e+000
    1.52789618181818e-001     1.11609672844637e+000
    1.53825480000000e-001     1.00000000000000e+000
    2.08336000000000e+005     18
    0.00000000000000e+000     3.20500000000000e+000
    1.05000000000000e-001     3.20000000000000e+000
    1.22000000000000e-001     3.10000000000000e+000
    1.36600000000000e-001     2.94000000000000e+000
    1.41037000000000e-001     2.79000000000000e+000
    1.44777000000000e-001     2.62000000000000e+000
    1.47630000000000e-001     2.38000000000000e+000
    1.48703672727273e-001     2.28648643011707e+000
    1.49777345454545e-001     2.18658466511979e+000
    1.50851018181818e-001     2.08029470500820e+000
    1.51924690909091e-001     1.96761654978231e+000
    1.52998363636364e-001     1.84855019944209e+000
    1.54072036363636e-001     1.72309565398753e+000
    1.55145709090909e-001     1.59125291341866e+000
    1.56219381818182e-001     1.45302197773549e+000
    1.57293054545455e-001     1.30840284693798e+000
    1.58366727272727e-001     1.15739552102615e+000
    1.59440400000000e-001     1.00000000000000e+000
