# Table format: T1D
# table_unit = degC
# axis1_unit = kJ/kg/K
# axis2_unit = null
# This file was automatically generated by generate_data_files.py
0.1	100
9.683343941067353	-239.9301853782593
9.565391193533731	-239.93214556748674
9.449147179036542	-239.93802613516533
9.335074693337544	-239.9478270812861
9.223460118007173	-239.96154840583887
9.114487337753292	-239.9791901088156
9.008234941458772	-240.0007521902129
8.90468932220874	-240.02623465003305
8.803764158987669	-240.05563748828456
8.705321144378122	-240.08896070498196
8.609188779321997	-240.12620430014502
8.515177711701792	-240.16736827379793
8.423092284746579	-240.21245262596818
8.332738642598535	-240.2614573566855
8.243930028014638	-240.3143824659806
8.156489951291826	-240.37122795388365
8.0702538328931	-240.43199382042292
7.98506960319332	-240.4966800656229
7.90079762310857	-240.56528668950247
7.817310187060884	-240.63781369207234
7.734490789414712	-240.7142610733329
7.652233275895289	-240.79462883327096
7.57044095881753	-240.87891697185654
7.48902574525113	-240.9671254890391
7.407907307122395	-241.0592543847432
7.327012308864462	-241.15530365886377
7.2462736995678805	-241.25527331126045
7.165630071121822	-241.35916334175155
7.085025080544763	-241.46697375010703
7.004406932822331	-241.57870453604076
6.92372791963051	-241.6943556992015
6.842944008948764	-241.81392723916318
6.762014480575644	-241.93741915541352
6.6809016027670065	-242.0648314473416
6.599570340127803	-242.1961641161179
6.51798810564367	-242.33141716350434
6.436124540238169	-242.47059058970524
6.353951307365206	-242.6136843949381
6.2714419161620025	-242.76069857943205
6.188571564678499	-242.91163314342572
6.105317000891024	-243.06648808716474
6.0216563994759476	-243.22526341089844
5.937569252563661	-243.38795911487634
5.8530362729018215	-243.55457519934345
5.76803930804707	-243.72511166453486
5.682561264366308	-243.89956851066964
5.596586039774633	-244.07794573794283
5.510098464261224	-244.26024334651657
5.423084247365601	-244.4464613365097
5.335529931864571	-244.6365997079847
5.247422853012121	-244.8306584609332
5.1587511027543655	-245.02863759525832
5.069503498402942	-245.23053711075409
4.979669555313014	-245.43635700708097
4.889239463164453	-245.6460972837374
4.798204065492209	-245.85975794002596
4.706554842157696	-246.07733897501356
4.61428389449526	-246.2988403874846
4.521383932906153	-246.52426217588592
4.427848266714662	-246.75360433826157
4.333670796139391	-246.98686687217628
4.238846006274928	-247.22404977462492
4.143368963023388	-247.46515304192565
4.047235310964861	-247.71017666959392
3.9504412732088845	-247.95912065219326
3.8529836533325845	-248.21198498315886
3.7548598395824375	-248.46876965458847
3.656067791245823	-248.72947468444517
3.5566060611209225	-248.9941000979582
3.4564738306589726	-249.2626458971236
3.3556709092121593	-249.53511208414147
3.254197755072425	-249.81149866142695
3.152053101686065	-250.09180774463755
3.04924599309492	-250.37603299758936
2.9457718214583974	-250.66418076244145
2.841636382787208	-250.95624892951338
2.736843938730328	-251.25223750236685
2.6313996956780468	-251.55214648476982
2.525309901523108	-251.85597588066528
2.418581964355578	-252.16372569412312
2.3112245977187995	-252.47539592926802
2.203247997901624	-252.79098659017646
2.0946640596637836	-253.11049768073102
1.9854866377064735	-253.43392920441877
1.8757318619285905	-253.76128116405363
1.7654185148043755	-254.09255356139707
1.6545684784303112	-254.42774639664202
1.5432072560090155	-254.76685966771245
1.4313645659936538	-255.10989336931345
1.3190749939467727	-255.456847491644
1.2063786626410504	-255.80772201865142
1.093321837488143	-256.1625169256631
0.9799573103887467	-256.5212321761683
0.8663442833740306	-256.88386771744
0.7525472803917614	-257.250423474568
0.6386333227473502	-257.62089934231346
0.5246661857141776	-257.9952951739663
0.41069091282101683	-258.3736155852478
0.2967420077998586	-258.7558457954003
0.18276545755462667	-259.142
0.2	100
9.68334394106851	-239.9301853782593
9.595041541802273	-239.93214556748674
9.50834155363882	-239.93802613516533
9.423578618525033	-239.9478270812861
9.340948475362554	-239.96154840583887
9.26056484980387	-239.9791901088156
9.18245927018724	-240.0007521902129
9.106592748764385	-240.02623465003305
9.032871966887027	-240.05563748828456
8.961165999886173	-240.08896070498196
8.89132118419142	-240.12620430014502
8.823173036886699	-240.16736827379793
8.75655505955563	-240.21245262596818
8.69130477171255	-240.2614573566855
8.627267522426516	-240.3143824659806
8.564298644236814	-240.37122795388365
8.502264439052468	-240.43199382042292
8.441042382642712	-240.4966800656229
8.380520834440373	-240.56528668950247
8.32059845575139	-240.63781369207234
8.261183474811785	-240.7142610733329
8.202192889791	-240.79462883327096
8.143551667383273	-240.87891697185654
8.085191971669612	-240.9671254890391
8.02705244261085	-241.0592543847432
7.969077533528338	-241.15530365886377
7.9112169106051295	-241.25527331126045
7.8534249135772445	-241.35916334175155
7.795660074566234	-241.46697375010703
7.737884690832991	-241.57870453604076
7.680064446751598	-241.6943556992015
7.622168080213986	-241.81392723916318
7.564167088854698	-241.93741915541352
7.506035471784244	-242.0648314473416
7.447749499381361	-242.1961641161179
7.389287518316967	-242.33141716350434
7.3306297808388825	-242.47059058970524
7.271758289253242	-242.6136843949381
7.212656663637541	-242.76069857943205
7.153310026908877	-242.91163314342572
7.093704905342511	-243.06648808716474
7.033829142875951	-243.22526341089844
6.973671827749138	-243.38795911487634
6.913223230217641	-243.55457519934345
6.852474750245416	-243.72511166453486
6.791418874229381	-243.89956851066964
6.730049139942335	-244.07794573794283
6.6683601089970415	-244.26024334651657
6.606347346241929	-244.4464613365097
6.544007405597224	-244.6365997079847
6.481337821927481	-244.8306584609332
6.418337108636296	-245.02863759525832
6.355004760743921	-245.23053711075409
6.29134126329131	-245.43635700708097
6.227348104990497	-245.6460972837374
6.163027797119633	-245.85975794002596
6.0983838977422815	-246.07733897501356
6.033421041416888	-246.2988403874846
5.968144974650501	-246.52426217588592
5.9025625974518485	-246.75360433826157
5.836682011444802	-246.98686687217628
5.770512575123063	-247.22404977462492
5.704064966959789	-247.46515304192565
5.637351257236591	-247.71017666959392
5.570384989623725	-247.95912065219326
5.503181273737382	-248.21198498315886
5.435756890117031	-248.46876965458847
5.368130382854037	-248.72947468444517
5.300322210235527	-248.9941000979582
5.232354927282311	-249.2626458971236
5.1642533376777084	-249.53511208414147
5.096044691437132	-249.81149866142695
5.027751347685613	-250.09180774463755
4.959428842999519	-250.37603299758936
4.891090560744999	-250.66418076244145
4.822783688782047	-250.95624892951338
4.754551789602235	-251.25223750236685
4.686442799096185	-251.55214648476982
4.618509525481516	-251.85597588066528
4.550810219756187	-252.16372569412312
4.483409227903663	-252.47539592926802
4.416377736373068	-252.79098659017646
4.349794623755495	-253.11049768073102
4.283747433014956	-253.43392920441877
4.2183334799539285	-253.76128116405363
4.153661114694388	-254.09255356139707
4.089851153263881	-254.42774639664202
4.027038495323577	-254.76685966771245
3.9653739402826123	-255.10989336931345
3.9050262053667564	-255.456847491644
3.8461841320095163	-255.80772201865142
3.7890590353084974	-256.1625169256631
3.7338870960459287	-256.5212321761683
3.680931602189112	-256.88386771744
3.6304846979317937	-257.250423474568
3.582868070329023	-257.62089934231346
3.53843167673463	-257.9952951739663
3.4975416216219557	-258.3736155852478
3.4606084624208204	-258.7558457954003
3.4279948529953406	-259.142
0.3	100
9.683343941069667	-239.9301853782593
9.62469189007082	-239.93214556748674
9.567535928241096	-239.93802613516533
9.51208254371252	-239.9478270812861
9.458436832717933	-239.96154840583887
9.406642361854445	-239.9791901088156
9.356683598915705	-240.0007521902129
9.30849617532003	-240.02623465003305
9.261979774786386	-240.05563748828456
9.217010855394225	-240.08896070498196
9.173453589060847	-240.12620430014502
9.131168362071609	-240.16736827379793
9.090017834364682	-240.21245262596818
9.049870900826567	-240.2614573566855
9.010605016838396	-240.3143824659806
8.972107337181802	-240.37122795388365
8.934275045211836	-240.43199382042292
8.897015162092105	-240.4966800656229
8.860244045772175	-240.56528668950247
8.8238867244419	-240.63781369207234
8.787876160208857	-240.7142610733329
8.75215250368671	-240.79462883327096
8.716662375949012	-240.87891697185654
8.681358198088091	-240.9671254890391
8.646197578099304	-241.0592543847432
8.611142758192214	-241.15530365886377
8.57616012164238	-241.25527331126045
8.541219756032666	-241.35916334175155
8.506295068587704	-241.46697375010703
8.47136244884365	-241.57870453604076
8.436400973872686	-241.6943556992015
8.401392151479206	-241.81392723916318
8.36631969713375	-241.93741915541352
8.33116934080148	-242.0648314473416
8.295928658634919	-242.1961641161179
8.260586930990263	-242.33141716350434
8.225135021439597	-242.47059058970524
8.18956527114128	-242.6136843949381
8.153871411113078	-242.76069857943205
8.118048489139253	-242.91163314342572
8.082092809793998	-243.06648808716474
8.046001886275958	-243.22526341089844
8.009774402934614	-243.38795911487634
7.973410187533458	-243.55457519934345
7.936910192443762	-243.72511166453486
7.900276484092454	-243.89956851066964
7.863512240110038	-244.07794573794283
7.826621753732859	-244.26024334651657
7.789610445118255	-244.4464613365097
7.752484879329877	-244.6365997079847
7.7152527908428405	-244.8306584609332
7.677923114518228	-245.02863759525832
7.640506023084902	-245.23053711075409
7.603012971269607	-245.43635700708097
7.565456746816542	-245.6460972837374
7.527851528747055	-245.85975794002596
7.490212953326865	-246.07733897501356
7.452558188338517	-246.2988403874846
7.414906016394853	-246.52426217588592
7.377276928189035	-246.75360433826157
7.339693226750213	-246.98686687217628
7.3021791439711965	-247.22404977462492
7.264760970896193	-247.46515304192565
7.22746720350832	-247.71017666959392
7.190328706038567	-247.95912065219326
7.15337889414218	-248.21198498315886
7.1166539406516245	-248.46876965458847
7.080192974462251	-248.72947468444517
7.044038359350129	-248.9941000979582
7.008236023905649	-249.2626458971236
6.972835766143256	-249.53511208414147
6.937891627801837	-249.81149866142695
6.90344959368516	-250.09180774463755
6.869611692904117	-250.37603299758936
6.8364093000316	-250.66418076244145
6.803930994776887	-250.95624892951338
6.772259640474142	-251.25223750236685
6.741485902514323	-251.55214648476982
6.711709149439923	-251.85597588066528
6.683038475156796	-252.16372569412312
6.655593858088525	-252.47539592926802
6.629507474844511	-252.79098659017646
6.604925187847203	-253.11049768073102
6.582008228323438	-253.43392920441877
6.560935097979265	-253.76128116405363
6.541903714584399	-254.09255356139707
6.52513382809745	-254.42774639664202
6.510869734638133	-254.76685966771245
6.499383314571568	-255.10989336931345
6.490977416786741	-255.456847491644
6.485989601377985	-255.80772201865142
6.484796233128849	-256.1625169256631
6.487816881703107	-256.5212321761683
6.4955189210041935	-256.88386771744
6.508422115471825	-257.250423474568
6.527102817910698	-257.62089934231346
6.552197167755083	-257.9952951739663
6.584392330422892	-258.3736155852478
6.624474917041783	-258.7558457954003
6.673224248436054	-259.142
0.4	100
9.683343941070824	-239.9301853782593
9.654342238339362	-239.93214556748674
9.626730302843374	-239.93802613516533
9.600586468900007	-239.9478270812861
9.575925190073313	-239.96154840583887
9.552719873905023	-239.9791901088156
9.53090792764417	-240.0007521902129
9.510399601875674	-240.02623465003305
9.491087582685749	-240.05563748828456
9.472855710902277	-240.08896070498196
9.45558599393027	-240.12620430014502
9.439163687256514	-240.16736827379793
9.423480609173733	-240.21245262596818
9.408437029940586	-240.2614573566855
9.393942511250275	-240.3143824659806
9.379916030126791	-240.37122795388365
9.366285651371207	-240.43199382042292
9.352987941541496	-240.4966800656229
9.339967257103977	-240.56528668950247
9.32717499313241	-240.63781369207234
9.314568845605933	-240.7142610733329
9.302112117582423	-240.79462883327096
9.289773084514753	-240.87891697185654
9.277524424506574	-240.9671254890391
9.265342713587762	-241.0592543847432
9.253207982856091	-241.15530365886377
9.241103332679629	-241.25527331126045
9.22901459848809	-241.35916334175155
9.216930062609176	-241.46697375010703
9.204840206854309	-241.57870453604076
9.192737500993776	-241.6943556992015
9.180616222744428	-241.81392723916318
9.168472305412804	-241.93741915541352
9.156303209818716	-242.0648314473416
9.144107817888479	-242.1961641161179
9.131886343663558	-242.33141716350434
9.119640262040312	-242.47059058970524
9.107372253029318	-242.6136843949381
9.095086158588614	-242.76069857943205
9.08278695136963	-242.91163314342572
9.070480714245486	-243.06648808716474
9.058174629675959	-243.22526341089844
9.045876978120093	-243.38795911487634
9.033597144849278	-243.55457519934345
9.021345634642108	-243.72511166453486
9.009134093955527	-243.89956851066964
8.996975340277743	-244.07794573794283
8.984883398468675	-244.26024334651657
8.972873543994583	-244.4464613365097
8.96096235306253	-244.6365997079847
8.9491677597582	-244.8306584609332
8.937509120400158	-245.02863759525832
8.926007285425882	-245.23053711075409
8.914684679247904	-245.43635700708097
8.903565388642587	-245.6460972837374
8.892675260374478	-245.85975794002596
8.88204200891145	-246.07733897501356
8.871695335260148	-246.2988403874846
8.8616670581392	-246.52426217588592
8.85199125892622	-246.75360433826157
8.842704442055624	-246.98686687217628
8.83384571281933	-247.22404977462492
8.825456974832594	-247.46515304192565
8.817583149780052	-247.71017666959392
8.810272422453409	-247.95912065219326
8.803576514546975	-248.21198498315886
8.797550991186217	-248.46876965458847
8.792255566070466	-248.72947468444517
8.787754508464733	-248.9941000979582
8.784117120528988	-249.2626458971236
8.781418194608804	-249.53511208414147
8.779738564166543	-249.81149866142695
8.779147839684708	-250.09180774463755
8.779794542808718	-250.37603299758936
8.781728039318201	-250.66418076244145
8.785078300771726	-250.95624892951338
8.789967491346047	-251.25223750236685
8.796529005932458	-251.55214648476982
8.804908773398326	-251.85597588066528
8.815266730557406	-252.16372569412312
8.82777848827339	-252.47539592926802
8.842637213315955	-252.79098659017646
8.860055751938917	-253.11049768073102
8.880269023631921	-253.43392920441877
8.903536716004604	-253.76128116405363
8.930146314474413	-254.09255356139707
8.96041650293102	-254.42774639664202
8.994700973952696	-254.76685966771245
9.033392688860525	-255.10989336931345
9.076928628206723	-255.456847491644
9.12579507074645	-255.80772201865142
9.180533430949202	-256.1625169256631
9.241746667360289	-256.5212321761683
9.310106239819271	-256.88386771744
9.386359533011857	-257.250423474568
9.47133756549237	-257.62089934231346
9.565962658775536	-257.9952951739663
9.67124303922383	-258.3736155852478
9.788341371662746	-258.7558457954003
9.91845364387677	-259.142
0.5	100
9.68334394107198	-239.9301853782593
9.683992586607909	-239.93214556748674
9.685924677445652	-239.93802613516533
9.689090394087495	-239.9478270812861
9.693413547428692	-239.96154840583887
9.698797385955597	-239.9791901088156
9.70513225637264	-240.0007521902129
9.71230302843132	-240.02623465003305
9.720195390585108	-240.05563748828456
9.728700566410327	-240.08896070498196
9.737718398799696	-240.12620430014502
9.747159012441422	-240.16736827379793
9.756943383982787	-240.21245262596818
9.767003159054603	-240.2614573566855
9.777280005662153	-240.3143824659806
9.78772472307178	-240.37122795388365
9.798296257530575	-240.43199382042292
9.80896072099089	-240.4966800656229
9.81969046843578	-240.56528668950247
9.830463261822915	-240.63781369207234
9.841261531003004	-240.7142610733329
9.852071731478132	-240.79462883327096
9.862883793080496	-240.87891697185654
9.873690650925056	-240.9671254890391
9.884487849076217	-241.0592543847432
9.895273207519967	-241.15530365886377
9.90604654371688	-241.25527331126045
9.916809440943512	-241.35916334175155
9.927565056630648	-241.46697375010703
9.938317964864968	-241.57870453604076
9.949074028114863	-241.6943556992015
9.95984029400965	-241.81392723916318
9.970624913691859	-241.93741915541352
9.981437078835953	-242.0648314473416
9.992286977142037	-242.1961641161179
10.003185756336855	-242.33141716350434
10.014145502641023	-242.47059058970524
10.025179234917355	-242.6136843949381
10.03630090606415	-242.76069857943205
10.047525413600008	-242.91163314342572
10.058868618696973	-243.06648808716474
10.070347373075965	-243.22526341089844
10.081979553305569	-243.38795911487634
10.093784102165097	-243.55457519934345
10.105781076840454	-243.72511166453486
10.1179917038186	-243.89956851066964
10.130438440445444	-244.07794573794283
10.143145043204491	-244.26024334651657
10.156136642870912	-244.4464613365097
10.169439826795184	-244.6365997079847
10.18308272867356	-244.8306584609332
10.19709512628209	-245.02863759525832
10.21150854776686	-245.23053711075409
10.226356387226199	-245.43635700708097
10.24167403046863	-245.6460972837374
10.2574989920019	-245.85975794002596
10.273871064496033	-246.07733897501356
10.290832482181774	-246.2988403874846
10.30842809988355	-246.52426217588592
10.326705589663408	-246.75360433826157
10.345715657361032	-246.98686687217628
10.365512281667465	-247.22404977462492
10.386152978768997	-247.46515304192565
10.407699096051779	-247.71017666959392
10.430216138868252	-247.95912065219326
10.453774134951772	-248.21198498315886
10.478448041720812	-248.46876965458847
10.50431815767868	-248.72947468444517
10.531470657579337	-248.9941000979582
10.559998217152327	-249.2626458971236
10.590000623074353	-249.53511208414147
10.621585500531248	-249.81149866142695
10.654846085684252	-250.09180774463755
10.689977392713317	-250.37603299758936
10.727046778604802	-250.66418076244145
10.766225606766566	-250.95624892951338
10.807675342217957	-251.25223750236685
10.851572109350597	-251.55214648476982
10.898108397356733	-251.85597588066528
10.947494985958016	-252.16372569412312
10.999963118458252	-252.47539592926802
11.055766951787401	-252.79098659017646
11.115186316030623	-253.11049768073102
11.178529818940405	-253.43392920441877
11.246138334029938	-253.76128116405363
11.318388914364425	-254.09255356139707
11.395699177764591	-254.42774639664202
11.478532213267258	-254.76685966771245
11.567402063149485	-255.10989336931345
11.662879839626706	-255.456847491644
11.765600540114917	-255.80772201865142
11.876270628769555	-256.1625169256631
11.99567645301747	-256.5212321761683
12.124693558634352	-256.88386771744
12.26429695055189	-257.250423474568
12.41557231307404	-257.62089934231346
12.579728149795987	-257.9952951739663
12.75809374802477	-258.3736155852478
12.952207826283708	-258.7558457954003
13.163683039317482	-259.142
0.6	100
9.683343941073137	-239.9301853782593
9.713642934876454	-239.93214556748674
9.745119052047931	-239.93802613516533
9.777594319274984	-239.9478270812861
9.810901904784073	-239.96154840583887
9.844874898006173	-239.9791901088156
9.879356585101105	-240.0007521902129
9.914206454986966	-240.02623465003305
9.949303198484467	-240.05563748828456
9.984545421918378	-240.08896070498196
10.01985080366912	-240.12620430014502
10.05515433762633	-240.16736827379793
10.090406158791836	-240.21245262596818
10.125569288168618	-240.2614573566855
10.160617500074034	-240.3143824659806
10.195533416016767	-240.37122795388365
10.230306863689945	-240.43199382042292
10.26493350044028	-240.4966800656229
10.29941367976758	-240.56528668950247
10.333751530513425	-240.63781369207234
10.367954216400078	-240.7142610733329
10.402031345373844	-240.79462883327096
10.435994501646237	-240.87891697185654
10.469856877343537	-240.9671254890391
10.50363298456467	-241.0592543847432
10.537338432183844	-241.15530365886377
10.570989754754127	-241.25527331126045
10.604604283398933	-241.35916334175155
10.63820005065212	-241.46697375010703
10.671795722875627	-241.57870453604076
10.705410555235952	-241.6943556992015
10.739064365274869	-241.81392723916318
10.772777521970912	-241.93741915541352
10.80657094785319	-242.0648314473416
10.840466136395595	-242.1961641161179
10.87448516901015	-242.33141716350434
10.908650743241738	-242.47059058970524
10.942986216805396	-242.6136843949381
10.977515653539687	-242.76069857943205
11.012263875830385	-242.91163314342572
11.04725652314846	-243.06648808716474
11.08252011647597	-243.22526341089844
11.118082128491045	-243.38795911487634
11.153971059480916	-243.55457519934345
11.1902165190388	-243.72511166453486
11.226849313681672	-243.89956851066964
11.263901540613146	-244.07794573794283
11.301406687940307	-244.26024334651657
11.339399741747238	-244.4464613365097
11.377917300527837	-244.6365997079847
11.41699769758892	-244.8306584609332
11.45668113216402	-245.02863759525832
11.49700981010784	-245.23053711075409
11.538028095204494	-245.43635700708097
11.579782672294677	-245.6460972837374
11.622322723629324	-245.85975794002596
11.665700120080617	-246.07733897501356
11.709969629103398	-246.2988403874846
11.7551891416279	-246.52426217588592
11.801419920400594	-246.75360433826157
11.848726872666443	-246.98686687217628
11.897178850515601	-247.22404977462492
11.9468489827054	-247.46515304192565
11.99781504232351	-247.71017666959392
12.05015985528309	-247.95912065219326
12.10397175535657	-248.21198498315886
12.159345092255403	-248.46876965458847
12.216380749286895	-248.72947468444517
12.275186806693942	-248.9941000979582
12.335879313775662	-249.2626458971236
12.398583051539903	-249.53511208414147
12.463432436895953	-249.81149866142695
12.5305443316838	-250.09180774463755
12.600160242617916	-250.37603299758936
12.672365517891405	-250.66418076244145
12.747372912761405	-250.95624892951338
12.82538319308986	-251.25223750236685
12.906615212768731	-251.55214648476982
12.991308021315142	-251.85597588066528
13.079723241358627	-252.16372569412312
13.172147748643114	-252.47539592926802
13.268896690258844	-252.79098659017646
13.370316880122337	-253.11049768073102
13.476790614248884	-253.43392920441877
13.588739952055278	-253.76128116405363
13.706631514254434	-254.09255356139707
13.830981852598153	-254.42774639664202
13.962363452581815	-254.76685966771245
14.101411437438442	-255.10989336931345
14.248831051046691	-255.456847491644
14.405406009483384	-255.80772201865142
14.572007826589909	-256.1625169256631
14.749606238674653	-256.5212321761683
14.93928087744943	-256.88386771744
15.142234368091922	-257.250423474568
15.359807060655715	-257.62089934231346
15.593493640816442	-257.9952951739663
15.8449444568257	-258.3736155852478
16.11607428090467	-258.7558457954003
16.408912434758196	-259.142
0.7	100
9.683343941074295	-239.9301853782593
9.743293283144999	-239.93214556748674
9.804313426650207	-239.93802613516533
9.866098244462473	-239.9478270812861
9.928390262139452	-239.96154840583887
9.99095241005675	-239.9791901088156
10.053580913829572	-240.0007521902129
10.11610988154261	-240.02623465003305
10.178411006383827	-240.05563748828456
10.240390277426432	-240.08896070498196
10.301983208538546	-240.12620430014502
10.363149662811239	-240.16736827379793
10.42386893360089	-240.21245262596818
10.484135417282634	-240.2614573566855
10.54395499448591	-240.3143824659806
10.603342108961755	-240.37122795388365
10.662317469849313	-240.43199382042292
10.720906279889672	-240.4966800656229
10.779136891099384	-240.56528668950247
10.837039799203932	-240.63781369207234
10.894646901797152	-240.7142610733329
10.951990959269555	-240.79462883327096
11.00910521021198	-240.87891697185654
11.066023103762022	-240.9671254890391
11.122778120053125	-241.0592543847432
11.179403656847718	-241.15530365886377
11.235932965791378	-241.25527331126045
11.292399125854354	-241.35916334175155
11.348835044673592	-241.46697375010703
11.405273480886288	-241.57870453604076
11.461747082357043	-241.6943556992015
11.51828843654009	-241.81392723916318
11.574930130249967	-241.93741915541352
11.631704816870425	-242.0648314473416
11.688645295649156	-242.1961641161179
11.745784581683445	-242.33141716350434
11.803155983842453	-242.47059058970524
11.86079319869343	-242.6136843949381
11.918730401015225	-242.76069857943205
11.977002338060762	-242.91163314342572
12.035644427599948	-243.06648808716474
12.094692859875975	-243.22526341089844
12.154184703676526	-243.38795911487634
12.214158016796734	-243.55457519934345
12.274651961237145	-243.72511166453486
12.335706923544743	-243.89956851066964
12.397364640780848	-244.07794573794283
12.459668332676124	-244.26024334651657
12.522662840623566	-244.4464613365097
12.58639477426049	-244.6365997079847
12.650912666504283	-244.8306584609332
12.71626713804595	-245.02863759525832
12.782511072448818	-245.23053711075409
12.84969980318279	-245.43635700708097
12.917891314120718	-245.6460972837374
12.987146455256745	-245.85975794002596
13.0575291756652	-246.07733897501356
13.12910677602503	-246.2988403874846
13.201950183372247	-246.52426217588592
13.276134251137782	-246.75360433826157
13.351738087971857	-246.98686687217628
13.428845419363736	-247.22404977462492
13.507544986641802	-247.46515304192565
13.58793098859524	-247.71017666959392
13.670103571697931	-247.95912065219326
13.754169375761368	-248.21198498315886
13.840242142789995	-248.46876965458847
13.928443340895111	-248.72947468444517
14.01890295580854	-248.9941000979582
14.111760410399004	-249.2626458971236
14.207165480005452	-249.53511208414147
14.305279373260655	-249.81149866142695
14.406242577683349	-250.09180774463755
14.510343092522515	-250.37603299758936
14.617684257178007	-250.66418076244145
14.728520218756247	-250.95624892951338
14.843091043961769	-251.25223750236685
14.961658316186872	-251.55214648476982
15.084507645273547	-251.85597588066528
15.211951496759232	-252.16372569412312
15.344332378827982	-252.47539592926802
15.482026428730288	-252.79098659017646
15.625447444214045	-253.11049768073102
15.775051409557365	-253.43392920441877
15.931341570080615	-253.76128116405363
16.09487411414445	-254.09255356139707
16.266264527431726	-254.42774639664202
16.446194691896377	-254.76685966771245
16.6354208117274	-255.10989336931345
16.834782262466675	-255.456847491644
17.045211478851844	-255.80772201865142
17.26774502441026	-256.1625169256631
17.50353602433183	-256.5212321761683
17.753868196264513	-256.88386771744
18.020171785631952	-257.250423474568
18.304041808237386	-257.62089934231346
18.607259131836894	-257.9952951739663
18.931795165626646	-258.3736155852478
19.279940735525628	-258.7558457954003
19.6541418301989	-259.142
0.8	100
9.683343941075451	-239.9301853782593
9.772943631413542	-239.93214556748674
9.863507801252487	-239.93802613516533
9.954602169649958	-239.9478270812861
10.045878619494834	-239.96154840583887
10.137029922107326	-239.9791901088156
10.22780524255804	-240.0007521902129
10.318013308098253	-240.02623465003305
10.407518814283186	-240.05563748828456
10.496235132934482	-240.08896070498196
10.58411561340797	-240.12620430014502
10.671144987996145	-240.16736827379793
10.757331708409943	-240.21245262596818
10.842701546396649	-240.2614573566855
10.927292488897791	-240.3143824659806
11.011150801906744	-240.37122795388365
11.094328076008683	-240.43199382042292
11.176879059339065	-240.4966800656229
11.25886010243119	-240.56528668950247
11.34032806789444	-240.63781369207234
11.421339587194225	-240.7142610733329
11.501950573165265	-240.79462883327096
11.58221591877772	-240.87891697185654
11.662189330180503	-240.9671254890391
11.74192325554158	-241.0592543847432
11.821468881511596	-241.15530365886377
11.900876176828627	-241.25527331126045
11.980193968309779	-241.35916334175155
12.059470038695064	-241.46697375010703
12.138751238896946	-241.57870453604076
12.218083609478134	-241.6943556992015
12.297512507805312	-241.81392723916318
12.37708273852902	-241.93741915541352
12.456838685887663	-242.0648314473416
12.536824454902712	-242.1961641161179
12.617083994356744	-242.33141716350434
12.697661224443168	-242.47059058970524
12.778600180581469	-242.6136843949381
12.859945148490763	-242.76069857943205
12.94174080029114	-242.91163314342572
13.024032332051439	-243.06648808716474
13.10686560327598	-243.22526341089844
13.190287278862002	-243.38795911487634
13.274344974112555	-243.55457519934345
13.359087403435492	-243.72511166453486
13.444564533407819	-243.89956851066964
13.530827740948553	-244.07794573794283
13.617929977411942	-244.26024334651657
13.705925939499895	-244.4464613365097
13.794872247993146	-244.6365997079847
13.884827635419638	-244.8306584609332
13.975853143927884	-245.02863759525832
14.0680123347898	-245.23053711075409
14.16137151116109	-245.43635700708097
14.255999955946761	-245.6460972837374
14.351970186884168	-245.85975794002596
14.449358231249787	-246.07733897501356
14.548243922946662	-246.2988403874846
14.648711225116596	-246.52426217588592
14.750848581874973	-246.75360433826157
14.854749303277265	-246.98686687217628
14.960511988211875	-247.22404977462492
15.068240990578204	-247.46515304192565
15.178046934866973	-247.71017666959392
15.290047288112778	-247.95912065219326
15.404366996166166	-248.21198498315886
15.521139193324593	-248.46876965458847
15.640505932503324	-248.72947468444517
15.76261910492315	-248.9941000979582
15.887641507022341	-249.2626458971236
16.015747908471003	-249.53511208414147
16.147126309625367	-249.81149866142695
16.2819408236829	-250.09180774463755
16.42052594242712	-250.37603299758936
16.56300299646461	-250.66418076244145
16.70966752475108	-250.95624892951338
16.860798894833678	-251.25223750236685
17.016701419605013	-251.55214648476982
17.177707269231952	-251.85597588066528
17.344179752159842	-252.16372569412312
17.516517009012844	-252.47539592926802
17.69515616720173	-252.79098659017646
17.880578008305754	-253.11049768073102
18.073312204865854	-253.43392920441877
18.273943188105953	-253.76128116405363
18.483116714034466	-254.09255356139707
18.701547202265296	-254.42774639664202
18.93002593121094	-254.76685966771245
19.169430186016356	-255.10989336931345
19.420733473886656	-255.456847491644
19.685016948220316	-255.80772201865142
19.963482222230613	-256.1625169256631
20.257465809989014	-256.5212321761683
20.5684555150796	-256.88386771744
20.89810920317199	-257.250423474568
21.248276555819068	-257.62089934231346
21.621024622857338	-257.9952951739663
22.018645874427587	-258.3736155852478
22.443807190146597	-258.7558457954003
22.899371225639623	-259.142
0.9	100
9.683343941076608	-239.9301853782593
9.802593979682088	-239.93214556748674
9.922702175854765	-239.93802613516533
10.043106094837446	-239.9478270812861
10.163366976850211	-239.96154840583887
10.2831074341579	-239.9791901088156
10.402029571286503	-240.0007521902129
10.519916734653899	-240.02623465003305
10.636626622182547	-240.05563748828456
10.752079988442535	-240.08896070498196
10.866248018277396	-240.12620430014502
10.979140313181052	-240.16736827379793
11.090794483218996	-240.21245262596818
11.201267675510666	-240.2614573566855
11.310629983309667	-240.3143824659806
11.418959494851734	-240.37122795388365
11.526338682168053	-240.43199382042292
11.632851838788456	-240.4966800656229
11.73858331376299	-240.56528668950247
11.84361633658495	-240.63781369207234
11.948032272591297	-240.7142610733329
12.051910187060976	-240.79462883327096
12.155326627343463	-240.87891697185654
12.258355556598985	-240.9671254890391
12.361068391030035	-241.0592543847432
12.46353410617547	-241.15530365886377
12.565819387865874	-241.25527331126045
12.6679888107652	-241.35916334175155
12.770105032716534	-241.46697375010703
12.872228996907607	-241.57870453604076
12.974420136599221	-241.6943556992015
13.076736579070534	-241.81392723916318
13.179235346808074	-241.93741915541352
13.281972554904899	-242.0648314473416
13.385003614156272	-242.1961641161179
13.488383407030039	-242.33141716350434
13.59216646504388	-242.47059058970524
13.696407162469507	-242.6136843949381
13.801159895966299	-242.76069857943205
13.906479262521517	-242.91163314342572
14.012420236502924	-243.06648808716474
14.119038346675987	-243.22526341089844
14.226389854047477	-243.38795911487634
14.33453193142837	-243.55457519934345
14.443522845633836	-243.72511166453486
14.553422143270895	-243.89956851066964
14.664290841116255	-244.07794573794283
14.776191622147756	-244.26024334651657
14.88918903837622	-244.4464613365097
15.003349721725797	-244.6365997079847
15.118742604335003	-244.8306584609332
15.235439149809816	-245.02863759525832
15.353513597130782	-245.23053711075409
15.473043219139383	-245.43635700708097
15.59410859777281	-245.6460972837374
15.716793918511591	-245.85975794002596
15.841187286834371	-246.07733897501356
15.967381069868287	-246.2988403874846
16.09547226686095	-246.52426217588592
16.225562912612155	-246.75360433826157
16.357760518582673	-246.98686687217628
16.492178557060004	-247.22404977462492
16.628936994514607	-247.46515304192565
16.768162881138704	-247.71017666959392
16.90999100452762	-247.95912065219326
17.054564616570964	-248.21198498315886
17.20203624385918	-248.46876965458847
17.352568524111536	-248.72947468444517
17.50633525403775	-248.9941000979582
17.66352260364568	-249.2626458971236
17.82433033693655	-249.53511208414147
17.98897324599007	-249.81149866142695
18.15763906968244	-250.09180774463755
18.33070879233172	-250.37603299758936
18.50832173575121	-250.66418076244145
18.69081483074592	-250.95624892951338
18.878506745705586	-251.25223750236685
19.071744523023145	-251.55214648476982
19.27090689319036	-251.85597588066528
19.47640800756045	-252.16372569412312
19.688701639197713	-252.47539592926802
19.908285905673175	-252.79098659017646
20.135708572397473	-253.11049768073102
20.371573000174333	-253.43392920441877
20.61654480613129	-253.76128116405363
20.871359313924476	-254.09255356139707
21.13682987709886	-254.42774639664202
21.41385717052549	-254.76685966771245
21.703439560305313	-255.10989336931345
22.006684685306638	-255.456847491644
22.324822417588788	-255.80772201865142
22.659219420050977	-256.1625169256631
23.011395595646196	-256.5212321761683
23.383042833894677	-256.88386771744
23.77604662071202	-257.250423474568
24.192511303400735	-257.62089934231346
24.634790113877784	-257.9952951739663
25.105496583228526	-258.3736155852478
25.607673644767555	-258.7558457954003
26.14460062108034	-259.142
