# Table format: T1D
# table_unit = barA
# axis1_unit = m**3/kg
# axis2_unit = degC
# This file was automatically generated by generate_data_files.py
-255	119
0.013133778121635678	30.000000000000025
0.013179200788180719	27.003718834075066
0.01322126046595494	24.306694362326
0.013260124809041793	21.879038011534984
0.01329596538423251	19.69384636078437
0.013328955484596417	17.726902996269775
0.01335926815788067	15.956410143673047
0.013387074469593682	14.362747104031026
0.013412542010151695	12.928252816072648
0.013435833646312376	11.637030135368827
0.013457106509511754	10.474769661305267
0.013476511207750645	9.428591159519565
0.013494191243323328	8.48690082243708
0.013510282615824943	7.63926278605904
0.013524913588341297	6.876283479145037
0.013538204594300655	6.1895075231409304
0.013550268262927354	5.571324029209675
0.013561209542361249	5.0148822539434725
0.013571125901094704	4.514015679049402
0.013580107590255415	4.063173673655214
0.013588237951281565	3.6573599819133795
0.013595593755585899	3.292077354219557
0.013602245564796197	2.9632777084456867
0.013608258102035144	2.667317268871651
0.013613690626421522	2.4009161856627714
0.01361859730451698	2.1611221873939135
0.013623027573798697	1.9452778638155497
0.013627026494410919	1.7509912162875076
0.013630635086446206	1.5761091495187647
0.01363389065084236	1.418693610847265
0.013636827072671031	1.277000112633941
0.013639475106152179	1.14945839975497
0.013641862641176297	1.0346550479483037
0.013644014951465156	0.9313178001684141
0.013645954924769001	0.838301467363905
0.013647703275697896	0.7545752374295809
0.013649278741925876	0.6792112516901274
0.013650698264604109	0.6113743223193471
0.013651977153877396	0.5503126767428275
0.013653129240428608	0.49534962645301805
0.013653232097208843	0.4904448766089029
0.015386005194334893	0.4904448766089029
0.017338689780897778	0.4904448766089029
0.019539195491036266	0.4904448766089029
0.02201897405521052	0.4904448766089029
0.024813468838389755	0.4904448766089029
0.027962621430494834	0.4904448766089029
0.031511442529770464	0.4904448766089029
0.03551065527869769	0.4904448766089029
0.04001742024761841	0.4904448766089029
0.04509615242823052	0.4904448766089029
0.05081944191420564	0.4904448766089029
0.057269091428176634	0.4904448766089029
0.06453728552442166	0.4904448766089029
0.07272790817860789	0.4904448766089029
0.081958027596845	0.4904448766089029
0.09235956946636031	0.4904448766089029
0.1040812025634913	0.4904448766089029
0.11729046366990831	0.4904448766089029
0.13217615216839987	0.4904448766089029
0.14895102854407244	0.4904448766089029
0.16785485536052183	0.4904448766089029
0.18915782417551455	0.4904448766089029
0.21316441737693237	0.4904448766089029
0.24021776013602958	0.4904448766089029
0.27070452468027884	0.4904448766089029
0.305060456982358	0.4904448766089029
0.3437766048580009	0.4904448766089029
0.3874063364906343	0.4904448766089029
0.4365732496982672	0.4904448766089029
0.4919800849894292	0.4904448766089029
0.5544187698020712	0.4904448766089029
0.624781737487294	0.4904448766089029
0.7040746828196286	0.4904448766089029
0.7934309363478189	0.4904448766089029
0.8941276630380574	0.4904448766089029
1.007604116736173	0.4904448766089029
1.1354822113589709	0.4904448766089029
1.2795897028378749	0.4904448766089029
1.457495888301529	0.4855407229588987
1.5332192180786595	0.46293014631716206
1.6125946551100199	0.44137249510865456
1.6958037507347	0.42081873688340843
1.7830366505860897	0.40122212252612716
1.8744925442914475	0.382538079926254
1.9703801330840889	0.36472411259958853
2.070918116852974	0.3477397030308767
2.176335702109347	0.33154622051752647
2.286873132327442	0.31610683330484163
2.402782242111548	0.30138642481292444
2.524327036651618	0.28735151376471463
2.65178429795175	0.2739701780334867
2.7854442193480575	0.26121198203660684
2.925611069873712	0.24904790751040368
3.0726038900779087	0.23745028750870384
3.2267572209616575	0.22639274347491034
3.388421867755838	0.21585012524450128
3.5579657003358793	0.20579845384147794
3.7357744921418954	0.19621486693866005
3.9222527995535614	0.18707756685777654
4.1178248837549685	0.1783657709910776
4.322935677216155	0.17005966453170734
4.538051797015464	0.1621403554053178
4.7636626073295405	0.15458983130042062
5.000281333526756	0.14739091869974227
5.248446230414522	0.14052724381939968
5.508721807312038	0.13398319536705286
5.781700112747147	0.12774388903433156
6.068002081710295	0.12179513364277042
6.368278948539241	0.11612339886625501
6.683213728656283	0.11071578445656403
7.013522772535542	0.10555999090200971
7.359957395440829	0.10064429145244376
7.723305586646712	0.09595750544699598
8.104393802035084	0.0914889728838832
8.504088844148791	0.08722853017444662
8.923299833982236	0.0831664870262713
9.362980278997192	0.07929360440280764
9.824130242070206	0.07560107350936701
-250	119
0.013984323550594884	30.000000000000025
0.014031161444336322	28.03442893481838
0.01407620583725567	26.197640190046098
0.014119480712522553	24.481196072259625
0.014161013125795116	22.8772117175706
0.014200833010534262	21.378318870767565
0.014238972969673011	19.977632037613986
0.014275468055826471	18.668716854814697
0.014310355542371145	17.445560532351614
0.014343674687818967	16.30254423240947
0.014375466495959414	15.234417258007209
0.014405773474241044	14.236272932765809
0.014434639392812754	13.303526061010041
0.014462109046547458	12.431891864663001
0.014488228022230414	11.617366300174735
0.014513042472918534	10.856207665066744
0.014536598901269017	10.144919409598154
0.014558943953406614	9.48023407459463
0.014580124224652704	8.859098281655555
0.01460018607818609	8.278658706788152
0.01461917547745129	7.7362489730355914
0.014637137832879635	7.229377401887607
0.01465411786325246	6.755715567206663
0.014670159471811758	6.313087599090045
0.014685305637021459	5.899460188532442
0.014699598317702518	5.51293324697343
0.014713078372106881	5.1517311778224775
0.014725785490364691	4.814194719865077
0.014737758139629731	4.498773325081185
0.014749033521166183	4.204018035861499
0.01475964753855634	3.9285748289017963
0.014769634776169821	3.671178395198793
0.014779028487012605	3.4306463275747032
0.014787860589068468	3.20587368902962
0.014796161669255367	2.995827936970168
0.014803960994139633	2.7995441799977887
0.014811286526582403	2.6161207454677498
0.014818164947530793	2.444715037457322
0.014824621682211566	2.2845396661159745
0.014830680930032744	2.1348588306167318
0.014831537204241577	2.1137557731598338
0.016121466934060538	2.1137222639613826
0.01752358454332565	2.1137222639613826
0.01904764724594068	2.1137222639613826
0.02070426086105647	2.1137222639613826
0.022504953618039603	2.1137222639613826
0.02446225638041301	2.1137222639613826
0.026589789847040055	2.1137222639613826
0.028902359337377604	2.1137222639613826
0.0314160578204001	2.1137222639613826
0.034148377904164307	2.1137222639613826
0.03711833356533993	2.1137222639613826
0.04034659246581154	2.1137222639613826
0.043855619777131365	2.1137222639613826
0.04766983451368474	2.1137222639613826
0.05181577946247714	2.1137222639613826
0.05632230589206912	2.1137222639613826
0.06122077432603294	2.1137222639613826
0.06654527277809515	2.1137222639613826
0.07233285396764493	2.1137222639613826
0.07862379316637039	2.1137222639613826
0.0854618684703539	2.1137222639613826
0.09289466544801717	2.1137222639613826
0.10097390828393267	2.1137222639613826
0.10975581972290396	2.1137222639613826
0.11930151231913294	2.1137222639613826
0.1296774137131436	2.1137222639613826
0.1409557288959271	2.1137222639613826
0.1532149426771634	2.1137222639613826
0.1665403658541527	2.1137222639613826
0.1810247288821982	2.1137222639613826
0.19676882717773983	2.1137222639613826
0.21388222254484904	2.1137222639613826
0.23248400560624696	2.1137222639613826
0.25270362454454093	2.1137222639613826
0.2746817859208135	2.1137222639613826
0.29857143383928364	2.1137222639613826
0.3245388142719619	2.1137222639613826
0.3527646319498406	2.1137222639613826
0.3881736223868964	2.0925843983272947
0.4300008579417906	1.9217843357016848
0.4752422660252903	1.7649252455005235
0.5242561240689679	1.6208692434095338
0.5774193253236954	1.4885713210396792
0.6351330274192727	1.3670717652466144
0.6978273813152815	1.2554891961973234
0.7659658312943499	1.153014173680817
0.8400492665497188	1.0589033252819093
0.9206201976342312	0.9724739538227761
1.0082670737154524	0.8930990849536995
1.1036288250315789	0.8202029189673238
1.2073996974014216	0.7532566538430553
1.3203344360894402	0.6917746492212143
1.4432538715478356	0.6353109034797092
1.5770509577715184	0.5834558183573096
1.7226973141931856	0.5358332276535065
1.8812503236234626	0.4920976684506089
2.0538608413564714	0.45193187506303223
2.2417815740094245	0.41504447753441787
2.4463761908282238	0.38116788798708284
2.669129235007886	0.3500563594909769
2.911656908020401	0.3214842033708487
3.175718806012677	0.29524415201962145
3.4632306940487876	0.2711458553415492
3.776278411354283	0.24901449991806887
4.117133008815231	0.22868954087952842
4.488267228840464	0.21002353728355966
4.89237344736957	0.19288108255171785
5.332383208366767	0.1771378222055819
5.811488492654907	0.16267955177679444
6.333164875495318	0.14940138834711722
6.901196740997199	0.13720700970870325
7.519704736342484	0.12600795562531628
8.193175665045487	0.11572298612571913
8.926495036148282	0.10627749217417531
9.724982505509999	0.09760295444296034
10.59443046632069	0.08963644626072033
11.541146068809233	0.08232017713097527
12.57199697398608	0.07560107350936701
-245	120
0.01525530082507672	30.000000000000025
0.015309221512476141	28.78091756762777
0.015362618367010854	27.611373867819466
0.015415485159626721	26.48935584062215
0.015467815804896874	25.412932228950154
0.01551960436405599	24.380250254437495
0.015570845048241447	23.389532428370035
0.015621532221941068	22.43907349220917
0.015671660406647164	21.527237482440434
0.015721224284714185	20.652454914695483
0.01577021870341665	19.81322008229997
0.01581863867920253	19.008088464598107
0.015866479402135262	18.235674240592466
0.015913736240517718	17.494647903620148
0.015960404745687495	16.783733972958768
0.01600648065697432	16.10170879842399
0.016051959906806124	15.447398454179604
0.016096838625950797	14.819676718134783
0.016141113148878013	14.217463133450975
0.016184780019224135	13.6397211488213
0.0162278359953416	13.085456334321846
0.01627027805591298	12.553714669763647
0.016312103405607212	12.043580902599558
0.01635330948075574	11.55417697255912
0.016393893955022446	11.084660500300245
0.01643385474504185	10.634223337476023
0.016473190015997355	10.202090175721356
0.016511898187110245	9.787517212164706
0.016549977937009398	9.389790869168339
0.01658742820894931	9.00822656609327
0.016624248215844736	8.642167540974826
0.016660437445087894	8.290983720080822
0.016695995663113937	7.954070633406326
0.016730922919680837	7.630848374238551
0.01676521955182823	7.320760601000864
0.016798886187480298	7.0232735796580945
0.016831923748658845	6.737875265034583
0.01686433345427166	6.464074419463954
0.016896116822443515	6.2013997672534416
0.01692727567235729	5.949399183507573
0.01693465662011698	5.890494415684417
0.01786914012782385	5.8904942843044426
0.01885519004433164	5.8904942843044426
0.01989565189285685	5.8904942843044426
0.02099352821748605	5.8904942843044426
0.022151987247857816	5.8904942843044426
0.02337437204197672	5.8904942843044426
0.02466421013354358	5.8904942843044426
0.026025223711641978	5.8904942843044426
0.027461340362157402	5.8904942843044426
0.028976704401926377	5.8904942843044426
0.030575688838323536	5.8904942843044426
0.032262907988799175	5.8904942843044426
0.03404323079678468	5.8904942843044426
0.03592179488239258	5.8904942843044426
0.03790402136845836	5.8904942843044426
0.03999563052470875	5.8904942843044426
0.04220265827520232	5.8904942843044426
0.04453147361667882	5.8904942843044426
0.04698879699808333	5.8904942843044426
0.04958171971430379	5.8904942843044426
0.05231772437008885	5.8904942843044426
0.0552047064731995	5.8904942843044426
0.05825099721910818	5.8904942843044426
0.061465387532996886	5.8904942843044426
0.06485715343843397	5.8904942843044426
0.06843608282593823	5.8904942843044426
0.07221250369867861	5.8904942843044426
0.07619731397681995	5.8904942843044426
0.08040201294652416	5.8904942843044426
0.08483873444436119	5.8904942843044426
0.08952028187289297	5.8904942843044426
0.09446016514847785	5.8904942843044426
0.09967263968791792	5.8904942843044426
0.10517274754645713	5.8904942843044426
0.11097636082584486	5.8904942843044426
0.11710022747773105	5.8904942843044426
0.12356201963457175	5.8904942843044426
0.13038038460751694	5.8904942843044426
0.13757499869844977	5.89049420669077
0.13991970043640972	5.831589298685639
0.16652558050829544	5.216697748301084
0.19496544676735644	4.666641288209933
0.22594897342812575	4.174583608934975
0.26002893993714565	3.73440923175678
0.2977195557359152	3.3406475032340146
0.3395426864459447	2.9884046038558254
0.3860515528936954	2.673302725804261
0.43784602546580387	2.391425663904939
0.4955845751699828	2.139270143549738
0.5599950210958136	1.913702280676548
0.6318851145325646	1.7119186326743
0.7121535396097554	1.5314113561391438
0.8018017037746461	1.3699370384492564
0.9019465962719032	1.2254888157853003
1.0138349509378224	1.0962714310687562
1.1388589354570817	0.9806789218287637
1.2785735907716895	0.87727466069387
1.4347162557282263	0.7847735004443447
1.609228230382674	0.7020258017170531
1.804278955219825	0.6280031448531611
2.022293012249296	0.5617855483101106
2.2659802873278836	0.5025500347834811
2.538369671220999	0.4495604029341543
2.8428467201309453	0.40215807759996264
3.1831957451012376	0.35975392477478907
3.5636468543802997	0.3218209296285855
3.9889285341235023	0.2878876465679763
4.4643264214576455	0.2575323399323321
4.995749000757718	0.23037774250366125
5.589801039931015	0.2060863666871068
6.253865679626763	0.18435631008762815
6.996196195777302	0.16491750335298605
7.826018576060172	0.14752835364981284
8.753646185239967	0.13197274205661302
9.790607944570773	0.11805733755616553
10.94979161838061	0.10560919424460813
12.245603988703662	0.09447360189441197
13.694149908707075	0.08451216315722912
15.313432460283662	0.07560107350936701
-240	119
0.017451166999026203	30.000000000000025
0.017522643916882314	29.369176852156134
0.01759525754181175	28.751618299107385
0.017669071811171225	28.147045420405753
0.01774415592679657	27.555185160585577
0.017820584946854262	26.975770205838135
0.017898440463565212	26.408538863279464
0.01797781138221581	25.853234942756412
0.01805879482020866	25.30960764113846
0.018141497149084303	24.77741142904257
0.018226035207734394	24.256405939939505
0.018312537721753983	23.746355861592406
0.018401146972506555	23.247030829778044
0.01849202077063176	22.758205324242557
0.018585334803266813	22.27965856684531
0.018681285443396315	21.811174421844495
0.01878009313518357	21.35254129827916
0.018882006503318487	20.903552054404223
0.018987307380858548	20.46400390413496
0.019096317013947258	20.033698325458424
0.019209403790914077	19.61244097077104
0.019326992969389577	19.200041579101566
0.019449579056468103	18.796313890179487
0.019577741762477948	18.401075560310623
0.019712166845262804	18.014148080021677
0.019853673766405032	17.635356693436172
0.02000325302545817	17.264530319346036
0.020162117554992816	16.90150147394283
0.0203317750707155	16.546106195173472
0.02051413257847493	16.198183968686823
0.020711651934760125	15.857577655337444
0.02092758977262392	15.524133420213479
0.02116638367979666	15.197700663157201
0.02143430716273476	14.878131950746468
0.021740656004299933	14.565282949706248
0.022100089020078165	14.259012361720535
0.022537816907697922	13.959181859615018
0.0231032355179496	13.66565602488143
0.023917307088867645	13.378302286515824
0.02547722935371345	13.096990861142926
0.028272375900956964	12.967317684078552
0.028480271550366167	12.967317684078552
0.028689695921705016	12.967317684078552
0.02890066025614545	12.967317684078552
0.02911317587751927	12.967317684078552
0.029327254192925943	12.967317684078552
0.02954290669334494	12.967317684078552
0.029760144954252474	12.967317684078552
0.029978980636242915	12.967317684078552
0.030199425485654623	12.967317684078552
0.030421491335200446	12.967317684078552
0.0306451901046029	12.967317684078552
0.03087053380123397	12.967317684078552
0.03109753452075959	12.967317684078552
0.031326204447788934	12.967317684078552
0.03155655585652845	12.967317684078552
0.03178860111144063	12.967317684078552
0.03202235266790777	12.967317684078552
0.0322578230729005	12.967317684078552
0.03249502496565125	12.967317684078552
0.03273397107833269	12.967317684078552
0.032974674236741164	12.967317684078552
0.0332171473609851	12.967317684078552
0.03346140346617856	12.967317684078552
0.03370745566313978	12.967317684078552
0.03395531715909503	12.967317684078552
0.034205001258387394	12.967317684078552
0.03445652136319096	12.967317684078552
0.03470989097423026	12.967317684078552
0.03496512369150487	12.967317684078552
0.035222233215019376	12.967317684078552
0.03548123334551888	12.967317684078552
0.03574213798522962	12.967317684078552
0.0360049611386053	12.967317684078552
0.036269716913078794	12.967317684078552
0.036536419519819285	12.967317684078552
0.03680508327449518	12.967317684078552
0.03707572259804252	12.967317684078552
0.037348352017438934	12.967317684078552
0.04445084962851838	12.83764450745692
0.07225999012697006	11.254001037425175
0.09349693850393243	9.865714795015478
0.11544752959077138	8.64868663979224
0.13937646238869814	7.5817902855972
0.16600020909904434	6.6465055711808
0.19591516817116378	5.826596970329902
0.22970949241176217	5.107831760776863
0.26800838078064326	4.477732959608438
0.3114996098025486	3.9253627364019263
0.3609524187413818	3.441132544375813
0.4172344474673208	3.016636673638068
0.4813287713193453	2.6445063371974333
0.5543521087543614	2.31828175682931
0.6375748949018806	2.032300028346023
0.7324437637339034	1.7815968197343472
0.8406069344961604	1.5618201957467641
0.9639430027424898	1.3691550730350879
1.1045936707659785	1.2002569944496104
1.2650010067782205	1.0521940728976107
1.4479498927791494	0.922396096969666
1.6566164063351327	0.8086099148627938
1.8946229815493094	0.7088603221137829
2.166101310343536	0.6214157741962874
2.4757640783547954	0.544758328789613
2.8289867823394164	0.4775572959496739
3.2319010504736942	0.41864613877770024
3.691501086275482	0.36700222360742024
4.2157650844505135	0.321729068195972
4.813793726703621	0.28204077976642383
5.4959681619329155	0.247248412763247
6.274130213374781	0.21674800950618606
7.161787941047313	0.1900101161412882
8.17435012794088	0.16657059189738677
9.329393760460526	0.14602255210672288
10.646969146348582	0.1280093051292997
12.149947966646728	0.1122181605736481
13.864420303533299	0.0983750013314519
15.820147536032412	0.08623952520244514
18.05107896538981	0.07560107350936701
-235	89
0.02279886831896807	30.000000000000252
0.022977158704721654	29.6816797184873
0.023156843346593896	29.3763118213136
0.023337933147865506	29.083207074745413
0.023520439097082402	28.801713511874826
0.02370437226872249	28.531214560943212
0.023889743823867663	28.271127247532032
0.02407656501088106	28.020900469221225
0.02426484716608961	27.78001334125172
0.024454601714471936	27.547973611661373
0.02464584017035161	27.324316144314217
0.02483857413809584	27.108601468183217
0.025032815312819662	26.900414391207768
0.025228575481095545	26.69936267700633
0.025425866521668627	26.505075782690085
0.025624700406177533	26.31720365599866
0.025825089199880795	26.135415589956004
0.026027045062388968	25.95939913323034
0.0262305802484025	25.788859054372452
0.02643570710845534	25.623516358100254
0.026642438089664353	25.463107351801934
0.026850785736484622	25.307382760432745
0.02706076269147067	25.156106887991854
0.02727238169604356	25.009056823781435
0.027485655591264105	24.86602169166652
0.027700597318612023	24.726801940580764
0.027917219920771234	24.591208674545207
0.028135536542421305	24.459063020498206
0.028355560431035067	24.330195532267634
0.028577304937682454	24.204445629049754
0.02880078351784067	24.081661066796002
0.029026009732210672	23.961697440949806
0.029252997247540005	23.844417719013443
0.029481759837452118	23.729691801469688
0.02971231138328217	23.61739610962506
0.029944665874919302	23.507413198986082
0.030178837411655616	23.39963139682479
0.030414840203041634	23.29394446263638
0.030652688569748614	23.190251270238388
0.030892396944437458	23.088455510303728
0.03113397987263457	22.988465412171394
0.0313774520136144	22.890193483819612
0.03162282814128902	22.793556268936364
0.03187012314510458	22.698474120064173
0.032119352030944834	22.604870986842894
0.03720945198165354	21.035891992145128
0.043106203245976644	19.656385756197654
0.04993743953013934	18.315444301317036
0.05785125292979913	16.960047316502536
0.06701920436925242	15.588293280209184
0.07764004281355875	14.220447375634759
0.08994401388114358	12.882181820627476
0.1041978512618563	11.596551178621242
0.12071055914777339	10.381127570335181
0.13984011103213706	9.247657530761291
0.16200121009746096	8.202738571893727
0.18767427942766995	7.24879904845787
0.2174158769400895	6.385081560612427
0.2518707608191241	5.608518656717929
0.2917858670141439	4.9144674711484395
0.33802650181509764	4.297301360044333
0.3915951005393058	3.750869765362931
0.4536529589927556	3.268843151532886
0.5255454088150053	2.844961752825998
0.6088309824756193	2.473206596883698
0.7053152001803661	2.1479097014643855
0.8170897111422728	1.8638180968562488
0.9465776377481052	1.6161238558954225
1.0965861056213546	1.400469916232557
1.2703670983634723	1.2129393266569044
1.471687956222996	1.0500337167197706
1.7049130470097642	0.9086452894770564
1.9750983797707165	0.7860254475074883
2.2881012123256808	0.6797522418216059
2.6507070288083643	0.5876981360803321
3.0707766399163896	0.5079990606550252
3.5574165948076577	0.43902535353408484
4.121176598945828	0.379354915224215
4.774278217650524	0.32774871613663453
5.530879823340443	0.28312866660613667
6.40738353017232	0.24455777551212293
7.42279077000954	0.21122247115955017
8.599114218133446	0.18241692839704898
9.961854998697444	0.15752923204097008
11.54055551510215	0.13602920350145628
13.369439889916997	0.11745772141220276
15.488155898232057	0.1014173754241782
17.942634478566	0.08756430327643473
20.786085454380927	0.07560107350936696
-230	89
0.03566923527303566	30.0
0.03558435459998879	30.051082732074736
0.03549967591413346	30.102333282736115
0.035415198734808695	30.15375347845618
0.03533092258249738	30.205345168282268
0.03524684697882341	30.257110224118907
0.035162971446549125	30.309050541014198
0.035079295509572506	30.36116803745019
0.03499581869292448	30.413464655639007
0.03491254052276626	30.46594236182152
0.034829460526386614	30.518603146573128
0.03474657823219924	30.571449025112656
0.03466389316973999	30.624482037616303
0.0345814048696643	30.677704249537662
0.034499112863744505	30.73111775193146
0.03441701668486713	30.784724661783326
0.03433511586703027	30.838527122344924
0.03425340994534098	30.892527303473646
0.03417189845601256	30.946727401978787
0.03409058093636201	31.00112964197249
0.034009456924807314	31.055736275227076
0.03392852596086488	31.1105495815378
0.033847787585146935	31.165571869091707
0.03376724133935886	31.220805474842194
0.03368688676629663	31.276252764890362
0.03360672340984423	31.33191613487206
0.03352675081497104	31.387798010351855
0.03344696852772922	31.443900847222892
0.03336737609525122	31.500227132114187
0.03328797306574714	31.55677938280394
0.03320875898850219	31.6135601486405
0.033129733413874124	31.670572010969497
0.033050895893290695	31.727817583569433
0.03297224597924712	31.785299513092955
0.032893783225303515	31.8430204795172
0.03281550718608234	31.900983196600777
0.03273741741726594	31.959190412348597
0.03265951347559399	32.017644909485
0.03258179491886094	32.076349505934374
0.03250426130591358	32.13530705531065
0.032426912196648464	32.194520447414654
0.032349747152009466	32.25399260873993
0.03227276573398523	32.31372650298785
0.032195967505606736	32.37372513159067
0.032119352030944834	32.43399153424438
0.03731406906742168	29.06279060123884
0.043348936461323706	26.252432866424183
0.0503598331485246	23.746544995314796
0.058504613994624276	21.43497389260165
0.06796666399916904	19.27722391169455
0.07895902732732164	17.26300143475189
0.09172920413679489	15.392677711771197
0.10656472320370476	13.668500631550941
0.12379961581861162	12.091146415616516
0.14382193671669957	10.65870669851285
0.1670825013806922	9.366712425396337
0.19410503644252158	8.208565217367722
0.22549797172659833	7.176095790840091
0.261968139440149	6.260120087599795
0.3043366889567394	5.450932421319227
0.35355757552460665	4.738710225325113
0.4107390391850085	4.113825100190347
0.47716855751230386	3.5670663951973363
0.5543418340028174	3.0897894451292602
0.6439964748047835	2.6740026918355504
0.748151112042683	2.312407676581708
0.8691508546228854	1.9984043689671924
1.0097200898748302	1.7260722438787985
1.173023824890789	1.4901353911850415
1.3627389487040824	1.285917995151442
1.5831370198196972	1.1092948624894556
1.839180443112026	0.9566403350445665
2.136634201574663	0.8247778752139995
2.4821956586347453	0.7109318187213285
2.883645353614768	0.6126822042542223
3.3500221855990526	0.5279231688013422
3.8918269300827126	0.4548251031041851
4.5212586707119256	0.391800561978659
5.2524894695287285	0.33747379433251373
6.101983460098298	0.2906536781391606
7.088867548106481	0.2503098017392334
8.235362065990856	0.2155514136777787
9.567281078072476	0.18560896080184783
11.114613600881272	0.1598179427116171
12.91219882522606	0.13760482571474286
15.000510543070046	0.11847477825152136
17.42656844108938	0.10200101031803979
20.244996779277553	0.08781552035548228
23.519254291428194	0.07560107350936696
-225	89
0.04865482547006019	29.99999999999999
0.04819775920075403	30.222519804193816
0.04774498663864998	30.446816697941628
0.047296467448412025	30.67292773859239
0.04685216167361673	30.900891655934053
0.04641202973319353	31.13074893005821
0.04597603241789887	31.362541872662856
0.04554413088682299	31.596314711948253
0.04511628666393001	31.83211368126813
0.04469246163463012	32.06998711170934
0.04427261804238418	32.309985528782015
0.043856718485340236	32.55216175341481
0.04344472591300144	32.796571007459896
0.04303660362292555	33.04327102392811
0.04263231525745514	33.292322162186395
0.042231824800478796	33.54378752836608
0.04183509657422251	33.79773310124873
0.04144209523607138	34.05422786391166
0.04105278577542113	34.313343941437736
0.040667133510559075	34.57515674501478
0.04028510408557462	34.839745122771696
0.03990666346729854	35.10719151772731
0.039531777942271265	35.377582133251764
0.03916041411373935	35.65100710647259
0.03879253889868046	35.927560690089365
0.038428119524856086	36.20734144309504
0.03806712352789201	36.490452430941495
0.037709518748386295	36.77700143572552
0.037355273329044245	37.06710117701829
0.0370043557118405	37.36086954400662
0.03665673463520758	37.658429839666674
0.03631237913125103	37.95991103774556
0.035971258522990615	38.26544805338602
0.03563334242162739	38.57518202829081
0.03529860072383662	38.88926063139541
0.034967003609085896	39.20783837608499
0.034638521536978696	39.53107695507395
0.03431312524462265	39.85914559414663
0.03399078574402274	40.192221426046444
0.03367147431949888	40.530489885894056
0.03335516252512769	40.8741451296156
0.03304182218220853	41.22339047696625
0.032731425376753075	41.57843888084531
0.03242394445699865	41.93951342471753
0.032119352030944834	42.30684785007825
0.03740737748634067	37.02403176494645
0.043566006221341075	32.7241474049201
0.050738571522983264	29.03193749845211
0.05909200460362144	25.764487892422938
0.06882071968645577	22.83112913309398
0.08015113871888276	20.184370805383033
0.09334696101990778	17.796163807539717
0.10871530050513602	15.646749623182922
0.12661383332448742	13.719566144835865
0.14745912226369395	11.999021550094128
0.1717363116481338	10.469640314430013
0.20001041838404138	9.115873018336824
0.2329394819199496	7.922214757562033
0.2712898791749336	6.873442480843693
0.3159541608667367	5.954868417118589
0.36797182435483755	5.152557493479274
0.42855350645670987	4.453487466191348
0.4991091592905184	3.84564854485278
0.5812808648967426	3.318088821016665
0.6769810523521763	2.8609158525321883
0.7884370068250431	2.465265527837455
0.918242706455911	2.1232483822526107
1.0694191934937658	1.8278818480877466
1.245484884739205	1.5730150685381081
1.4505374576698915	1.3532511909137348
1.689349218030858	1.1638706047563678
1.9674781684341418	1.000757434284151
2.2913973629307076	0.8603307123915601
2.668645558097614	0.7394810144708902
3.108002666829242	0.6355128691414635
3.6196940982689862	0.5460929471097041
4.215628739601456	0.4692038225860502
4.909676118391466	0.4031029746389579
5.717989196027338	0.34628662572298424
6.659380304824915	0.29745798404471085
7.755758978191323	0.25549945256137313
9.032641863720203	0.2194483808703141
10.519746586717359	0.18847596033604294
12.251683385482172	0.16186889280427774
14.268760615167944	0.13901349592812184
16.617922867172993	0.1193819413088446
19.353843537451557	0.1025203539282324
22.540197271710927	0.08803853185978568
26.25114190183971	0.07560107350936698
-220	89
0.059596281151294624	29.99999999999999
0.05876489570975391	30.360635682562897
0.05794510833673446	30.72561124009613
0.05713675723580987	31.0950133644288
0.056339682867660855	31.4689329488685
0.05555372791858806	31.847465359756686
0.05477873726946387	32.23071072622901
0.054014557965117685	32.61877424940243
0.05326103918414788	33.011766532293485
0.05251803220915532	33.40980393185683
0.05178539039739169	33.813008934626765
0.051062969151817746	34.22151055754331
0.050350625892564844	34.63544477565243
0.049648220028795084	35.05495497848465
0.04895561293095346	35.480192457043344
0.04827266790340769	35.9113169234682
0.04759925015746915	36.34849706558931
0.04693522678479073	36.79191113874844
0.04628046673113526	37.241747597440735
0.04563484077051039	37.698205769525394
0.04499822147966378	38.16149657596629
0.04437048321293463	38.631843299301465
0.04375150207745552	39.109482404297935
0.04314115590870057	39.594664414539736
0.04253932424637457	40.087654849014584
0.041945888310638356	40.58873522312198
0.041360730978666146	41.09820411891765
0.040783736761529514	41.61637832985355
0.040214791781404226	42.14359408575731
0.03965378374909473	42.68020836434295
0.03910060194187244	43.22660029615293
0.03855513718162294	43.78317267050553
0.038017281813298345	44.35035355077608
0.037486929683669845	44.92859800817764
0.03696397612037714	45.51838998413511
0.036448317911269686	46.120244292379816
0.0359398532840365	46.73470877303239
0.03543848188611986	47.362366612205655
0.03494410476490943	48.00383884205094
0.03445662434821251	48.65978703770616
0.033975944424996886	49.33091622928519
0.033501970126402165	50.017978048893234
0.03303460790701613	50.721774134664095
0.032573765526412266	51.443159816003536
0.032119352030944834	52.183048106600864
0.037491613035110595	44.9234058747348
0.04376243476581511	39.10092256104213
0.05108210987984701	34.21054295578601
0.05962606888168555	29.987251202642398
0.06959908466283106	26.284120393073398
0.08124018028952758	23.013136363805895
0.09482835766372683	20.11619223268507
0.11068928435599353	17.55074130919842
0.1292030988735408	15.282589744443362
0.1508135214320957	13.28224493796099
0.17603848858927815	11.523100698246736
0.20548256661953584	9.98059421852789
0.2398514411417394	8.631869230936417
0.27996883027204633	7.455682902190164
0.32679622665922586	6.432408825241503
0.3814559415594032	5.54405761187338
0.44525800324709125	4.774278426013282
0.5197315544361841	4.108328993962315
0.6066615012122563	3.533014436032511
0.7081312918403891	3.0366010443371825
0.8265728507273336	2.6087128762297205
0.9648248643042695	2.240218687525906
1.126200815766727	1.923115475281999
1.3145683992588921	1.6504133981148459
1.5344422168204426	1.4160254256942921
1.7910919797617413	1.214663877360515
2.0906688077275644	1.0417450768237904
2.440352652456425	0.8933026582560926
2.8485243795377575	0.7659095708376805
3.3249666324469307	0.6566085016383773
3.8810982929622995	0.5628502315266022
4.530248157272384	0.48243932275847057
5.287974386962833	0.41348648388484355
6.172437391158504	0.3543669476427136
7.204835076679312	0.3036842157224158
8.409910897841554	0.2602385599632689
9.816546882323893	0.22299971500694418
11.458455846136884	0.1910832474627062
13.374989387998177	0.163730137672508
15.612081028297993	0.14028915991482283
18.223347096847437	0.1202016939473854
21.271371754363905	0.10298864437146389
24.829206945777017	0.08823918403664391
28.982123234706144	0.07560107350936696
-215	89
0.06941094782277618	30.000000000000004
0.06820591484463605	30.4741192379419
0.067021802261966	30.955702289994484
0.06585824687894104	31.444909033632158
0.06471489180512403	31.941906598419443
0.06359138634599884	32.446869869473176
0.06248738589540373	32.95998203008323
0.06140255182983257	33.481435146770956
0.060336551404570726	34.01143080034837
0.059289057651634294	34.55018076684902
0.05825974927948111	35.097907752535114
0.057248310574462974	35.654846187548316
0.0562544313039886	36.22124308316316
0.05527780662136784	36.797358958030706
0.054318136972307925	37.38346883926133
0.053375128003032825	37.97986334470206
0.05244849046999801	38.586849853311264
0.05153794015117241	39.204753771134165
0.05064319775886069	39.83391990103658
0.04976398885403898	40.474713925071256
0.048900043762177874	41.127524009138675
0.048051097490526704	41.79276254046841
0.04721688964683391	42.47086800940367
0.04639716435947849	43.16230704802379
0.04559167019898796	43.86757663931385
0.044800160100918945	44.58720651188804
0.04402239129007653	45.321761736725385
0.04325812520604931	46.07184554399857
0.0425071274300371	46.83810237988947
0.04176916761294911	47.621221225327616
0.04104401940475033	48.42193920087865
0.040331460385034455	49.241045484593606
0.039631271994802285	50.07938557254546
0.038943239469424386	50.937865915066396
0.038267151772767606	51.81745896541448
0.03760280153246521	52.71920868179269
0.03694998497631079	53.644236528374414
0.03630850186975643	54.59374802632792
0.03567815545449595	55.56903991184039
0.03505875238811439	56.5715079648951
0.03445010268478525	57.60265558013126
0.03385201965699728	58.66410315958335
0.03326431985829285	59.757598416543594
0.0326868230270006	60.885027690278925
0.032119352030944834	62.04842838294336
0.03756840465547366	52.76695963322042
0.04394188983008251	45.39941582983736
0.05139663766791817	39.302631850299484
0.06011608453305121	34.12330972255358
0.07031478679471646	29.65446003334935
0.08224370034059984	25.765426821416007
0.09619635576030275	22.366886799650747
0.1125160811495564	19.392837394455025
0.13160445026419493	16.791039954517657
0.1539311639046472	14.517838392768207
0.18004560767870864	12.535336655437593
0.210590370540405	10.809876211205607
0.24631705675089077	9.311223673832554
0.2881047803407546	8.012129997353783
0.33698179716047744	6.88806868962309
0.39415080681131537	5.917048432258916
0.4610185470523433	5.079447971886288
0.5392304089028498	4.357851138937205
0.6307109242017568	3.736875787498373
0.7377111218872352	3.2029979781871596
0.8628639182758711	2.7443755314990197
1.0092489043105366	2.350675453877084
1.1804681239740533	2.0129090267354166
1.3807347085214694	1.7232772837894337
1.6149765475224058	1.4750285487763817
1.8889575477104295	1.2623288180823737
2.2094194634134117	1.0801450936346477
2.584247788536498	0.9241412900511288
3.0226657921435085	0.7905860245946483
3.5354614722022064	0.6762714123011875
4.135253012064643	0.5784418978930367
4.83679927167699	0.4947321325431456
5.657362953667163	0.423112925123198
6.617135380610652	0.36184434765393036
7.739733335819724	0.3094351412481974
9.052780193242935	0.26460764343560916
10.588585636134429	0.22626753462543733
12.384940690091886	0.1934777768337635
14.486047633561984	0.16543618933299542
16.943607667794986	0.1414561722437931
19.81809311016115	0.12095014963929865
23.180235415243764	0.10341535828990735
27.112765638921335	0.08842165686305702
31.712450172428202	0.07560107350936698
