# Table format: T1D
    3.00000000000000e+004     21
    1.50000000000000e-003     6.91981600000000e-002 
    3.00000000000000e-003     1.65892060000000e-001 
    4.50000000000000e-003     2.52309180000000e-001 
    6.00000000000000e-003     3.28449500000000e-001 
    7.50000000000000e-003     3.94313040000000e-001 
    9.00000000000000e-003     4.49899790000000e-001 
    1.05000000000000e-002     4.95209750000000e-001 
    1.20000000000000e-002     5.30242930000000e-001 
    1.35000000000000e-002     5.54999310000000e-001 
    1.50000000000000e-002     5.69478910000000e-001 
    1.65000000000000e-002     5.73681730000000e-001 
    1.80000000000000e-002     5.67607750000000e-001 
    1.95000000000000e-002     5.51256990000000e-001 
    2.10000000000000e-002     5.24629440000000e-001 
    2.25000000000000e-002     4.87725100000000e-001 
    2.40000000000000e-002     4.40543970000000e-001 
    2.55000000000000e-002     3.83086060000000e-001 
    2.70000000000000e-002     3.15351360000000e-001 
    2.85000000000000e-002     2.37339870000000e-001 
    3.00000000000000e-002     1.49051600000000e-001 
    3.15000000000000e-002     5.04865300000000e-002 
    4.00000000000000e+004     21
    4.67000000000000e-003     2.56247790000000e-001 
    6.67000000000000e-003     3.32215100000000e-001 
    8.67000000000000e-003     3.98883200000000e-001 
    1.06700000000000e-002     4.56252080000000e-001 
    1.26700000000000e-002     5.04321750000000e-001 
    1.46700000000000e-002     5.43092200000000e-001 
    1.66700000000000e-002     5.72563440000000e-001 
    1.86700000000000e-002     5.92735470000000e-001 
    2.06700000000000e-002     6.03608280000000e-001 
    2.26700000000000e-002     6.05181880000000e-001 
    2.46700000000000e-002     5.97456270000000e-001 
    2.66700000000000e-002     5.80431440000000e-001 
    2.86700000000000e-002     5.54107400000000e-001 
    3.06700000000000e-002     5.18484150000000e-001 
    3.26700000000000e-002     4.73561680000000e-001 
    3.46700000000000e-002     4.19340000000000e-001 
    3.66700000000000e-002     3.55819100000000e-001 
    3.86700000000000e-002     2.82999000000000e-001 
    4.06700000000000e-002     2.00879670000000e-001 
    4.26700000000000e-002     1.09461140000000e-001 
    4.46700000000000e-002     8.74339000000000e-003 
    5.00000000000000e+004     20
    9.17500000000000e-003     3.99522690000000e-001 
    1.16750000000000e-002     4.58114930000000e-001 
    1.41750000000000e-002     5.08296790000000e-001 
    1.66750000000000e-002     5.50068280000000e-001 
    1.91750000000000e-002     5.83429400000000e-001 
    2.16750000000000e-002     6.08380150000000e-001 
    2.41750000000000e-002     6.24920510000000e-001 
    2.66750000000000e-002     6.33050510000000e-001 
    2.91750000000000e-002     6.32770130000000e-001 
    3.16750000000000e-002     6.24079380000000e-001 
    3.41750000000000e-002     6.06978250000000e-001 
    3.66750000000000e-002     5.81466750000000e-001 
    3.91750000000000e-002     5.47544870000000e-001 
    4.16750000000000e-002     5.05212620000000e-001 
    4.41750000000000e-002     4.54469990000000e-001 
    4.66750000000000e-002     3.95316990000000e-001 
    4.91750000000000e-002     3.27753620000000e-001 
    5.16750000000000e-002     2.51779870000000e-001 
    5.41750000000000e-002     1.67395750000000e-001 
    5.66750000000000e-002     7.46012600000000e-002 
    6.00000000000000e+004     20
    1.50150000000000e-002     5.07159400000000e-001 
    1.80150000000000e-002     5.51372710000000e-001 
    2.10150000000000e-002     5.87975750000000e-001 
    2.40150000000000e-002     6.16968530000000e-001 
    2.70150000000000e-002     6.38351030000000e-001 
    3.00150000000000e-002     6.52123270000000e-001 
    3.30150000000000e-002     6.58285230000000e-001 
    3.60150000000000e-002     6.56836920000000e-001 
    3.90150000000000e-002     6.47778350000000e-001 
    4.20150000000000e-002     6.31109510000000e-001 
    4.50150000000000e-002     6.06830390000000e-001 
    4.80150000000000e-002     5.74941010000000e-001 
    5.10150000000000e-002     5.35441350000000e-001 
    5.40150000000000e-002     4.88331430000000e-001 
    5.70150000000000e-002     4.33611240000000e-001 
    6.00150000000000e-002     3.71280780000000e-001 
    6.30150000000000e-002     3.01340050000000e-001 
    6.60150000000000e-002     2.23789040000000e-001 
    6.90150000000000e-002     1.38627770000000e-001 
    7.20150000000000e-002     4.58562300000000e-002 
    7.00000000000000e+004     20
    2.21900000000000e-002     5.86345610000000e-001 
    2.56900000000000e-002     6.18820750000000e-001 
    2.91900000000000e-002     6.44397000000000e-001 
    3.26900000000000e-002     6.63074340000000e-001 
    3.61900000000000e-002     6.74852790000000e-001 
    3.96900000000000e-002     6.79732330000000e-001 
    4.31900000000000e-002     6.77712970000000e-001 
    4.66900000000000e-002     6.68794720000000e-001 
    5.01900000000000e-002     6.52977560000000e-001 
    5.36900000000000e-002     6.30261510000000e-001 
    5.71900000000000e-002     6.00646560000000e-001 
    6.06900000000000e-002     5.64132700000000e-001 
    6.41900000000000e-002     5.20719950000000e-001 
    6.76900000000000e-002     4.70408300000000e-001 
    7.11900000000000e-002     4.13197740000000e-001 
    7.46900000000000e-002     3.49088290000000e-001 
    7.81900000000000e-002     2.78079940000000e-001 
    8.16900000000000e-002     2.00172690000000e-001 
    8.51900000000000e-002     1.15366530000000e-001 
    8.86900000000000e-002     2.36614800000000e-002 
    8.00000000000000e+004     20
    3.07000000000000e-002     6.43320130000000e-001 
    3.47000000000000e-002     6.66342480000000e-001 
    3.87000000000000e-002     6.83088570000000e-001 
    4.27000000000000e-002     6.93558390000000e-001 
    4.67000000000000e-002     6.97751950000000e-001 
    5.07000000000000e-002     6.95669240000000e-001 
    5.47000000000000e-002     6.87310270000000e-001 
    5.87000000000000e-002     6.72675030000000e-001 
    6.27000000000000e-002     6.51763530000000e-001 
    6.67000000000000e-002     6.24575760000000e-001 
    7.07000000000000e-002     5.91111730000000e-001 
    7.47000000000000e-002     5.51371430000000e-001 
    7.87000000000000e-002     5.05354870000000e-001 
    8.27000000000000e-002     4.53062050000000e-001 
    8.67000000000000e-002     3.94492960000000e-001 
    9.07000000000000e-002     3.29647610000000e-001 
    9.47000000000000e-002     2.58525990000000e-001 
    9.87000000000000e-002     1.81128110000000e-001 
    1.02700000000000e-001     9.74539600000000e-002 
    1.06700000000000e-001     7.50355000000000e-003 
    9.00000000000000e+004     21
    3.49537500000000e-002     6.56114730000000e-001 
    3.94537500000000e-002     6.78749160000000e-001 
    4.39537500000000e-002     6.95641240000000e-001 
    4.84537500000000e-002     7.06790950000000e-001 
    5.29537500000000e-002     7.12198290000000e-001 
    5.74537500000000e-002     7.11863270000000e-001 
    6.19537500000000e-002     7.05785890000000e-001 
    6.64537500000000e-002     6.93966140000000e-001 
    7.09537500000000e-002     6.76404030000000e-001 
    7.54537500000000e-002     6.53099560000000e-001 
    7.99537500000000e-002     6.24052720000000e-001 
    8.44537500000000e-002     5.89263510000000e-001 
    8.89537500000000e-002     5.48731950000000e-001 
    9.34537500000000e-002     5.02458010000000e-001 
    9.79537500000000e-002     4.50441720000000e-001 
    1.02453750000000e-001     3.92683060000000e-001 
    1.06953750000000e-001     3.29182040000000e-001 
    1.11453750000000e-001     2.59938650000000e-001 
    1.15953750000000e-001     1.84952900000000e-001 
    1.20453750000000e-001     1.04224780000000e-001 
    1.24953750000000e-001     1.77543000000000e-002 
    1.00000000000000e+005     22
    3.93000000000000e-002     6.64172410000000e-001 
    4.43000000000000e-002     6.86887310000000e-001 
    4.93000000000000e-002     7.04305010000000e-001 
    5.43000000000000e-002     7.16425510000000e-001 
    5.93000000000000e-002     7.23248810000000e-001 
    6.43000000000000e-002     7.24774920000000e-001 
    6.93000000000000e-002     7.21003830000000e-001 
    7.43000000000000e-002     7.11935540000000e-001 
    7.93000000000000e-002     6.97570050000000e-001 
    8.43000000000000e-002     6.77907360000000e-001 
    8.93000000000000e-002     6.52947470000000e-001 
    9.43000000000000e-002     6.22690390000000e-001 
    9.93000000000000e-002     5.87136100000000e-001 
    1.04300000000000e-001     5.46284620000000e-001 
    1.09300000000000e-001     5.00135940000000e-001 
    1.14300000000000e-001     4.48690070000000e-001 
    1.19300000000000e-001     3.91946990000000e-001 
    1.24300000000000e-001     3.29906720000000e-001 
    1.29300000000000e-001     2.62569240000000e-001 
    1.34300000000000e-001     1.89934570000000e-001 
    1.39300000000000e-001     1.12002710000000e-001 
    1.44300000000000e-001     2.87736400000000e-002 
    1.10000000000000e+005     23
    4.43025000000000e-002     6.70229900000000e-001 
    4.98025000000000e-002     6.92962580000000e-001 
    5.53025000000000e-002     7.10754490000000e-001 
    6.08025000000000e-002     7.23605640000000e-001 
    6.63025000000000e-002     7.31516020000000e-001 
    7.18025000000000e-002     7.34485630000000e-001 
    7.73025000000000e-002     7.32514470000000e-001 
    8.28025000000000e-002     7.25602550000000e-001 
    8.83025000000000e-002     7.13749860000000e-001 
    9.38025000000000e-002     6.96956400000000e-001 
    9.93025000000000e-002     6.75222180000000e-001 
    1.04802500000000e-001     6.48547190000000e-001 
    1.10302500000000e-001     6.16931430000000e-001 
    1.15802500000000e-001     5.80374900000000e-001 
    1.21302500000000e-001     5.38877610000000e-001 
    1.26802500000000e-001     4.92439550000000e-001 
    1.32302500000000e-001     4.41060720000000e-001 
    1.37802500000000e-001     3.84741130000000e-001 
    1.43302500000000e-001     3.23480770000000e-001 
    1.48802500000000e-001     2.57279640000000e-001 
    1.54302500000000e-001     1.86137740000000e-001 
    1.59802500000000e-001     1.10055080000000e-001 
    1.65302500000000e-001     2.90316500000000e-002 
    1.20000000000000e+005     24
    4.95000000000000e-002     6.71920460000000e-001 
    5.55000000000000e-002     6.95144930000000e-001 
    6.15000000000000e-002     7.13696330000000e-001 
    6.75000000000000e-002     7.27574650000000e-001 
    7.35000000000000e-002     7.36779910000000e-001 
    7.95000000000000e-002     7.41312090000000e-001 
    8.55000000000000e-002     7.41171200000000e-001 
    9.15000000000000e-002     7.36357250000000e-001 
    9.75000000000000e-002     7.26870220000000e-001 
    1.03500000000000e-001     7.12710120000000e-001 
    1.09500000000000e-001     6.93876950000000e-001 
    1.15500000000000e-001     6.70370710000000e-001 
    1.21500000000000e-001     6.42191390000000e-001 
    1.27500000000000e-001     6.09339010000000e-001 
    1.33500000000000e-001     5.71813560000000e-001 
    1.39500000000000e-001     5.29615030000000e-001 
    1.45500000000000e-001     4.82743440000000e-001 
    1.51500000000000e-001     4.31198770000000e-001 
    1.57500000000000e-001     3.74981030000000e-001 
    1.63500000000000e-001     3.14090220000000e-001 
    1.69500000000000e-001     2.48526340000000e-001 
    1.75500000000000e-001     1.78289390000000e-001 
    1.81500000000000e-001     1.03379370000000e-001 
    1.87500000000000e-001     2.37962800000000e-002 
    1.30000000000000e+005     24
    5.57839300000000e-002     6.73077940000000e-001 
    6.22839300000000e-002     6.96599960000000e-001 
    6.87839300000000e-002     7.15627860000000e-001 
    7.52839300000000e-002     7.30161650000000e-001 
    8.17839300000000e-002     7.40201340000000e-001 
    8.82839300000000e-002     7.45746920000000e-001 
    9.47839300000000e-002     7.46798380000000e-001 
    1.01283930000000e-001     7.43355740000000e-001 
    1.07783930000000e-001     7.35418990000000e-001 
    1.14283930000000e-001     7.22988130000000e-001 
    1.20783930000000e-001     7.06063160000000e-001 
    1.27283930000000e-001     6.84644080000000e-001 
    1.33783930000000e-001     6.58730890000000e-001 
    1.40283930000000e-001     6.28323590000000e-001 
    1.46783930000000e-001     5.93422180000000e-001 
    1.53283930000000e-001     5.54026670000000e-001 
    1.59783930000000e-001     5.10137040000000e-001 
    1.66283930000000e-001     4.61753310000000e-001 
    1.72783930000000e-001     4.08875460000000e-001 
    1.79283930000000e-001     3.51503510000000e-001 
    1.85783930000000e-001     2.89637450000000e-001 
    1.92283930000000e-001     2.23277280000000e-001 
    1.98783930000000e-001     1.52422990000000e-001 
    2.05283930000000e-001     7.70746100000000e-002 
    1.40000000000000e+005     25
    6.24000000000000e-002     6.70622010000000e-001 
    6.94000000000000e-002     6.94836500000000e-001 
    7.64000000000000e-002     7.14647110000000e-001 
    8.34000000000000e-002     7.30053830000000e-001 
    9.04000000000000e-002     7.41056680000000e-001 
    9.74000000000000e-002     7.47655640000000e-001 
    1.04400000000000e-001     7.49850720000000e-001 
    1.11400000000000e-001     7.47641910000000e-001 
    1.18400000000000e-001     7.41029230000000e-001 
    1.25400000000000e-001     7.30012660000000e-001 
    1.32400000000000e-001     7.14592210000000e-001 
    1.39400000000000e-001     6.94767880000000e-001 
    1.46400000000000e-001     6.70539660000000e-001 
    1.53400000000000e-001     6.41907570000000e-001 
    1.60400000000000e-001     6.08871590000000e-001 
    1.67400000000000e-001     5.71431730000000e-001 
    1.74400000000000e-001     5.29587980000000e-001 
    1.81400000000000e-001     4.83340360000000e-001 
    1.88400000000000e-001     4.32688850000000e-001 
    1.95400000000000e-001     3.77633460000000e-001 
    2.02400000000000e-001     3.18174180000000e-001 
    2.09400000000000e-001     2.54311030000000e-001 
    2.16400000000000e-001     1.86043990000000e-001 
    2.23400000000000e-001     1.13373070000000e-001 
    2.30400000000000e-001     3.62982700000000e-002 
    1.50000000000000e+005     25
    7.25692000000000e-002     6.76284110000000e-001 
    8.00692000000000e-002     6.99606930000000e-001 
    8.75692000000000e-002     7.18527350000000e-001 
    9.50692000000000e-002     7.33045380000000e-001 
    1.02569200000000e-001     7.43161030000000e-001 
    1.10069200000000e-001     7.48874280000000e-001 
    1.17569200000000e-001     7.50185140000000e-001 
    1.25069200000000e-001     7.47093610000000e-001 
    1.32569200000000e-001     7.39599700000000e-001 
    1.40069200000000e-001     7.27703390000000e-001 
    1.47569200000000e-001     7.11404690000000e-001 
    1.55069200000000e-001     6.90703610000000e-001 
    1.62569200000000e-001     6.65600130000000e-001 
    1.70069200000000e-001     6.36094260000000e-001 
    1.77569200000000e-001     6.02186000000000e-001 
    1.85069200000000e-001     5.63875350000000e-001 
    1.92569200000000e-001     5.21162320000000e-001 
    2.00069200000000e-001     4.74046890000000e-001 
    2.07569200000000e-001     4.22529070000000e-001 
    2.15069200000000e-001     3.66608860000000e-001 
    2.22569200000000e-001     3.06286270000000e-001 
    2.30069200000000e-001     2.41561280000000e-001 
    2.37569200000000e-001     1.72433900000000e-001 
    2.45069200000000e-001     9.89041300000000e-002 
    2.52569200000000e-001     2.09719700000000e-002 
    1.60000000000000e+005     24
    8.35000000000000e-002     6.79240410000000e-001 
    9.15000000000000e-002     7.01814700000000e-001 
    9.95000000000000e-002     7.19899370000000e-001 
    1.07500000000000e-001     7.33494400000000e-001 
    1.15500000000000e-001     7.42599800000000e-001 
    1.23500000000000e-001     7.47215570000000e-001 
    1.31500000000000e-001     7.47341700000000e-001 
    1.39500000000000e-001     7.42978210000000e-001 
    1.47500000000000e-001     7.34125080000000e-001 
    1.55500000000000e-001     7.20782310000000e-001 
    1.63500000000000e-001     7.02949920000000e-001 
    1.71500000000000e-001     6.80627890000000e-001 
    1.79500000000000e-001     6.53816230000000e-001 
    1.87500000000000e-001     6.22514940000000e-001 
    1.95500000000000e-001     5.86724010000000e-001 
    2.03500000000000e-001     5.46443450000000e-001 
    2.11500000000000e-001     5.01673260000000e-001 
    2.19500000000000e-001     4.52413440000000e-001 
    2.27500000000000e-001     3.98663980000000e-001 
    2.35500000000000e-001     3.40424890000000e-001 
    2.43500000000000e-001     2.77696170000000e-001 
    2.51500000000000e-001     2.10477820000000e-001 
    2.59500000000000e-001     1.38769830000000e-001 
    2.67500000000000e-001     6.25722200000000e-002 
    1.70000000000000e+005     24
    9.37538200000000e-002     6.75694070000000e-001 
    1.02253820000000e-001     6.98249910000000e-001 
    1.10753820000000e-001     7.16140140000000e-001 
    1.19253820000000e-001     7.29364750000000e-001 
    1.27753820000000e-001     7.37923760000000e-001 
    1.36253820000000e-001     7.41817160000000e-001 
    1.44753820000000e-001     7.41044950000000e-001 
    1.53253820000000e-001     7.35607120000000e-001 
    1.61753820000000e-001     7.25503690000000e-001 
    1.70253820000000e-001     7.10734650000000e-001 
    1.78753820000000e-001     6.91300000000000e-001 
    1.87253820000000e-001     6.67199740000000e-001 
    1.95753820000000e-001     6.38433870000000e-001 
    2.04253820000000e-001     6.05002390000000e-001 
    2.12753820000000e-001     5.66905300000000e-001 
    2.21253820000000e-001     5.24142600000000e-001 
    2.29753820000000e-001     4.76714290000000e-001 
    2.38253820000000e-001     4.24620370000000e-001 
    2.46753820000000e-001     3.67860840000000e-001 
    2.55253820000000e-001     3.06435700000000e-001 
    2.63753820000000e-001     2.40344950000000e-001 
    2.72253820000000e-001     1.69588590000000e-001 
    2.80753820000000e-001     9.41666300000000e-002 
    2.89253820000000e-001     1.40790500000000e-002 
    1.80000000000000e+005     23
    1.04600000000000e-001     6.69999160000000e-001 
    1.13600000000000e-001     6.92363820000000e-001 
    1.22600000000000e-001     7.09798150000000e-001 
    1.31600000000000e-001     7.22302160000000e-001 
    1.40600000000000e-001     7.29875850000000e-001 
    1.49600000000000e-001     7.32519220000000e-001 
    1.58600000000000e-001     7.30232260000000e-001 
    1.67600000000000e-001     7.23014990000000e-001 
    1.76600000000000e-001     7.10867390000000e-001 
    1.85600000000000e-001     6.93789470000000e-001 
    1.94600000000000e-001     6.71781230000000e-001 
    2.03600000000000e-001     6.44842670000000e-001 
    2.12600000000000e-001     6.12973780000000e-001 
    2.21600000000000e-001     5.76174580000000e-001 
    2.30600000000000e-001     5.34445050000000e-001 
    2.39600000000000e-001     4.87785200000000e-001 
    2.48600000000000e-001     4.36195030000000e-001 
    2.57600000000000e-001     3.79674540000000e-001 
    2.66600000000000e-001     3.18223720000000e-001 
    2.75600000000000e-001     2.51842590000000e-001 
    2.84600000000000e-001     1.80531130000000e-001 
    2.93600000000000e-001     1.04289350000000e-001 
    3.02600000000000e-001     2.31172500000000e-002 
    1.90000000000000e+005     22
    1.13820560000000e-001     6.56205560000000e-001 
    1.23320560000000e-001     6.79282240000000e-001 
    1.32820560000000e-001     6.97075140000000e-001 
    1.42320560000000e-001     7.09584280000000e-001 
    1.51820560000000e-001     7.16809650000000e-001 
    1.61320560000000e-001     7.18751250000000e-001 
    1.70820560000000e-001     7.15409080000000e-001 
    1.80320560000000e-001     7.06783150000000e-001 
    1.89820560000000e-001     6.92873440000000e-001 
    1.99320560000000e-001     6.73679970000000e-001 
    2.08820560000000e-001     6.49202730000000e-001 
    2.18320560000000e-001     6.19441720000000e-001 
    2.27820560000000e-001     5.84396950000000e-001 
    2.37320560000000e-001     5.44068400000000e-001 
    2.46820560000000e-001     4.98456090000000e-001 
    2.56320560000000e-001     4.47560010000000e-001 
    2.65820560000000e-001     3.91380160000000e-001 
    2.75320560000000e-001     3.29916540000000e-001 
    2.84820560000000e-001     2.63169150000000e-001 
    2.94320560000000e-001     1.91138000000000e-001 
    3.03820560000000e-001     1.13823070000000e-001 
    3.13320560000000e-001     3.12243800000000e-002 
    2.00000000000000e+005     20
    1.23400000000000e-001     6.39929480000000e-001 
    1.33400000000000e-001     6.63436540000000e-001 
    1.43400000000000e-001     6.81217660000000e-001 
    1.53400000000000e-001     6.93272830000000e-001 
    1.63400000000000e-001     6.99602050000000e-001 
    1.73400000000000e-001     7.00205320000000e-001 
    1.83400000000000e-001     6.95082640000000e-001 
    1.93400000000000e-001     6.84234020000000e-001 
    2.03400000000000e-001     6.67659440000000e-001 
    2.13400000000000e-001     6.45358910000000e-001 
    2.23400000000000e-001     6.17332430000000e-001 
    2.33400000000000e-001     5.83580000000000e-001 
    2.43400000000000e-001     5.44101630000000e-001 
    2.53400000000000e-001     4.98897300000000e-001 
    2.63400000000000e-001     4.47967020000000e-001 
    2.73400000000000e-001     3.91310800000000e-001 
    2.83400000000000e-001     3.28928620000000e-001 
    2.93400000000000e-001     2.60820500000000e-001 
    3.03400000000000e-001     1.86986420000000e-001 
    3.13400000000000e-001     1.07426400000000e-001 
