# Table format: 2D
# table_unit = Ohm
# axis1_unit = %
# axis2_unit = degC
11
3
    1.00000000000000e+002     9.00000000000000e+001     8.00000000000000e+001     7.00000000000000e+001     6.00000000000000e+001     5.00000000000000e+001     4.00000000000000e+001     3.00000000000000e+001     2.00000000000000e+001     1.00000000000000e+001     0.00000000000000e+000 
    3.00000000000000e+001     2.30000000000000e+001     0.00000000000000e+000 
    2.29097100000000e-003     6.93209200000000e-003     9.85440400000000e-003     1.14164100000000e-002     1.19766000000000e-002     1.18934300000000e-002     1.15253300000000e-002     1.12307800000000e-002     1.13682100000000e-002     1.22961000000000e-002     1.43729600000000e-002 
    6.37923400000000e-003     9.95461900000000e-003     1.20570800000000e-002     1.30450900000000e-002     1.32771000000000e-002     1.31115400000000e-002     1.29068800000000e-002     1.30215400000000e-002     1.38139900000000e-002     1.56426800000000e-002     1.88660600000000e-002 
    2.12872200000000e-002     2.09765600000000e-002     2.00894800000000e-002     1.89843600000000e-002     1.80196100000000e-002     1.75536500000000e-002     1.79449400000000e-002     1.95518800000000e-002     2.27328700000000e-002     2.78462400000000e-002     3.52502200000000e-002 
