# Table format: 2D
# table_unit = Ohm
# axis1_unit = %
# axis2_unit = degC
11
3
    1.00000000000000e+002     9.00000000000000e+001     8.00000000000000e+001     7.00000000000000e+001     6.00000000000000e+001     5.00000000000000e+001     4.00000000000000e+001     3.00000000000000e+001     2.00000000000000e+001     1.00000000000000e+001     0.00000000000000e+000 
    3.00000000000000e+001     2.30000000000000e+001     0.00000000000000e+000 
    2.91467000000000e-003     8.96321300000000e-003     1.25639100000000e-002     1.43062300000000e-002     1.47796100000000e-002     1.45734700000000e-002     1.42771800000000e-002     1.44801500000000e-002     1.57717900000000e-002     1.87415300000000e-002     2.39788700000000e-002 
    5.82226900000000e-003     1.11127900000000e-002     1.41304000000000e-002     1.54645000000000e-002     1.57044800000000e-002     1.54397600000000e-002     1.52596900000000e-002     1.57536900000000e-002     1.75111300000000e-002     2.11214300000000e-002     2.71740000000000e-002 
    1.64249200000000e-002     1.89514500000000e-002     1.98428500000000e-002     1.96883300000000e-002     1.90772200000000e-002     1.85988600000000e-002     1.88426200000000e-002     2.03978700000000e-002     2.38538900000000e-002     2.97999200000000e-002     3.88250500000000e-002 
