# Table format: T1D
    1.05000200000000e+004     17
    3.36601100000000e-003     1.00768300000000e+000 
    3.83230100000000e-003     1.00759400000000e+000 
    4.29859100000000e-003     1.00749500000000e+000 
    4.76488100000000e-003     1.00738400000000e+000 
    5.23117100000000e-003     1.00726100000000e+000 
    5.69746100000000e-003     1.00712700000000e+000 
    6.16375100000000e-003     1.00698100000000e+000 
    6.63004100000000e-003     1.00681200000000e+000 
    7.09633100000000e-003     1.00663000000000e+000 
    7.56262100000000e-003     1.00641800000000e+000 
    8.02891100000000e-003     1.00603900000000e+000 
    8.49520100000000e-003     1.00564900000000e+000 
    8.96150200000000e-003     1.00520600000000e+000 
    9.42778100000000e-003     1.00472300000000e+000 
    9.89408200000000e-003     1.00420000000000e+000 
    1.03603720000000e-002     1.00335700000000e+000 
    1.08266620000000e-002     1.00164000000000e+000 
    2.31000330000000e+004     17
    6.73201100000000e-003     1.02837100000000e+000 
    7.66459100000000e-003     1.02804500000000e+000 
    8.59717100000000e-003     1.02767700000000e+000 
    9.52975100000000e-003     1.02726600000000e+000 
    1.04623310000000e-002     1.02681300000000e+000 
    1.13949110000000e-002     1.02631700000000e+000 
    1.23275020000000e-002     1.02578000000000e+000 
    1.32600820000000e-002     1.02515400000000e+000 
    1.41926620000000e-002     1.02448400000000e+000 
    1.51252420000000e-002     1.02370200000000e+000 
    1.60578220000000e-002     1.02230100000000e+000 
    1.69904020000000e-002     1.02086200000000e+000 
    1.79229820000000e-002     1.01922600000000e+000 
    1.88555620000000e-002     1.01744200000000e+000 
    1.97881530000000e-002     1.01550900000000e+000 
    2.07207330000000e-002     1.01239800000000e+000 
    2.16533130000000e-002     1.00605500000000e+000 
    3.46500440000000e+004     17
    1.00980110000000e-002     1.05853400000000e+000 
    1.14968810000000e-002     1.05786200000000e+000 
    1.28957510000000e-002     1.05710200000000e+000 
    1.42946320000000e-002     1.05625500000000e+000 
    1.56935020000000e-002     1.05532000000000e+000 
    1.70923720000000e-002     1.05429800000000e+000 
    1.84912420000000e-002     1.05318800000000e+000 
    1.98901120000000e-002     1.05189800000000e+000 
    2.12889820000000e-002     1.05051500000000e+000 
    2.26878630000000e-002     1.04890100000000e+000 
    2.40867330000000e-002     1.04601100000000e+000 
    2.54856030000000e-002     1.04304200000000e+000 
    2.68844730000000e-002     1.03966800000000e+000 
    2.82833430000000e-002     1.03598700000000e+000 
    2.96822130000000e-002     1.03199900000000e+000 
    3.10810830000000e-002     1.02557900000000e+000 
    3.24799640000000e-002     1.01249200000000e+000 
    4.62000550000000e+004     17
    1.34640220000000e-002     1.09457600000000e+000 
    1.53291820000000e-002     1.09349000000000e+000 
    1.71943420000000e-002     1.09226200000000e+000 
    1.90595020000000e-002     1.09089400000000e+000 
    2.09246620000000e-002     1.08938300000000e+000 
    2.27898330000000e-002     1.08773200000000e+000 
    2.46549930000000e-002     1.08593900000000e+000 
    2.65201530000000e-002     1.08385400000000e+000 
    2.83853130000000e-002     1.08162000000000e+000 
    3.02504730000000e-002     1.07901200000000e+000 
    3.21156330000000e-002     1.07434300000000e+000 
    3.39808040000000e-002     1.06954400000000e+000 
    3.58459640000000e-002     1.06409300000000e+000 
    3.77111240000000e-002     1.05814500000000e+000 
    3.95762840000000e-002     1.05170200000000e+000 
    4.14414550000000e-002     1.04132800000000e+000 
    4.33066150000000e-002     1.02018400000000e+000 
    5.77500660000000e+004     17
    1.68300220000000e-002     1.13272500000000e+000 
    1.91614720000000e-002     1.13120000000000e+000 
    2.14929220000000e-002     1.12947800000000e+000 
    2.38243720000000e-002     1.12755700000000e+000 
    2.61558330000000e-002     1.12543700000000e+000 
    2.84872830000000e-002     1.12312000000000e+000 
    3.08187330000000e-002     1.12060400000000e+000 
    3.31501830000000e-002     1.11767800000000e+000 
    3.54816440000000e-002     1.11454200000000e+000 
    3.78130940000000e-002     1.11088200000000e+000 
    4.01445440000000e-002     1.10433000000000e+000 
    4.24760050000000e-002     1.09759600000000e+000 
    4.48074550000000e-002     1.08994500000000e+000 
    4.71389050000000e-002     1.08159900000000e+000 
    4.94703550000000e-002     1.07255700000000e+000 
    5.18018050000000e-002     1.05799900000000e+000 
    5.41332550000000e-002     1.02832600000000e+000 
    6.93000770000000e+004     17
    2.01960220000000e-002     1.16892500000000e+000 
    2.29937620000000e-002     1.16698500000000e+000 
    2.57915130000000e-002     1.16479300000000e+000 
    2.85892530000000e-002     1.16234800000000e+000 
    3.13869930000000e-002     1.15965100000000e+000 
    3.41847330000000e-002     1.15670100000000e+000 
    3.69824840000000e-002     1.15349800000000e+000 
    3.97802240000000e-002     1.14977400000000e+000 
    4.25779640000000e-002     1.14578400000000e+000 
    4.53757040000000e-002     1.14112600000000e+000 
    4.81734550000000e-002     1.13278600000000e+000 
    5.09711950000000e-002     1.12421500000000e+000 
    5.37689350000000e-002     1.11447800000000e+000 
    5.65666750000000e-002     1.10385500000000e+000 
    5.93644260000000e-002     1.09234700000000e+000 
    6.21621660000000e-002     1.07381800000000e+000 
    6.49599060000000e-002     1.03605200000000e+000 
    7.70000000000000e+004     17
    2.24400000000000e-002     1.18979500000000e+000 
    2.55486000000000e-002     1.18761600000000e+000 
    2.86572000000000e-002     1.18515300000000e+000 
    3.17658000000000e-002     1.18240600000000e+000 
    3.48744000000000e-002     1.17937500000000e+000 
    3.79830000000000e-002     1.17606000000000e+000 
    4.10916000000000e-002     1.17246200000000e+000 
    4.42002000000000e-002     1.16827800000000e+000 
    4.73088000000000e-002     1.16379500000000e+000 
    5.04174000000000e-002     1.15856100000000e+000 
    5.35260000000000e-002     1.14919100000000e+000 
    5.66346000000000e-002     1.13956100000000e+000 
    5.97432000000000e-002     1.12862100000000e+000 
    6.28518000000000e-002     1.11668600000000e+000 
    6.59604000000000e-002     1.10375600000000e+000 
    6.90690000000000e-002     1.08293800000000e+000 
    7.21776000000000e-002     1.04050600000000e+000 
    8.08500880000000e+004     17
    2.39030330000000e-002     1.21081100000000e+000 
    2.71837280000000e-002     1.20847200000000e+000 
    3.04644340000000e-002     1.20580300000000e+000 
    3.37451290000000e-002     1.20280500000000e+000 
    3.70258350000000e-002     1.19947900000000e+000 
    4.03065300000000e-002     1.19582300000000e+000 
    4.35872250000000e-002     1.19183900000000e+000 
    4.68679200000000e-002     1.18707500000000e+000 
    5.01486260000000e-002     1.18186700000000e+000 
    5.34293210000000e-002     1.17582900000000e+000 
    5.67100160000000e-002     1.16581500000000e+000 
    5.99907220000000e-002     1.15547800000000e+000 
    6.32714170000000e-002     1.14335300000000e+000 
    6.65521230000000e-002     1.13003600000000e+000 
    6.98328180000000e-002     1.11552700000000e+000 
    7.31135130000000e-002     1.09270900000000e+000 
    7.63942190000000e-002     1.04544000000000e+000 
    9.24000990000000e+004     17
    2.82920330000000e-002     1.27395400000000e+000 
    3.20890240000000e-002     1.27118000000000e+000 
    3.58860040000000e-002     1.26796100000000e+000 
    3.96829840000000e-002     1.26429700000000e+000 
    4.34799750000000e-002     1.26018800000000e+000 
    4.72769550000000e-002     1.25563400000000e+000 
    5.10739460000000e-002     1.25063500000000e+000 
    5.48709260000000e-002     1.24400200000000e+000 
    5.86679060000000e-002     1.23613800000000e+000 
    6.24648970000000e-002     1.22748300000000e+000 
    6.62618770000000e-002     1.21618900000000e+000 
    7.00588570000000e-002     1.20454500000000e+000 
    7.38558480000000e-002     1.18886400000000e+000 
    7.76528280000000e-002     1.17123500000000e+000 
    8.14498190000000e-002     1.15165900000000e+000 
    8.52468100000000e-002     1.12294300000000e+000 
    8.90437790000000e-002     1.06093000000000e+000 
    9.90000000000000e+004     17
    3.08000000000000e-002     1.31008000000000e+000 
    3.48920000000000e-002     1.30708400000000e+000 
    3.89840000000000e-002     1.30360200000000e+000 
    4.30760000000000e-002     1.29963400000000e+000 
    4.71680000000000e-002     1.29518100000000e+000 
    5.12600000000000e-002     1.29024100000000e+000 
    5.53520000000000e-002     1.28481600000000e+000 
    5.94440000000000e-002     1.27703700000000e+000 
    6.35360000000000e-002     1.26722600000000e+000 
    6.76280000000000e-002     1.25696900000000e+000 
    7.17200000000000e-002     1.24546500000000e+000 
    7.58120000000000e-002     1.23380100000000e+000 
    7.99040000000000e-002     1.21604900000000e+000 
    8.39960000000000e-002     1.19579800000000e+000 
    8.80880000000000e-002     1.17304600000000e+000 
    9.21800000000000e-002     1.14092500000000e+000 
    9.62720000000000e-002     1.07029800000000e+000 
    1.03950099000000e+005     17
    3.17405220000000e-002     1.34842400000000e+000 
    3.61027920000000e-002     1.34519400000000e+000 
    4.04650730000000e-002     1.34144100000000e+000 
    4.48273540000000e-002     1.33716500000000e+000 
    4.91896240000000e-002     1.33236600000000e+000 
    5.35519050000000e-002     1.32704400000000e+000 
    5.79141750000000e-002     1.32120000000000e+000 
    6.22764560000000e-002     1.31359700000000e+000 
    6.66387260000000e-002     1.30371200000000e+000 
    7.10009960000000e-002     1.29333700000000e+000 
    7.53632770000000e-002     1.27903200000000e+000 
    7.97255470000000e-002     1.26472700000000e+000 
    8.40878280000000e-002     1.24506100000000e+000 
    8.84500980000000e-002     1.22199800000000e+000 
    9.28123790000000e-002     1.19586400000000e+000 
    9.71746490000000e-002     1.16175100000000e+000 
    1.01536930000000e-001     1.08236800000000e+000 
    1.15500110000000e+005     17
    3.39350220000000e-002     1.43773400000000e+000 
    3.89279330000000e-002     1.43432900000000e+000 
    4.39208330000000e-002     1.43031100000000e+000 
    4.89137440000000e-002     1.42568000000000e+000 
    5.39066440000000e-002     1.42043500000000e+000 
    5.88995550000000e-002     1.41457600000000e+000 
    6.38924660000000e-002     1.40810400000000e+000 
    6.88853660000000e-002     1.40083800000000e+000 
    7.38782770000000e-002     1.39104000000000e+000 
    7.88711770000000e-002     1.38124100000000e+000 
    8.38640880000000e-002     1.36249100000000e+000 
    8.88569880000000e-002     1.34084300000000e+000 
    9.38498990000000e-002     1.31611500000000e+000 
    9.88427990000000e-002     1.28602500000000e+000 
    1.03835710000000e-001     1.25132800000000e+000 
    1.08828610000000e-001     1.21160400000000e+000 
    1.13821510000000e-001     1.11535400000000e+000 
    1.21000000000000e+005     17
    3.49800000000000e-002     1.48012000000000e+000 
    4.02732000000000e-002     1.47692500000000e+000 
    4.55664000000000e-002     1.47304600000000e+000 
    5.08596000000000e-002     1.46848200000000e+000 
    5.61528000000000e-002     1.46323300000000e+000 
    6.14460000000000e-002     1.45730000000000e+000 
    6.67392000000000e-002     1.45068300000000e+000 
    7.20324000000000e-002     1.44338000000000e+000 
    7.73256000000000e-002     1.43377400000000e+000 
    8.26188000000000e-002     1.42403300000000e+000 
    8.79120000000000e-002     1.40500600000000e+000 
    9.32052000000000e-002     1.37942000000000e+000 
    9.84984000000000e-002     1.35168900000000e+000 
    1.03791600000000e-001     1.31803100000000e+000 
    1.09084800000000e-001     1.27899500000000e+000 
    1.14378000000000e-001     1.23458000000000e+000 
    1.19671200000000e-001     1.13421300000000e+000 
    1.27050110000000e+005     17
    3.65530330000000e-002     1.53210400000000e+000 
    4.21874640000000e-002     1.52937500000000e+000 
    4.78218840000000e-002     1.52584300000000e+000 
    5.34563150000000e-002     1.52150800000000e+000 
    5.90907460000000e-002     1.51637000000000e+000 
    6.47251660000000e-002     1.51042800000000e+000 
    7.03595970000000e-002     1.50368300000000e+000 
    7.59940280000000e-002     1.49613500000000e+000 
    8.16284480000000e-002     1.48596000000000e+000 
    8.72628790000000e-002     1.47558000000000e+000 
    9.28972990000000e-002     1.45531700000000e+000 
    9.85317300000000e-002     1.42696200000000e+000 
    1.04166161000000e-001     1.39616300000000e+000 
    1.09800592000000e-001     1.35806000000000e+000 
    1.15434990000000e-001     1.31370500000000e+000 
    1.21069410000000e-001     1.26309700000000e+000 
    1.26703830000000e-001     1.15495400000000e+000 
    1.38600110000000e+005     17
    3.95560330000000e-002     1.63077000000000e+000 
    4.58418840000000e-002     1.62963100000000e+000 
    5.21277350000000e-002     1.62739500000000e+000 
    5.84135750000000e-002     1.62406300000000e+000 
    6.46994260000000e-002     1.61963500000000e+000 
    7.09852660000000e-002     1.61411100000000e+000 
    7.72711170000000e-002     1.60749000000000e+000 
    8.35569680000000e-002     1.59977200000000e+000 
    8.98428190000000e-002     1.58856500000000e+000 
    9.61286590000000e-002     1.57695200000000e+000 
    1.02414499000000e-001     1.55475200000000e+000 
    1.08700350000000e-001     1.52112000000000e+000 
    1.14986190000000e-001     1.48475800000000e+000 
    1.21272030000000e-001     1.43785800000000e+000 
    1.27557870000000e-001     1.38325500000000e+000 
    1.33843710000000e-001     1.32094800000000e+000 
    1.40129550000000e-001     1.20093800000000e+000 
    1.43000000000000e+005     17
    4.07000000000000e-002     1.66806700000000e+000 
    4.72340000000000e-002     1.66768300000000e+000 
    5.37680000000000e-002     1.66609200000000e+000 
    6.03020000000000e-002     1.66329300000000e+000 
    6.68360000000000e-002     1.65928700000000e+000 
    7.33700000000000e-002     1.65407300000000e+000 
    7.99040000000000e-002     1.64765200000000e+000 
    8.64380110000000e-002     1.64002300000000e+000 
    9.29720000000000e-002     1.62853600000000e+000 
    9.95060000000000e-002     1.61654200000000e+000 
    1.06040000000000e-001     1.59377900000000e+000 
    1.12574000000000e-001     1.55809300000000e+000 
    1.19108000000000e-001     1.51974500000000e+000 
    1.25642000000000e-001     1.46936500000000e+000 
    1.32176000000000e-001     1.41074700000000e+000 
    1.38710000000000e-001     1.34389100000000e+000 
    1.45244000000000e-001     1.21525900000000e+000 
    1.50150110000000e+005     17
    4.39533160000000e-002     1.74110000000000e+000 
    5.08498320000000e-002     1.74200400000000e+000 
    5.77463480000000e-002     1.74152900000000e+000 
    6.46428640000000e-002     1.73967500000000e+000 
    7.15393690000000e-002     1.73644200000000e+000 
    7.84358850000000e-002     1.73183100000000e+000 
    8.53324010000000e-002     1.72584000000000e+000 
    9.22289170000000e-002     1.71847100000000e+000 
    9.91254220000000e-002     1.70795300000000e+000 
    1.06021927000000e-001     1.69722600000000e+000 
    1.12918410000000e-001     1.67226900000000e+000 
    1.19814970000000e-001     1.63199600000000e+000 
    1.26711420000000e-001     1.58837600000000e+000 
    1.33607980000000e-001     1.53111900000000e+000 
    1.40504540000000e-001     1.46441400000000e+000 
    1.47400990000000e-001     1.38826200000000e+000 
    1.54297550000000e-001     1.24257600000000e+000 
    1.61700220000000e+005     17
    4.92085770000000e-002     1.85716200000000e+000 
    5.66906780000000e-002     1.86008700000000e+000 
    6.41727790000000e-002     1.86149800000000e+000 
    7.16548800000000e-002     1.86139800000000e+000 
    7.91369700000000e-002     1.85978400000000e+000 
    8.66190600000000e-002     1.85665800000000e+000 
    9.41011720000000e-002     1.85201900000000e+000 
    1.01583273000000e-001     1.84587000000000e+000 
    1.09065363000000e-001     1.83919600000000e+000 
    1.16547420000000e-001     1.83252200000000e+000 
    1.24029510000000e-001     1.80418300000000e+000 
    1.31511710000000e-001     1.75627100000000e+000 
    1.38993800000000e-001     1.70386300000000e+000 
    1.46475890000000e-001     1.63491200000000e+000 
    1.53957980000000e-001     1.55364900000000e+000 
    1.61440070000000e-001     1.46007300000000e+000 
    1.68922160000000e-001     1.28499300000000e+000 
    1.65000000000000e+005     17
    5.07100000000000e-002     1.88986900000000e+000 
    5.83594000000000e-002     1.89332200000000e+000 
    6.60088000000000e-002     1.89525900000000e+000 
    7.36582000000000e-002     1.89568000000000e+000 
    8.13076000000000e-002     1.89458600000000e+000 
    8.89570000000000e-002     1.89197600000000e+000 
    9.66064000000000e-002     1.88785100000000e+000 
    1.04255800000000e-001     1.88226600000000e+000 
    1.11905200000000e-001     1.87728400000000e+000 
    1.19554600000000e-001     1.87230200000000e+000 
    1.27204000000000e-001     1.84298800000000e+000 
    1.34853400000000e-001     1.79276300000000e+000 
    1.42502800000000e-001     1.73778200000000e+000 
    1.50152200000000e-001     1.66544600000000e+000 
    1.57801600000000e-001     1.57974400000000e+000 
    1.65451000000000e-001     1.48067700000000e+000 
    1.73100400000000e-001     1.29634600000000e+000 
    1.73250220000000e+005     17
    5.60313600000000e-002     1.98954600000000e+000 
    6.39059960000000e-002     1.99427200000000e+000 
    7.17806100000000e-002     1.99750100000000e+000 
    7.96552460000000e-002     1.99923200000000e+000 
    8.75298820000000e-002     1.99946500000000e+000 
    9.54045070000000e-002     1.99819900000000e+000 
    1.03279143000000e-001     1.99543600000000e+000 
    1.11153790000000e-001     1.99149800000000e+000 
    1.19028360000000e-001     1.98828600000000e+000 
    1.26903040000000e-001     1.98507300000000e+000 
    1.34777610000000e-001     1.94960500000000e+000 
    1.42652290000000e-001     1.89938200000000e+000 
    1.50526970000000e-001     1.83944100000000e+000 
    1.58401540000000e-001     1.75726600000000e+000 
    1.66276220000000e-001     1.65844000000000e+000 
    1.74150790000000e-001     1.54296600000000e+000 
    1.82025470000000e-001     1.32697900000000e+000 
    1.84800220000000e+005     17
    6.34811210000000e-002     2.12914800000000e+000 
    7.16710610000000e-002     2.13537900000000e+000 
    7.98610120000000e-002     2.14017200000000e+000 
    8.80509630000000e-002     2.14352800000000e+000 
    9.62409030000000e-002     2.14544700000000e+000 
    1.04430843000000e-001     2.14592800000000e+000 
    1.12620750000000e-001     2.14497300000000e+000 
    1.20810690000000e-001     2.14446400000000e+000 
    1.29000630000000e-001     2.14622000000000e+000 
    1.37190570000000e-001     2.14797600000000e+000 
    1.45380620000000e-001     2.10253000000000e+000 
    1.53570560000000e-001     2.05147600000000e+000 
    1.61760500000000e-001     1.98271800000000e+000 
    1.69950440000000e-001     1.88768600000000e+000 
    1.78140380000000e-001     1.77114400000000e+000 
    1.86330320000000e-001     1.63309100000000e+000 
    1.94520260000000e-001     1.37087300000000e+000 
    1.96350220000000e+005     17
    8.11226130000000e-002     2.28345300000000e+000 
    8.86236670000000e-002     2.29144300000000e+000 
    9.61247100000000e-002     2.29776900000000e+000 
    1.03625753000000e-001     2.30242900000000e+000 
    1.11126840000000e-001     2.30542400000000e+000 
    1.18627850000000e-001     2.30675500000000e+000 
    1.26128860000000e-001     2.30642000000000e+000 
    1.33629980000000e-001     2.30768000000000e+000 
    1.41130990000000e-001     2.30993100000000e+000 
    1.48632000000000e-001     2.30280900000000e+000 
    1.56133120000000e-001     2.25596900000000e+000 
    1.63634130000000e-001     2.20913000000000e+000 
    1.71135250000000e-001     2.13205300000000e+000 
    1.78636260000000e-001     2.02514300000000e+000 
    1.86137270000000e-001     1.89263800000000e+000 
    1.93638280000000e-001     1.73453800000000e+000 
    2.01139400000000e-001     1.42419900000000e+000 
    2.07900220000000e+005     17
    1.01161852000000e-001     2.44274000000000e+000 
    1.07737740000000e-001     2.45370300000000e+000 
    1.14313650000000e-001     2.46213200000000e+000 
    1.20889560000000e-001     2.46802800000000e+000 
    1.27465470000000e-001     2.47138900000000e+000 
    1.34041270000000e-001     2.47221600000000e+000 
    1.40617180000000e-001     2.47080400000000e+000 
    1.47193090000000e-001     2.47228900000000e+000 
    1.53769000000000e-001     2.47377400000000e+000 
    1.60344910000000e-001     2.45139800000000e+000 
    1.66920820000000e-001     2.40602400000000e+000 
    1.73496730000000e-001     2.36064900000000e+000 
    1.80072530000000e-001     2.27350600000000e+000 
    1.86648440000000e-001     2.15724900000000e+000 
    1.93224350000000e-001     2.01337900000000e+000 
    1.99800260000000e-001     1.84189500000000e+000 
    2.06376170000000e-001     1.48393900000000e+000 
    2.19450220000000e+005     17
    1.16132720000000e-001     2.60747000000000e+000 
    1.22024870000000e-001     2.62227600000000e+000 
    1.27917020000000e-001     2.63323100000000e+000 
    1.33809170000000e-001     2.64033500000000e+000 
    1.39701320000000e-001     2.64358700000000e+000 
    1.45593470000000e-001     2.64298700000000e+000 
    1.51485620000000e-001     2.63853700000000e+000 
    1.57377770000000e-001     2.62640600000000e+000 
    1.63269920000000e-001     2.61240800000000e+000 
    1.69161960000000e-001     2.59692000000000e+000 
    1.75054110000000e-001     2.54137000000000e+000 
    1.80946260000000e-001     2.48582100000000e+000 
    1.86838410000000e-001     2.40768200000000e+000 
    1.92730560000000e-001     2.28428000000000e+000 
    1.98622710000000e-001     2.13337300000000e+000 
    2.04514860000000e-001     1.95460100000000e+000 
    2.10407010000000e-001     1.52723200000000e+000 
    2.31000220000000e+005     17
    1.30570330000000e-001     2.77294500000000e+000 
    1.35804020000000e-001     2.79114400000000e+000 
    1.41037820000000e-001     2.80425400000000e+000 
    1.46271620000000e-001     2.81227400000000e+000 
    1.51505420000000e-001     2.81520600000000e+000 
    1.56739220000000e-001     2.81305000000000e+000 
    1.61973020000000e-001     2.80580400000000e+000 
    1.67206820000000e-001     2.78778600000000e+000 
    1.72440510000000e-001     2.75692900000000e+000 
    1.77674420000000e-001     2.72607300000000e+000 
    1.82908110000000e-001     2.67562700000000e+000 
    1.88141910000000e-001     2.60389000000000e+000 
    1.93375710000000e-001     2.53215300000000e+000 
    1.98609510000000e-001     2.40583300000000e+000 
    2.03843310000000e-001     2.25060200000000e+000 
    2.09077110000000e-001     2.05933000000000e+000 
    2.14310910000000e-001     1.56459700000000e+000 
