# Table format: T1D
# table_unit = barA
# axis1_unit = kJ/kg
# axis2_unit = degC
# This file was automatically generated by generate_data_files.py
-60	119
-318.8261393332815	350.0000000000002
-330.37894225246106	238.13048802572587
-338.20883720694695	162.01751236391522
-343.5190496857705	110.23231225123764
-347.1229533993967	74.999069464547
-349.57036828913306	51.027328608765366
-351.23326037035037	34.71760761215535
-352.36355227220463	23.620916696480624
-353.13204982751523	16.071029772994123
-353.65466781567545	10.934291894054452
-354.010126985753	7.439395042705495
-354.25191756975386	5.061562206101783
-354.4164000681124	3.443749366604533
-354.5282977516981	2.3430334780223503
-354.60442444424496	1.5941363016630736
-354.65621644870845	1.0846070156987233
-354.69145314898674	0.7379371370413239
-354.7154266991731	0.5020723730741637
-354.73173739964204	0.3415963977839566
-354.7428346404681	0.23241290546321006
-354.75038484759324	0.15812742457551732
-354.7555217783529	0.10758560224119754
-354.75901679487197	0.07319831990353708
-354.7613947037736	0.04980214754654993
-354.7630125658881	0.03388402771425466
-354.76411331415466	0.02305377158820765
-354.76486223282825	0.015685159654667165
-354.7653717764961	0.010671756352363757
-354.7657184560449	0.007260772995085771
-354.7659543273365	0.004940032619325099
-354.76611480772783	0.003361063938579685
-354.76622399421325	0.002286776559941856
-354.76629828172554	0.0015558606234992694
-354.7663488249278	0.0010585652844968313
-354.76638321314744	0.0007202190508694902
-354.76640660995747	0.0004900174687685047
-354.7664225285108	0.00033339456851135674
-354.76643335906147	0.00022683260372781644
-354.7664407278738	0.00015433073893100278
-354.7664457414136	0.00010500244051145874
-354.7664467631932	0.0001039889834035534
-354.7663041408159	0.0001039889834035534
-354.7660996143445	0.0001039889834035534
-354.76580631480545	0.0001039889834035534
-354.76538571096364	0.0001039889834035534
-354.764782547412	0.0001039889834035534
-354.7639175855785	0.0001039889834035534
-354.76267719402773	0.0001039889834035534
-354.76089842051454	0.0001039889834035534
-354.75834758468426	0.0001039889834035534
-354.75468957910635	0.0001039889834035534
-354.7494438456692	0.0001039889834035534
-354.7419212438831	0.0001039889834035534
-354.73113351737913	0.0001039889834035534
-354.71566346507103	0.0001039889834035534
-354.6934787611551	0.0001039889834035534
-354.66166496518133	0.0001039889834035534
-354.6160426472951	0.0001039889834035534
-354.55061832977503	0.0001039889834035534
-354.45679711416614	0.0001039889834035534
-354.3222535555633	0.0001039889834035534
-354.1293124489697	0.0001039889834035534
-353.85262680901695	0.0001039889834035534
-353.4558479954835	0.0001039889834035534
-352.88685053361326	0.0001039889834035534
-352.0708843061537	0.0001039889834035534
-350.90075450950025	0.0001039889834035534
-349.2227392988962	0.0001039889834035534
-346.8163951009523	0.0001039889834035534
-343.36559658471356	0.0001039889834035534
-338.417006765414	0.0001039889834035534
-331.3205213912502	0.0001039889834035534
-321.14386369589704	0.0001039889834035534
-306.55010969121196	0.0001039889834035534
-285.62205429965553	0.0001039889834035534
-255.6103450210527	0.0001039889834035534
-212.57229504595702	0.0001039889834035534
-150.85392610988876	0.0001039889834035534
-62.34719622010917	0.0001039889834035534
64.57086686716649	0.00010292318426370713
64.57121481110052	9.271995572884995e-05
64.57152825904686	8.352821817417648e-05
64.57181063126616	7.524769804416475e-05
64.5720650088572	6.778806234246146e-05
64.5722941673944	6.10679331804727e-05
64.57250060723386	5.501400001809324e-05
64.5726865808065	4.956021991192162e-05
64.57285411720733	4.464709704639222e-05
64.57300504434464	4.022103368815894e-05
64.57314100888784	3.623374548322936e-05
64.57326349424379	3.264173471826896e-05
64.5733738367432	2.9405815799832226e-05
64.57347324022527	2.649068777492715e-05
64.57356278917639	2.3864549229498965e-05
64.57364346056197	2.149875136372317e-05
64.57371613448937	1.936748545947258e-05
64.57378160380807	1.7447501330510848e-05
64.57384058276762	1.5717853683958185e-05
64.57389371480316	1.415967362606211e-05
64.57394157956195	1.2755962819607342e-05
64.57398469922313	1.1491408047408273e-05
64.57402354420014	1.0352214158939084e-05
64.57405853826899	9.325953577700092e-06
64.57409006319337	8.401430727581704e-06
64.57411846289055	7.568559899239921e-06
64.57414404718199	6.818255224116001e-06
64.5741670951756	6.142331555816023e-06
64.57418785830721	5.533415177555901e-06
64.57420656308912	4.984863361570564e-06
64.57422341357525	4.4906919029531904e-06
64.57423859359169	4.045509837384113e-06
64.57425226874082	3.6444606305787396e-06
64.57426458820851	3.2831691978845338e-06
64.57427568638923	2.9576941760586495e-06
64.57428568435587	2.664484926554464e-06
64.57429469117761	2.400342801261671e-06
64.57430280511109	2.1623862481441437e-06
64.57431011467332	1.948019376109588e-06
64.5743166996056	1.7549036361821288e-06
-40	119
-278.64375500495197	350.0000000000002
-288.8616658365	250.67597473913528
-296.14354127300646	179.53841231832948
-301.3365641030897	128.58847574575424
-305.04276295897427	92.09726142224737
-307.689769091073	65.96163079379063
-309.5814990692172	47.24284598461833
-310.934170902207	33.8361327618429
-311.90179576602685	24.23401588993639
-312.59420200902133	17.35681587158141
-313.08978906433356	12.431247819932436
-313.4445672700046	8.903471898529446
-313.69857752275686	6.376818562075334
-313.88045854885144	4.567186310808118
-314.01070140443676	3.2710968007915926
-314.10397149101294	2.3428153685842785
-314.17076691079075	1.6779643604391115
-314.21860373972555	1.201786718944582
-314.2528636540634	0.860740163428513
-314.2774003478758	0.6164767984701846
-314.2949735147794	0.4415312067444996
-314.30755949515253	0.3162321875097823
-314.3165736753552	0.22649089099400996
-314.3230297267082	0.16221664248416756
-314.32765363094023	0.11618232849608123
-314.330965334716	0.08321176698062144
-314.33333722560843	0.059597687993237294
-314.33503601031066	0.04268488151401023
-314.33625270683905	0.03057164080042567
-314.3371241245989	0.02189593102006115
-314.3377482483273	0.015682239575070527
-314.33819525611545	0.011231887690209842
-314.33851541058095	0.008044469699725255
-314.3387447106006	0.005761586523537321
-314.3389089391514	0.004126546622375951
-314.3390265624233	0.0029555031339159295
-314.33911080620805	0.0021167817969684082
-314.3391711430404	0.001516075257900325
-314.3392143573067	0.001085838980148711
-314.3392453081014	0.0007776964135957887
-314.3392521617327	0.000770150351710479
-314.3384440923144	0.000770150351710479
-314.33734783081405	0.000770150351710479
-314.33585185285017	0.000770150351710479
-314.3338104146825	0.000770150351710479
-314.33102463180785	0.000770150351710479
-314.3272231028921	0.000770150351710479
-314.3220354688416	0.000770150351710479
-314.31495633104265	0.000770150351710479
-314.30529601354726	0.000770150351710479
-314.29211337227656	0.000770150351710479
-314.27412410526154	0.000770150351710479
-314.24957563116646	0.000770150351710479
-314.21607634629345	0.000770150351710479
-314.17036262565006	0.000770150351710479
-314.1079808684576	0.000770150351710479
-314.0228536117909	0.000770150351710479
-313.906687441523	0.000770150351710479
-313.7481650170601	0.000770150351710479
-313.5318424939051	0.000770150351710479
-313.2366449268561	0.000770150351710479
-312.83381307041924	0.000770150351710479
-312.2841015460914	0.000770150351710479
-311.5339554115436	0.000770150351710479
-310.5102926388464	0.000770150351710479
-309.11338419135075	0.000770150351710479
-307.20713804981796	0.000770150351710479
-304.60584062146944	0.000770150351710479
-301.0560638306867	0.000770150351710479
-296.2119752128079	0.000770150351710479
-289.6016456284827	0.000770150351710479
-280.581072170737	0.000770150351710479
-268.2714370052626	0.000770150351710479
-251.4734896666736	0.000770150351710479
-228.55071161542537	0.000770150351710479
-197.26988051175326	0.000770150351710479
-154.58350138489254	0.000770150351710479
-96.33290833245297	0.000770150351710479
-16.84311181265961	0.000770150351710479
91.6266224767337	0.0007622964846136929
91.62939050079095	0.0006523583238531555
91.63175916965503	0.0005582754102770972
91.63378611882621	0.0004777611050920198
91.63552066074675	0.00040885854783655
91.63700498806561	0.00034989309585345006
91.63827520259042	0.00029943162292611213
91.63936219526954	0.00025624768785297356
91.64029239884232	0.00021929172639924524
91.64108843163953	0.00018766554215604562
91.64176964830784	0.00016060047631985696
91.64235261094802	0.0001374387258195659
91.64285149218087	0.00011761735573738323
91.64327841999871	0.00010065461745342201
91.64364377281815	8.61382399831881e-05
91.64395643192887	7.371540993471881e-05
91.6442239975097	6.308419655317088e-05
91.64445297344982	5.39862134427982e-05
91.64464892551645	4.62003386130923e-05
91.64481661667787	3.953734021790574e-05
91.64496012291626	3.38352773687993e-05
91.64508293232305	2.8955564241651008e-05
91.64518802989788	2.477960181657974e-05
91.64527797011475	2.120589538728432e-05
91.64535493902156	1.814758778228486e-05
91.64542080738006	1.553034834422572e-05
91.64547717613843	1.329056635992355e-05
91.64552541534992	1.1373805033369191e-05
91.64556669747093	9.733478426260117e-06
91.64560202586387	8.329719209755674e-06
91.6456322591815	7.12840970872035e-06
91.64565813224213	6.100352688463441e-06
91.64568027388529	5.220561730355922e-06
91.64569922225719	4.4676539492541465e-06
91.64571543789425	3.823330293026793e-06
91.64572931491163	3.271930793121685e-06
91.64574119058621	2.8000539567568234e-06
91.64575135355147	2.39623105025069e-06
91.64576005081582	2.050647357108837e-06
91.645767493761	1.7549036361821288e-06
-20	120
-237.6746241547057	350.0000000000002
-246.73628255848612	261.3954507909475
-253.46186037237536	195.22166198343538
-258.45688972685747	145.80015525233722
-262.169564457088	108.88999230735658
-264.93131165425143	81.32385321658346
-266.9872330529023	60.736243633158935
-268.5187285761649	45.36050795382396
-269.66020452282373	33.877229784846186
-270.511372990602	25.30101071759532
-271.14629779626415	18.895911719978304
-271.6200521165476	14.112301034713354
-271.9736261289599	10.539689401904123
-272.23755168338795	7.871505321163711
-272.43458467686503	5.8787876623683575
-272.5816936842269	4.390538146025818
-272.6915365652619	3.2790477082721914
-272.7735582966641	2.4489375824823734
-272.8348080392867	1.8289746952339223
-272.8805477434975	1.3659590427025905
-272.9147057676245	1.0201585135120397
-272.9402151443659	0.7618994129077197
-272.9592659229882	0.5690201156982043
-272.97349346684774	0.42496934186299673
-272.9841189910783	0.31738586482460013
-272.9920544712965	0.23703777488714578
-272.9979809655154	0.1770302743460245
-273.0024070924548	0.13221402390378306
-273.0057126968126	0.09874326965489828
-273.0081814554489	0.07374583281146904
-273.0100252263395	0.05507664346202224
-273.0114022319058	0.041133668702307384
-273.012430638259	0.030720439637500294
-273.0131986963009	0.02294338047868703
-273.01377231527016	0.01713512937969891
-273.01420071886	0.01279727105305027
-273.01452066935957	0.009557566959445745
-273.0147596223994	0.00713801292522567
-273.0149380830117	0.005330983160974207
-273.0150713652379	0.003981413561490857
-273.01507409592386	0.003953763577584177
-273.0118768018387	0.0039421793321239755
-273.0076842035507	0.0039421793321239755
-273.0021892436883	0.0039421793321239755
-272.99498736508804	0.0039421793321239755
-272.98554834156977	0.0039421793321239755
-272.9731772409274	0.0039421793321239755
-272.9569632617158	0.0039421793321239755
-272.93571267702856	0.0039421793321239755
-272.90786094836545	0.0039421793321239755
-272.8713575391211	0.0039421793321239755
-272.82351494728124	0.0039421793321239755
-272.76081084261426	0.0039421793321239755
-272.6786287410417	0.0039421793321239755
-272.57091812377416	0.0039421793321239755
-272.4297489780581	0.0039421793321239755
-272.24472796334504	0.0039421793321239755
-272.0022332191019	0.0039421793321239755
-271.6844114782755	0.0039421793321239755
-271.2678636505807	0.0039421793321239755
-270.7219221038944	0.0039421793321239755
-270.00639281150166	0.0039421793321239755
-269.068596134587	0.0039421793321239755
-267.83948837256753	0.0039421793321239755
-266.2285785369445	0.0039421793321239755
-264.1172661047104	0.0039421793321239755
-261.35010925463	0.0039421793321239755
-257.7233807249995	0.0039421793321239755
-252.97006873719025	0.0039421793321239755
-246.7402187032387	0.0039421793321239755
-238.57516840882005	0.0039421793321239755
-227.87377978035278	0.0039421793321239755
-213.84818110697137	0.0039421793321239755
-195.46576131301507	0.0039421793321239755
-171.37314570705522	0.0039421793321239755
-139.79655605005163	0.0039421793321239755
-98.41121912050153	0.0039421793321239755
-44.17020920217759	0.0039421793321239755
26.919876689065298	0.0039421793321239755
120.0751504837605	0.003942001191305788
120.0927334013299	0.0039025736889860894
120.10613948609128	0.0032027872483508064
120.11713852672223	0.002628482374887216
120.1261631693142	0.0021571584558575715
120.13356814323727	0.0017703495553693753
120.1396443433182	0.001452900939977809
120.14463035053632	0.00119237533343971
120.14872186251671	0.0009785656383546517
120.15207941665115	0.0008030950336804048
120.15483471736214	0.0006590887803975629
120.15709582142142	0.0005409048770420093
120.1589513885047	0.0004439130124948376
120.16047416622759	0.0003643131556510952
120.16172384801841	0.00029898667451655887
120.16274941703148	0.000245374151747852
120.16359106873513	0.00020137510958751224
120.16428178808295	0.00016526571553084375
120.16484864340315	0.00013563124452603887
120.16531384797763	0.00011131065165326995
120.1656956310459	9.135108370326082e-05
120.16600895249165	7.497054747064736e-05
120.16626608927626	6.152727214825537e-05
120.16647711666045	5.0494565475697356e-05
120.16665030308634	4.144017853474408e-05
120.16679243422288	3.400937072758813e-05
120.166909078892	2.7911011443080178e-05
120.16700480729193	2.2906173890004244e-05
120.16708337008104	1.8798774216732854e-05
120.16714784534817	1.5427889168601554e-05
120.16720075921924	1.266145129754209e-05
120.16724418483878	1.0391074709448522e-05
120.1672798235994	8.527808627933613e-06
120.16730907180747	6.998652403926233e-06
120.16733307538414	5.743695433143314e-06
120.1673527747711	4.713769926651018e-06
120.16736894177343	3.868524572731318e-06
120.16738220980054	3.1748436183134866e-06
120.16739309868048	2.6055494313764445e-06
120.16740203502812	2.138337712190195e-06
120.16740936896238	1.7549036361821288e-06
0	120
-195.72196362261064	350.0000000000002
-203.77606302807771	270.60973926420996
-209.95578096203874	209.22751709898256
-214.700164357982	161.76858242586758
-218.3453649688218	125.0747254611567
-221.14837095677404	96.70411098738924
-223.3055506833939	74.76878360021328
-224.96699419632128	57.809031529016785
-226.2475148380457	44.69624842623917
-227.23504160102868	34.55782895060843
-227.9970007292688	26.719100233889492
-228.58516269143715	20.65842499333463
-229.03932477224845	15.972488574444368
-229.39011261763142	12.349459910088477
-229.66111539293902	9.54824036092244
-229.87051633482568	7.382419527146359
-230.03234042038596	5.7078703525145436
-230.1574108041618	4.413158022422504
-230.25408317998594	3.4121244050843123
-230.32881040232198	2.638154558848326
-230.38657709477837	2.0397437637389517
-230.43123449436007	1.577070080203416
-230.46575862589842	1.2193443520149505
-230.49244948120253	0.9427613062058662
-230.51308475694498	0.7289154036021592
-230.52903856283473	0.5635760208984186
-230.54137310867853	0.43574045734537753
-230.5509095373317	0.33690174728314376
-230.55828265659937	0.26048255425699496
-230.5639832359319	0.2013974745438879
-230.5683906967596	0.15571462307083378
-230.57179838039326	0.12039398156806623
-230.57443308003306	0.09308509703175565
-230.57647013973488	0.07197066810613459
-230.57804512691183	0.05564561065963445
-230.5792628562424	0.04302355483371839
-230.580204366122	0.03326455130220561
-230.58093231232107	0.02571917587037373
-230.58149513800308	0.01988531278963486
-230.58193029773534	0.015374740883400987
-230.58194402349807	0.015232468810733408
-230.57215226366728	0.015222855226941404
-230.5597378612511	0.015222855226941404
-230.54400056880357	0.015222855226941404
-230.52405096790642	0.015222855226941404
-230.49876157474796	0.015222855226941404
-230.4667031185603	0.015222855226941404
-230.4260637640809	0.015222855226941404
-230.37454671276572	0.015222855226941404
-230.30924039552207	0.015222855226941404
-230.22645392069387	0.015222855226941404
-230.12150847737763	0.015222855226941404
-229.98847290489203	0.015222855226941404
-229.8198284836832	0.015222855226941404
-229.60604400278467	0.015222855226941404
-229.33503708808553	0.015222855226941404
-228.99149134750556	0.015222855226941404
-228.5559907404394	0.015222855226941404
-228.00392224896333	0.015222855226941404
-227.30408483350283	0.015222855226941404
-226.4169260558503	0.015222855226941404
-225.29230670944375	0.015222855226941404
-223.8666671213889	0.015222855226941404
-222.05943497522006	0.015222855226941404
-219.76847163672147	0.015222855226941404
-216.86429962458072	0.015222855226941404
-213.18278498208574	0.015222855226941404
-208.5158609823209	0.015222855226941404
-202.5997689021274	0.015222855226941404
-195.10015127323695	0.015222855226941404
-185.59315513166834	0.015222855226941404
-173.54147728510435	0.015222855226941404
-158.2639977579696	0.015222855226941404
-138.89728519947178	0.015222855226941404
-114.34679867076764	0.015222855226941404
-83.22502790169537	0.015222855226941404
-43.77307591409422	0.015222855226941404
6.238747872576004	0.015222855226941404
69.6369421939879	0.015222855226941404
149.99665621293013	0.015222540679071883
150.00637172918783	0.015070290568878202
150.05313802217444	0.011946844382916972
150.09017713544634	0.009470759044578874
150.11951799205767	0.007507863499815024
150.14276417886103	0.00595179478925928
150.16118391291724	0.00471823458355718
150.17578067867072	0.0037403402458782617
150.18734880071574	0.0029651228456702085
150.19651723442286	0.0023505758599378346
150.20378411574646	0.0018633989756581656
150.20954404729628	0.0014771936535482558
150.21410966469983	0.0011710326766239158
150.21772869281116	0.0009283261720134197
150.22059744159176	0.0007359226594168386
150.22287148899713	0.0005833964149352059
150.22467413980766	0.0004624825348209179
150.2261031250486	0.00036662908708161524
150.22723590898246	0.000290642083481806
150.22813389372243	0.00023040403412356834
150.22884575086053	0.00018265083398955723
150.2294100616146	0.00014479489165189168
150.22985740917508	0.00011478491606384729
150.23021203701165	9.099476373421041e-05
150.2304931632389	7.213532327225924e-05
150.23071602242422	5.718466261193263e-05
150.23089269136602	4.5332653819243794e-05
150.23103274367605	3.5937074880399405e-05
150.23114376864442	2.8488809768538186e-05
150.2312317825495	2.2584261093287326e-05
150.2313015547007	1.7903480463864347e-05
150.23135686590265	1.4192831520852555e-05
150.23140071333867	1.125124620242848e-05
150.23143547298955	8.919329516571112e-06
150.23146302838853	7.070722442106507e-06
150.23148487268384	5.6052549421369955e-06
150.2315021895548	4.443518073803919e-06
150.2315159173527	3.5225610745716392e-06
150.23152679994405	2.792480264059089e-06
150.2315354270235	2.213714925044351e-06
150.2315422660663	1.7549036361821288e-06
20	120
-152.6126189197894	350.0000000000002
-159.78305060138516	278.5799461073604
-165.43765820119555	221.73367535194305
-169.8990777631678	176.48730094208915
-173.42151377748513	140.47377938594477
-176.20484678716792	111.80907968809667
-178.40605885390517	88.99362112521005
-180.14839444589833	70.83382336274256
-181.52863901582964	56.37966484277467
-182.62285888230008	44.874982838432
-183.4909027164258	35.717915144854636
-184.17991930652957	28.429413931773972
-184.7271017192186	22.62818457422123
-185.1618273026879	18.010738397697033
-185.50732780315943	14.335515806240604
-185.78199467659945	11.410249202067765
-186.00040118111662	9.081904593667412
-186.17410432003945	7.22867569216017
-186.31227531943614	5.753611670713044
-186.4221962388904	4.579545226142632
-186.50965180761563	3.645055606557245
-186.57923905548134	2.901255412665853
-186.63461230100887	2.309233075726124
-186.67867720376861	1.8380172165289068
-186.71374461133553	1.4629563917857804
-186.74165262278774	1.1644294650888618
-186.76386349478344	0.9268191360865086
-186.7815406139262	0.7376949285207147
-186.7956096607812	0.5871628955170688
-186.80680722824326	0.4673480222553903
-186.81571947784315	0.3719822481522515
-186.82281288179178	0.2960765561232837
-186.82845867529213	0.23565997442422051
-186.8329523086251	0.18757183707074676
-186.83652892321354	0.14929643503550652
-186.83937566543284	0.1188314080748926
-186.84164148501264	0.09458299216390108
-186.84344493229335	0.07528264245626425
-186.8448803633148	0.05992066993795932
-186.8460228780286	0.04769342000581045
-186.84606549874516	0.04723728982847184
-186.8215833516725	0.04722233040263644
-186.79140008774874	0.04722233040263644
-186.7541914226698	0.04722233040263644
-186.7083221369474	0.04722233040263644
-186.651776400404	0.04722233040263644
-186.58206918192704	0.04722233040263644
-186.49613703911962	0.04722233040263644
-186.39020348835095	0.04722233040263644
-186.2596130385863	0.04722233040263644
-186.0986265952359	0.04722233040263644
-185.90016924257864	0.04722233040263644
-185.65551932048544	0.04722233040263644
-185.3539251312111	0.04722233040263644
-184.98213243156164	0.04722233040263644
-184.5238019450055	0.04722233040263644
-183.95879129497158	0.04722233040263644
-183.26226980225903	0.04722233040263644
-182.40362724431546	0.04722233040263644
-181.34512861932586	0.04722233040263644
-180.0402557956585	0.04722233040263644
-178.43166316667663	0.04722233040263644
-176.44865746751404	0.04722233040263644
-174.0040909986249	0.04722233040263644
-170.99053172174496	0.04722233040263644
-167.2755419144128	0.04722233040263644
-162.69585789277636	0.04722233040263644
-157.05021501735357	0.04722233040263644
-150.090502660294	0.04722233040263644
-141.5108604190407	0.04722233040263644
-130.93423638468232	0.04722233040263644
-117.89581673749831	0.04722233040263644
-101.82259844555306	0.04722233040263644
-82.00820734207923	0.04722233040263644
-57.58185490473499	0.04722233040263644
-27.47006947173472	0.04722233040263644
9.650479913969178	0.04722233040263644
55.41114029601197	0.04722233040263644
111.82296806403441	0.04722233040263644
181.35682318371536	0.047221290953868574
181.37025075573362	0.04674899584727953
181.49919820510846	0.0359995805266927
181.5982559358252	0.027721874547456136
181.67439545363547	0.021347535642952088
181.73294444640044	0.016438905574259886
181.77798171112076	0.01265896078120155
181.81263418387044	0.009748172549328233
181.83930157232803	0.007506687925962338
181.8598269528113	0.0057806079378100415
181.87562674785957	0.004451420980896675
181.88779000061007	0.0034278658857936624
181.8971543423488	0.0026396659811359943
181.90436420959892	0.0020327039400356733
181.90991550815843	0.0015653061172756315
181.9141899086935	0.0012053812621318142
181.91748119825445	0.0009282171525830938
181.92001553812491	0.0007147838691516417
181.92196704322484	0.0005504272121858399
181.92346976714404	0.0004238625534096942
181.92462692419625	0.0003264000401970093
181.92551798673134	0.0002513479555662318
181.9262041479917	0.00019355326895545901
181.92673252735682	0.00014904783227278945
181.9271394077543	0.00011477592925764438
181.9274527281451	8.83844718576345e-05
181.92769400257652	6.806143863159093e-05
181.9278797977897	5.241146245760692e-05
181.92802287095455	4.036002547366262e-05
181.92813304573454	3.1079683333626864e-05
181.9282178868688	2.3933253380844927e-05
181.92828321961804	1.843006607380648e-05
181.92833352976268	1.419227591334185e-05
181.92837227160868	1.09289188000628e-05
181.9284021051749	8.415934615961194e-06
181.9284250788288	6.480783392747598e-06
181.92844276993628	4.990598822388315e-06
181.928456393166	3.843065737067395e-06
181.92846688388062	2.9593952118862943e-06
181.92847496237013	2.278914965118101e-06
181.92848118329948	1.7549036361821303e-06
40	118
-108.20528477981762	350.0000000000002
-114.59550705310929	285.5186327681929
-119.75081724931222	232.9168275937669
-123.91126016501823	190.0059833236491
-127.27070749992278	155.00071021812713
-129.9853472642496	126.4445453130814
-132.18077827943029	103.14935342510547
-133.9578875363943	84.14589245959773
-135.39767599100182	68.64348619463932
-136.5651878605567	55.997126647816465
-137.512686760258	45.68063725551968
-138.28220813466055	37.26478026621647
-138.90760180906966	30.399397462906496
-139.41616216337633	24.798841144531266
-139.8299275362948	20.230089193777662
-140.16671586294635	16.503049735388537
-140.4409507342287	13.462651991296104
-140.66432121846898	10.982394257111
-140.84630984847917	8.959080550890254
-140.99461595875377	7.308526942143705
-141.11549580879398	5.962058914486783
-141.2140363918963	4.863654027850528
-141.29437626794882	3.967610995112559
-141.35988397043445	3.2366481905159725
-141.41330235479887	2.640352474593615
-141.45686554353153	2.1539137959202415
-141.492393777705	1.7570929203191328
-141.5213704234454	1.4333793378748303
-141.54500454193655	1.1693043108234271
-141.56428176443046	0.953880480332168
-141.5800056820395	0.7781447159105942
-141.59283153491435	0.6347851868073913
-141.6032936444183	0.5178371389678528
-141.61182775775487	0.42243471975626906
-141.61878925352076	0.34460852462464164
-141.62446797819396	0.2811204422602631
-141.62910033926846	0.22932892662097137
-141.632879163758	0.18707909023719188
-141.63596173600988	0.1526130458972582
-141.63847635172132	0.12449676630621336
-141.58632101654777	0.12326265923328156
-141.52340067569278	0.12326265923328156
-141.44765266160346	0.12326265923328156
-141.35646177546857	0.12326265923328156
-141.24667965359987	0.12326265923328156
-141.1145160702329	0.12326265923328156
-140.9554080800513	0.12326265923328156
-140.76386248258268	0.12326265923328156
-140.5332661695519	0.12326265923328156
-140.25565780743798	0.12326265923328156
-139.9214529725789	0.12326265923328156
-139.5191132491186	0.12326265923328156
-139.03474786540895	0.12326265923328156
-138.451634115371	0.12326265923328156
-137.74964000737106	0.12326265923328156
-136.90452920757497	0.12326265923328156
-135.8871242809626	0.12326265923328156
-134.6622993409135	0.12326265923328156
-133.18776732860894	0.12326265923328156
-131.4126200530941	0.12326265923328156
-129.27557058690917	0.12326265923328156
-126.70283733603199	0.12326265923328156
-123.60559673168359	0.12326265923328156
-119.87691659822866	0.12326265923328156
-115.38806432175329	0.12326265923328156
-109.98406235890653	0.12326265923328156
-103.47833764002979	0.12326265923328156
-95.64628013731429	0.12326265923328156
-86.2174882076684	0.12326265923328156
-74.86643298089935	0.12326265923328156
-61.20121948137939	0.12326265923328156
-44.75005646112721	0.12326265923328156
-24.944967815536902	0.12326265923328156
-1.1021832186773317	0.12326265923328156
27.601469034796168	0.12326265923328156
62.156982017824596	0.12326265923328156
103.75738418879742	0.12326265923328156
153.8389286774193	0.12326265923328156
214.1431285875776	0.12203148380510018
214.44172717356187	0.09168798748229236
214.66488802780984	0.06888949299329643
214.83189816648493	0.0517599128870614
214.9570120302837	0.038889654512871644
215.050809694396	0.029219624681953
215.12116863555292	0.021954076919649977
215.1739676573268	0.01649512951107806
215.2136015131909	0.012393565832125926
215.24335972817605	0.009311868326470648
215.2657068898111	0.006996444195645466
215.28249083371867	0.0052567572550001945
215.29509771827728	0.003949648716586071
215.3045677868075	0.0029675566566425785
215.31168192299918	0.0022296647480071585
215.31702644692177	0.0016752518868941657
215.32104166593368	0.0012586954550233831
215.32405827816953	0.0009457170356833677
215.32632468189337	0.0007105616438132938
215.32802747045275	0.0005338783490283809
215.32930681765953	0.00040112788811910943
215.33026802996358	0.00030138622950289965
215.3309902218724	0.00022644563498163634
215.33153283177893	0.00017013924520311598
215.33194051625458	0.0001278336089836024
215.33224682658604	9.604739674414205e-05
215.33247697070618	7.216492200036353e-05
215.33264988810632	5.422089659745172e-05
215.33277980868306	4.0738707204820945e-05
215.33287742389632	3.060890484791668e-05
215.33295076666855	2.299790838423919e-05
215.33300587246896	1.7279409135275177e-05
215.3330472760066	1.2982831963486352e-05
215.33307838440683	9.754611657873585e-06
215.33310175759723	7.329098063006233e-06
215.3331193189661	5.506695735427293e-06
215.33313251364407	4.137439240393376e-06
215.33314242742324	3.1086525005941056e-06
215.33314987610987	2.335676685014276e-06
215.33315547265744	1.7549036361821303e-06
60	120
-62.393012270630194	350.0000000000002
-68.08969964182857	291.5992788371218
-72.77339709784435	242.94325548094045
-76.62470639660229	202.40593741881378
-79.7927079847518	168.63264395336475
-82.40011237696449	140.49473532913788
-84.54768212177214	117.05189572111067
-86.31800297080258	97.52070965369666
-87.77867586246664	81.24848173343506
-88.98499718024841	67.69142480023048
-89.98219169990647	56.39648758629845
-90.80725943931583	46.986214597460794
-91.49049361278297	39.14613226258801
-92.05672194014166	32.61423982009499
-92.52631789167044	27.172253746744612
-92.91602244230141	22.63831313408569
-93.23961095064166	18.860902239966645
-93.50843417978163	15.713787118262044
-93.73185743797129	13.091797118529323
-93.91761743402323	10.907310281271574
-94.07211272966856	9.087325177347179
-94.2006405901447	7.5710213379224305
-94.30759051639569	6.307726749138961
-94.3966027072553	5.2552244890015505
-94.47069806749482	4.378341917485809
-94.53238507412733	3.647775273260571
-94.58374777497046	3.039110397264762
-94.6265183665049	2.5320068575680033
-94.66213713893934	2.109518210507075
-94.6918020499037	1.7575256825075352
-94.71650976648593	1.464266347305475
-94.73708967651397	1.2199400311421222
-94.75423209678071	1.01638180944451
-94.76851168491325	0.8467891504491066
-94.78040688216532	0.7054945874230227
-94.79031606829555	0.5877763226172744
-94.79857099039033	0.4897004336935216
-94.80544792971283	0.40798940946073237
-94.81117699047732	0.3399126216340928
-94.81594982840514	0.2831950723889624
-94.81618504304527	0.2803998451960832
-94.7177054289471	0.2803925770245728
-94.60154306067456	0.2803925770245728
-94.46452442433865	0.2803925770245728
-94.30290490002507	0.2803925770245728
-94.11226754340068	0.2803925770245728
-93.88740237382986	0.2803925770245728
-93.62216398938384	0.2803925770245728
-93.30930361746489	0.2803925770245728
-92.94027101111084	0.2803925770245728
-92.5049807769493	0.2803925770245728
-91.99153674871448	0.2803925770245728
-91.38590687365473	0.2803925770245728
-90.671539726712	0.2803925770245728
-89.82891217208426	0.2803925770245728
-88.83499581008942	0.2803925770245728
-87.66262762771089	0.2803925770245728
-86.27976765316028	0.2803925770245728
-84.64862332669594	0.2803925770245728
-82.72461665738625	0.2803925770245728
-80.45516593896193	0.2803925770245728
-77.77824872993557	0.2803925770245728
-74.62070682527735	0.2803925770245728
-70.89624689575307	0.2803925770245728
-66.50308215384808	0.2803925770245728
-61.321150594718034	0.2803925770245728
-55.20883378871003	0.2803925770245728
-47.9990865524342	0.2803925770245728
-39.494871725104936	0.2803925770245728
-29.46377528590111	0.2803925770245728
-17.631654647409633	0.2803925770245728
-3.6751465376213064	0.2803925770245728
12.787170283669965	0.2803925770245728
32.2051989906144	0.2803925770245728
55.109620218618474	0.2803925770245728
82.1263951810652	0.2803925770245728
113.9938727350962	0.2803925770245728
151.58296792015253	0.2803925770245728
195.92096343409378	0.2803925770245728
248.21785688296256	0.28039125796686376
248.24276637114113	0.27758724917333977
248.8488740906468	0.20421520332174897
249.29018726970523	0.15023690530432554
249.61244142978077	0.11052618682781984
249.84823995863144	0.08131183180293078
250.02103148602475	0.059819434478888024
250.14778645695247	0.04400792187349295
250.2408419947605	0.03237571876924003
250.30919587721104	0.023818147306252813
250.35942575778702	0.0175225188094156
250.3963482784754	0.012890955013353161
250.423494911505	0.009483609232423886
250.44345721271475	0.0069768953487272245
250.45813824606523	0.0051327577417116296
250.46893617318682	0.0037760638103747283
250.47687857574286	0.0027779721189932593
250.4827208748295	0.002043696685607141
250.48701852109633	0.0015035054218885595
250.49017998748636	0.0011060978713564509
250.4925056922251	0.000813733348219316
250.49421659979777	0.0005986468097910572
250.49547524378266	0.0004404120878875679
250.49640118301625	0.0003240020726497892
250.49708236702082	0.00023836162986552465
250.49758349441132	0.00017535772573146929
250.4979521604442	0.00012900705533462528
250.4982233787848	9.490782488589504e-05
250.49842290762436	6.982172565064436e-05
250.49856969638856	5.1366400807257076e-05
250.4986776855884	3.778919966965083e-05
250.4987571308707	2.780073334378888e-05
250.49881557704705	2.045242506348108e-05
250.49885857465017	1.5046426502657806e-05
250.49889020707624	1.1069345067745736e-05
250.49891347838604	8.143488436087006e-06
250.49893059860082	5.99099617030803e-06
250.49894319358597	4.4074520881731306e-06
250.49895245945467	3.242471428343941e-06
250.49895927616163	2.3854192293635595e-06
250.49896429107136	1.7549036361821303e-06
80	120
-15.101845504404867	350.0000000000002
-20.177888779852765	296.9643435143887
-24.417652796596062	251.96520376837572
-27.958341646773164	213.78480378727093
-30.915454447571097	181.3898968858265
-33.38592698235448	153.90380471097686
-35.45088809693044	130.58269237246256
-37.17806893162395	110.79543861351341
-38.62389780643716	94.00655626357323
-39.835310345562256	79.76170076245843
-40.85130263816119	67.67537458432734
-41.70425424814689	57.4204948157859
-42.42104714854454	48.71954156354623
-43.0240057685738	41.33704764782992
-43.531682092538844	35.073226335887966
-43.9595080919495	29.75856466791004
-44.32033577365976	25.249236058675375
-44.62488291491891	21.423208029726705
-44.882100272450856	18.176939738628448
-45.09947382196086	15.422579933092566
-45.283273499898584	13.085589500368593
-45.438758039187604	11.102724272787814
-45.570343842430596	9.420323499684839
-45.681744423379094	7.992857667934487
-45.77608575809687	6.781696371891734
-45.856001899560106	5.754062888550684
-45.92371439788096	4.882147166397028
-45.98109840641983	4.142353223456351
-46.02973781712017	3.5146605874526413
-46.070971334076205	2.9820824972250533
-46.10593104367107	2.530206203126238
-46.13557475644094	2.146802925906905
-46.16071316692444	1.8214969187048928
-46.182032692397556	1.5454846762190833
-46.20011470094912	1.311296692242704
-46.21545171681435	1.1125953181841253
-46.228461090829796	0.9440032521763709
-46.23949654188779	0.8009580173085821
-46.248857907819314	0.6795884908360837
-46.256799388541985	0.5766101429744894
-46.25797785802675	0.5708966934569925
-46.089251338596284	0.5709023544382827
-45.89460351286251	0.5709023544382827
-45.66906455923769	0.5709023544382827
-45.40773197352594	0.5709023544382827
-45.104925211070196	0.5709023544382827
-44.75406220966069	0.5709023544382827
-44.34751631630048	0.5709023544382827
-43.87645050786788	0.5709023544382827
-43.33062530215698	0.5709023544382827
-42.69817618388911	0.5709023544382827
-41.96535570764004	0.5709023544382827
-41.116234671815526	0.5709023544382827
-40.13235586814158	0.5709023544382827
-38.992332880277566	0.5709023544382827
-37.67138521070145	0.5709023544382827
-36.140799630995	0.5709023544382827
-34.36730604698561	0.5709023544382827
-32.31235431202571	0.5709023544382827
-29.931276268614855	0.5709023544382827
-27.17231480379784	0.5709023544382827
-23.975498813070626	0.5709023544382827
-20.27133961806462	0.5709023544382827
-15.979320502248598	0.5709023544382827
-11.006146531927307	0.5709023544382827
-5.243716619175386	0.5709023544382827
1.4332262542372365	0.5709023544382827
9.169817728635818	0.5709023544382827
18.134226856663087	0.5709023544382827
28.52131156710472	0.5709023544382827
40.556854260550885	0.5709023544382827
54.50246960535978	0.5709023544382827
70.6612912139003	0.5709023544382827
89.38456080944594	0.5709023544382827
111.07926311138861	0.5709023544382827
136.21697239705145	0.5709023544382827
165.3441030364019	0.5709023544382827
199.0937868138991	0.5709023544382827
238.19963521292567	0.5709023544382827
283.5109063844888	0.5709011353867718
283.5525860442298	0.5651921203413309
284.6656906807888	0.4082881687771113
285.45519749215936	0.29494259166722625
286.01828230960126	0.2130630741516037
286.4213960836311	0.1539142695882675
286.7107412633169	0.11118586586258353
286.918807349238	0.08031936740292181
287.0686204931693	0.058021770392818514
287.17658964089645	0.04191424743958437
287.2544535377	0.03027836149315685
287.3106330712279	0.021872733753164453
287.35118091641596	0.015800606711989528
287.38045367643144	0.01141417324804444
287.40159032334935	0.00824546508315496
287.4168541590037	0.0059564274135383115
287.42787795235125	0.004302853407897205
287.4358400437841	0.0031083309112054382
287.44159105196087	0.0022454218486325076
287.44574514074475	0.0016220664473464725
287.4487458116666	0.0011717618055643228
287.45091335989133	0.0008464670058526188
287.45247911848463	0.0006114778520639911
287.453610176575	0.00044172443932196737
287.45442722529975	0.00031909656193710687
287.45501744422074	0.00023051161940773802
287.4554438075369	0.0001665188943416156
287.45575180535894	0.00012029129917180818
287.455974298312	8.689702579189617e-05
287.45613502405786	6.277339378214296e-05
287.45625113016445	4.5346764529833514e-05
287.45633500370405	3.275797164099047e-05
287.4563955928879	2.3663975085277763e-05
287.4564393617628	1.7094578473104544e-05
287.4564709798651	1.2348923294587708e-05
287.4564938204001	8.920717569932347e-06
287.45651032012927	6.444221902113335e-06
287.4565222393369	4.65523043388898e-06
287.45653084963163	3.362883948099193e-06
287.45653706960667	2.429307981417299e-06
287.45654156284377	1.7549036361821303e-06
100	118
33.712752711921965	350.0000000000002
29.195661455511036	301.7305012527433
25.37310533787388	260.1179868178057
22.14001511167188	224.24437299254546
19.406346935883292	193.3181916175659
17.095160594916255	166.65712816583428
15.140905413438734	143.67296805377143
13.487893040417669	123.85861904952513
12.088939915794715	106.77692345795973
10.904164939013627	92.05101324913133
9.899929685010688	79.35599533852397
9.047909601155947	68.41178357400909
8.324285166937065	58.976919283942784
7.709042226445717	50.84324405110474
7.185370812788644	43.83130717958688
6.739151928953318	37.786406531027794
6.358522028749637	32.575175380419886
6.0335053945830985	28.082639988371792
5.755705231231303	24.209682971976466
5.51804505194674	20.870856509441342
5.314552775981237	17.992497131908067
5.140180834361985	15.511100509711921
4.990656448741093	13.371920376505901
4.862357071805025	11.527760679756861
4.752206734153755	9.937934309213446
4.657589718750338	8.567365430102319
4.576278575556493	7.385815616114857
4.506373997343235	6.3672167086019344
4.446254508468921	5.489095683060865
4.394534279294701	4.7320788339263675
4.350027678644972	4.079464338651712
4.31171942394301	3.5168537706973577
4.2787393916196965	3.0318344316146097
4.2503413164552235	2.6137054936182995
4.22588474416958	2.253241910618565
4.2048197122381445	1.942490888956084
4.186673724326101	1.6745964274388765
4.171040657544283	1.443648055563388
4.157571302242785	1.2445504326791135
4.145965283654328	1.0729109311045368
4.4097015227208765	1.0622861792539822
4.711322044885269	1.0622861792539822
5.055332636385727	1.0622861792539822
5.447690842701655	1.0622861792539822
5.8951914890974395	1.0622861792539822
6.405584352814938	1.0622861792539822
6.987708373041163	1.0622861792539822
7.651644722887741	1.0622861792539822
8.408891394269377	1.0622861792539822
9.272562319126953	1.0622861792539822
10.257614475359444	1.0622861792539822
11.381106910465187	1.0622861792539822
12.6624961686416	1.0622861792539822
14.12397323752402	1.0622861792539822
15.790847849777935	1.0622861792539822
17.691986794846226	1.0622861792539822
19.860313831496093	1.0622861792539822
22.33337985860745	1.0622861792539822
25.154013218371265	1.0622861792539822
28.371061393791543	1.0622861792539822
32.04023694514416	1.0622861792539822
36.22508233524617	1.0622861792539822
40.99807035229602	1.0622861792539822
46.44185918731098	1.0622861792539822
52.6507239014845	1.0622861792539822
59.73218907348957	1.0622861792539822
67.80889090077308	1.0622861792539822
77.02070100254818	1.0622861792539822
87.52714870432074	1.0622861792539822
99.5101837528626	1.0622861792539822
113.17732730608807	1.0622861792539822
128.76526576640342	1.0622861792539822
146.54394969522156	1.0622861792539822
166.8212687932867	1.0622861792539822
189.94838390771176	1.0622861792539822
216.325808404962	1.0622861792539822
246.4103442264735	1.0622861792539822
280.72299274491286	1.0622861792539822
319.9255022824787	1.0516651700925654
321.81989858080016	0.747710156898285
323.1267149779618	0.5316050151966626
324.0370960393208	0.37795914576654266
324.67537325582254	0.26872040666457525
325.12479578755034	0.191054133143209
325.442167511064	0.13583516876954382
325.6667402890142	0.09657573364727981
325.8258716585683	0.06866316296432898
325.93874251450717	0.04881795633554364
326.01885654175317	0.03470846313935663
326.0757480667807	0.024676932504422922
326.1161625221437	0.017544741044363422
326.1448790710026	0.01247391418113249
326.1652871996958	0.008868670937052516
326.1797925308929	0.0063054245081056864
326.1901032776652	0.00448301425429068
326.1974328660956	0.0031873217700628957
326.202643472131	0.002266113710478102
326.2063478093784	0.0016111556094054176
326.20898136494924	0.0011454952086984538
326.210853690406	0.0008144211927706686
326.2121848345679	0.0005790350533090742
326.2131312293182	0.00041168083043125527
326.213804085159	0.0002926957619854206
326.2142824656807	0.00020810006867330127
326.21462258100746	0.00014795444350844367
326.21486439409773	0.00010519226395960217
326.21503631712096	7.478932118936396e-05
326.21515855019277	5.3173516315933076e-05
326.21524545498545	3.7805167802524434e-05
326.2153072422477	2.687861950082797e-05
326.2153511715548	1.9110090716805316e-05
326.2153824042787	1.3586842404360785e-05
326.21540461002695	9.659937739520932e-06
326.2154203978096	6.867997313450176e-06
326.2154316225621	4.882990798644434e-06
326.2154396031056	3.4716960492910178e-06
326.2154452770919	2.468297393066715e-06
326.2154493111657	1.7549036361821303e-06
120	119
84.07043292946311	350.0000000000002
80.05964953837366	305.99377102506975
76.62892420298216	267.5205368746936
73.69732033214527	233.88462258553903
71.19432393408513	204.47782185635572
69.0586644258712	178.7683994309105
67.23725129652784	156.29147623422912
65.68421425511714	136.6406234056766
64.36003656225846	119.46051323176961
63.23077304337667	104.44049409251258
62.26734576624759	91.30897324311296
61.44491150722192	79.82850586024931
60.742295933384085	69.79150155278454
60.14148992608032	61.01647070182441
59.62720372386297	53.34474275626263
59.186474643892595	46.63759714386019
58.80832412663361	40.773754918850905
58.483459807429966	35.64718578991762
58.204018302874175	31.165190875109097
57.96334444337489	27.246726515973485
57.75580280123173	23.820938842032803
57.5766175557375	20.825882587517633
57.42173699264116	18.20740099394247
57.28771923794422	15.918146544863019
57.171636156611946	13.916724825692333
57.07099268765407	12.166946027805166
56.98365922299615	10.637170562590267
56.907814957148744	9.299736952811017
56.841900430065564	8.130461656376665
56.784577752254506	7.108201778312667
56.73469723716935	6.214472763865709
56.6912693715455	5.433114159851023
56.65344123097634	4.749997400521478
56.620476598216115	4.152770334128127
56.59173916815561	3.6306338706882966
56.56667832920855	3.174146712295019
56.54481709878986	2.7750546350913745
56.525741863352415	2.4261412359777412
56.50909363354994	2.1210974452464346
56.49456057454142	1.8544074456645645
56.49356121090183	1.836045739928499
56.88346793580623	1.836045739928499
57.32189294974483	1.836045739928499
57.81487365659	1.836045739928499
58.36919872836979	1.836045739928499
58.992501589794266	1.836045739928499
59.69336553558797	1.836045739928499
60.48144192816367	1.836045739928499
61.36758310329828	1.836045739928499
62.36399181401035	1.836045739928499
63.48438927058045	1.836045739928499
64.74420409073764	1.836045739928499
66.16078476198123	1.836045739928499
67.75363854178559	1.836045739928499
69.54470008550248	1.836045739928499
71.55863350114565	1.836045739928499
73.82317199055295	1.836045739928499
76.36949975401046	1.836045739928499
79.23268141741939	1.836045739928499
82.45214489550266	1.836045739928499
86.07222434039943	1.836045739928499
90.14277065240995	1.836045739928499
94.71983796002938	1.836045739928499
99.86645552255789	1.836045739928499
105.65349568489772	1.836045739928499
112.16064983685324	1.836045739928499
119.47752581654086	1.836045739928499
127.70488186988426	1.836045739928499
136.95601415863683	1.836045739928499
147.35831692383942	1.836045739928499
159.05503678920118	1.836045739928499
172.2072453623269	1.836045739928499
186.9960572978219	1.836045739928499
203.62512436647626	1.836045739928499
222.3234398755205	1.836045739928499
243.34849205868298	1.836045739928499
266.9898098603259	1.836045739928499
293.5729499414654	1.836045739928499
323.46397981139836	1.836045739928499
357.1805849444637	1.8176865061464569
360.22496059435235	1.2743285140865648
362.260865902703	0.8933956192791521
363.64512866190444	0.6263343586243895
364.59599309743646	0.4391052746709832
365.2534642839447	0.3078442681435415
365.7100544940404	0.21582089511414174
366.0280724269375	0.15130591532128415
366.25001811352104	0.10607629070903385
366.4051283504458	0.07436708225646366
366.5136330308912	0.052136654537719776
366.5895859166664	0.036551531455965916
366.64277721296355	0.025625243192577446
366.6800401260479	0.017965132034749757
366.7061503641375	0.012594845114269117
366.72444877083257	0.008829889095476289
366.73727395501896	0.006190385092555029
366.74626370234074	0.004339903613711299
366.7525653607105	0.0030425834733539166
366.75698288238254	0.0021330690762530386
366.76007968881504	0.0014954342991455986
366.76225067729547	0.001048406621218954
366.76377264923656	0.0007350081805959221
366.7648396377553	0.0005152934125070755
366.76558766192755	0.0003612576131573197
366.7661120749539	0.0002532674780940105
366.76647972335206	0.00017755865378030555
366.76673746989223	0.0001244813418980382
366.766918168034	8.727034222679504e-05
366.7670448500581	6.118276455133516e-05
366.76713366307837	4.28935029086523e-05
366.7671959272934	3.0071419708909074e-05
366.7672395789312	2.1082220429401097e-05
366.7672701818401	1.4780147480106489e-05
366.7672916366623	1.0361942674171346e-05
366.76730667802667	7.264464453235594e-06
366.76731722309773	5.092910224630612e-06
366.7673246159479	3.570495075462081e-06
366.76732979886566	2.503172944664191e-06
366.7673334324612	1.7549036361821303e-06
140	119
135.97061727253217	350.0000000000002
132.42073507385228	309.83349983591535
129.3578478302532	274.27656463020503
126.71939622520811	242.8001941209943
124.4500440429053	214.93609687241994
122.50095055098	190.26972324300903
120.82911020083175	168.4340979005493
119.39675230042027	149.10436012637817
118.17079425210189	131.99293068214405
117.12234285308855	116.84523333385111
116.22623901001391	103.4359073799178
115.46064199918978	91.56545483492395
114.80665008703063	81.0572723873483
114.24795489189566	71.7550239740719
113.77052730807644	63.52031488199044
113.36233312399644	56.23063277304693
113.01307665942555	49.77752500017489
112.71397083925265	44.064985097068345
112.45753213888788	39.00802443669173
112.2373988057988	34.53140780830029
112.04817070914733	30.568534101448307
111.88526911753102	27.060445444300665
111.7448146696731	23.95495005464716
111.62352179561664	21.20584575378818
111.51860787047666	18.77223259107646
111.42771543923571	16.617904352648683
111.34884593531783	14.710809901484653
111.28030342188342	13.022576334850882
111.22064700606091	11.52808686487775
111.16865070596259	10.205107142164314
111.12326968220731	9.033954463020736
111.08361187496973	7.997204938959987
111.04891421045762	7.079434271837242
111.01852265465841	6.266988278004731
110.99187549579672	5.54777974744244
110.96848932934918	4.91110861562543
110.94794730083753	4.347502772724394
110.92988923230155	3.848577141770126
110.91400331918074	3.406908929208969
110.90001913608421	3.0159271918829798
110.89895447420783	2.9860659055910026
111.4434182903952	2.9860659055910026
112.04771063452921	2.9860659055910026
112.71840577775494	2.9860659055910026
113.46280040646924	2.9860659055910026
114.28899300508218	2.9860659055910026
115.20597196177042	2.9860659055910026
116.22371335575136	2.9860659055910026
117.35328948993352	2.9860659055910026
118.6069893497014	2.9860659055910026
119.99845229834098	2.9860659055910026
121.54281646361677	2.9860659055910026
123.25688342984094	2.9860659055910026
125.15930102716727	2.9860659055910026
127.2707662067276	2.9860659055910026
129.61425020874768	2.9860659055910026
132.21524847331185	2.9860659055910026
135.1020580126277	2.9860659055910026
138.3060852624043	2.9860659055910026
141.8621877615473	2.9860659055910026
145.80905337740384	2.9860659055910026
150.18962120225856	2.9860659055910026
155.05154870013408	2.9860659055910026
160.44773018612247	2.9860659055910026
166.4368722789341	2.9860659055910026
173.0841325871773	2.9860659055910026
180.46182857782338	2.9860659055910026
188.6502243388404	2.9860659055910026
197.73840379541474	2.9860659055910026
207.82523987973255	2.9860659055910026
219.02047019819778	2.9860659055910026
231.4458908985839	2.9860659055910026
245.236681725543	2.9860659055910026
260.5428766801354	2.9860659055910026
277.53099628311037	2.9860659055910026
296.3858591998009	2.9860659055910026
317.3125929358252	2.9860659055910026
340.53886547853347	2.9860659055910026
366.31736216287345	2.9860659055910026
395.0899826440198	2.9562058613506426
399.78029351659984	2.046827788660458
402.80526997528654	1.4171895304065678
404.8096127329575	0.9812384687274555
406.1585385483495	0.6793932017225534
407.0751314409431	0.47040055731348124
407.7018068290776	0.32569752502645366
408.1320075964244	0.2255075512966814
408.428135187073	0.15613767923994842
408.6323485491216	0.10810713316807558
408.77335303178364	0.07485158162149642
408.8707967554082	0.05182599063587107
408.93817668885447	0.035883454259809856
408.9847871545822	0.024845107132880268
409.0170392426759	0.01720233910523108
409.03936037224554	0.011910613591186262
409.0548105156748	0.008246710825239563
409.06550571748875	0.005709885465972029
409.0729098333978	0.003953429764353537
409.0780358102548	0.0027372890393022537
409.0815847070208	0.001895253420774877
409.084041787004	0.0013122419581508575
409.0857429721841	0.0009085745145509697
409.086920817605	0.0006290818879582173
409.08773632528914	0.00043556584013657636
409.08830096306696	0.00030157854601352367
409.08869190591037	0.00020880797122913255
409.0889625868146	0.00014457516764760506
409.0891500010911	0.0001001014423793075
409.0892797632928	6.930857442158954e-05
409.08936960832773	4.79881046084308e-05
409.0894318154616	3.322616578292171e-05
409.0894748866105	2.300524477143535e-05
409.0895047083405	1.5928448995631155e-05
409.0895253564019	1.1028593258935941e-05
409.08953965277317	7.63601461161773e-06
409.0895495513402	5.287049561066613e-06
409.08955640494366	3.660665213846775e-06
409.0895611502638	2.534583732020929e-06
409.0895644358436	1.7549036361821303e-06
160	120
189.39680202768497	350.0000000000002
186.26813874043341	313.31578127836974
183.55030932270083	280.4765108516433
181.19493830158945	251.07919179346771
179.15864054098176	224.7630661128912
177.40256781403	201.20518760480664
175.8919956815722	180.11645871903178
174.5959465961918	161.23808281327612
173.48684550339826	144.33838825276584
172.54020456024574	129.20998538250274
171.73433394087215	115.66722148310159
171.0500760477821	103.54390247793194
170.47056079400483	92.69125343281299
169.98097995838756	82.97609281992328
169.56837893621272	74.27919814085935
169.22146450048993	66.49384285209771
168.9304274472745	59.5244866383032
168.68677921372537	53.285602960782384
168.48320172582382	47.700629492990096
168.31340985283552	42.701028563046435
168.17202591975098	38.22544607320248
168.05446576299252	34.21895857468461
167.95683581636354	30.63239925816992
167.8758406928016	27.42175458858416
167.80870069288488	24.547624179845595
167.75307863166478	21.97473728124605
167.7070153390199	19.671519941887237
167.66887316073485	17.609707541501216
167.63728677139818	15.763997932711566
167.611120607568	14.111740938166077
167.58943224058243	12.63266039211273
167.5714410314278	11.308605315368917
167.5565014435164	10.123327170152955
167.54408043028178	9.062280461294339
167.53373836099036	8.112444236840396
167.52511299753687	7.262162297551014
167.5179060851636	6.501000154364328
167.51187216943762	5.819616978444172
167.5068092990356	5.209650972406009
167.50255131807117	4.6636167560200175
167.50220341511607	4.61744199864473
168.2282712882548	4.61744199864473
169.0243775002247	4.61744199864473
169.89727812588825	4.61744199864473
170.85438094813412	4.61744199864473
171.9038083232774	4.61744199864473
173.0544661106151	4.61744199864473
174.3161192511005	4.61744199864473
175.69947463652713	4.61744199864473
177.21627197248313	4.61744199864473
178.87938340617583	4.61744199864473
180.70292276460697	4.61744199864473
182.70236533013855	4.61744199864473
184.8946791699116	4.61744199864473
187.29846913363227	4.61744199864473
189.93413474174704	4.61744199864473
192.82404330391066	4.61744199864473
195.99271973689713	4.61744199864473
199.4670546928263	4.61744199864473
203.27653276396364	4.61744199864473
207.45348270073066	4.61744199864473
212.0333517663765	4.61744199864473
217.05500655659284	4.61744199864473
222.56106283694783	4.61744199864473
228.598247197271	4.61744199864473
235.21779359213298	4.61744199864473
242.47587813261975	4.61744199864473
250.4340958192188	4.61744199864473
259.15998326156176	4.61744199864473
268.7275918210329	4.61744199864473
279.21811604015863	4.61744199864473
290.7205826918825	4.61744199864473
303.3326062962707	4.61744199864473
317.16121751626554	4.61744199864473
332.323771462583	4.61744199864473
348.9489436159929	4.61744199864473
367.17782181877374	4.61744199864473
387.16510360241904	4.61744199864473
409.080409012595	4.61744199864473
433.1097200725052	4.61744199864473
433.3512432826995	4.571267909366154
440.3688180548058	3.1298924042617244
444.6999159663898	2.1429998539756485
447.49037804902963	1.467286341181084
449.3298041863545	1.004633389508873
450.55872946333756	0.6878604529935612
451.3866656829891	0.4709698161871896
451.94745634725757	0.3224673940681853
452.328641789472	0.22078956371122688
452.5883535102035	0.1511719706876355
452.7655813295382	0.1035056382985249
452.8866509939549	0.07086907123624132
452.9694172114175	0.048523204536955564
453.02602612426523	0.03322325716230307
453.0647574540498	0.022747566386137442
453.09126317442303	0.015574986340558422
453.1094051629745	0.010664006662990203
453.12182387948025	0.007301517678520288
453.1303254738571	0.004999261731030792
453.1361457801061	0.0034229346494459175
453.14013057714027	0.0023436423705629106
453.14285878076555	0.0016046638699301057
453.14472668387725	0.0010986941385773775
453.14600558418846	0.0007522627216607462
453.1468812175824	0.0005150652784342481
453.1474807465609	0.00035265902909939803
453.14789123372447	0.00024146141472280753
453.1481722878926	0.00016532573956445194
453.1483647216249	0.00011319655438079089
453.14849647837195	7.750432544527069e-05
453.14858669048726	5.306628364781562e-05
453.14864845757114	3.633384903374141e-05
453.1486907487202	2.4877351396380495e-05
453.14871970494823	1.7033224636461428e-05
453.14873953092354	1.1662444964232362e-05
453.1487531055277	7.985136428753442e-06
453.1487623998952	5.46732730412522e-06
453.1487687636371	3.7434135430419422e-06
453.1487731208154	2.563070431809812e-06
453.1487761041209	1.7549036361821303e-06
180	120
244.3202784693939	350.0000000000002
241.57762369165178	316.49641508550303
239.18300785648321	286.19994503421316
237.09913845743338	258.80359028856117
235.29215728416034	234.02973867881957
233.73135424849298	211.62735232926696
232.38890538748547	191.3694238464268
231.2396329614125	173.05067601249203
230.26078570035827	156.4854816745044
229.43183737921981	141.50598275116747
228.73430202033424	127.96038929684428
228.15156413894985	115.71144138684731
227.66872256151933	104.63501823803807
227.27244646274565	94.61888047070072
226.95084238557203	85.56153276680135
226.69333112957148	77.37119539975245
226.49053351697538	69.96487421400455
226.33416417054454	63.267519630401544
226.21693256144405	57.211266155353506
226.132450705293	51.73474468763412
226.07514699733548	46.782460654285515
226.0401857799287	42.304231674171284
226.02339232424026	38.254679050919336
226.02118298085128	34.59276794246409
226.03050030956823	31.281391547641686
226.0487530368356	28.28699509632721
226.07376071059684	25.57923583293931
226.10370292907777	23.130675547862612
226.1370730144704	20.91650254115547
226.1726359879121	18.91428020115001
226.20939068187516	17.10371965024763
226.24653580315248	15.466474154088127
226.2834397369693	13.985953210804194
226.31961386254875	12.647154436494564
226.3546891343654	11.436511543380691
226.3883956723902	10.341756870182722
226.42054509916747	9.351797071710575
226.4510153616828	8.456600708009983
226.47973778098077	7.647096593984814
226.506686082002	6.915081879453566
226.50925436637007	6.846621896085739
227.4391310719363	6.846616958944288
228.4469004416409	6.846616958944288
229.5390861782034	6.846616958944288
230.72275946597182	6.846616958944288
232.0055838110198	6.846616958944288
233.39586465730824	6.846616958944288
234.902603158973	6.846616958944288
236.53555445687766	6.846616958944288
238.30529083673562	6.846616958944288
240.22327017770638	6.846616958944288
242.3019101346281	6.846616958944288
244.55466853416576	6.846616958944288
246.99613050538795	6.846616958944288
249.64210290888568	6.846616958944288
252.50971667579867	6.846616958944288
255.61753771932837	6.846616958944288
258.9856871368155	6.846616958944288
262.6359714806123	6.846616958944288
266.59202394116767	6.846616958944288
270.87945735639244	6.846616958944288
275.5260300379402	6.846616958944288
280.5618254880191	6.846616958944288
286.01944717028425	6.846616958944288
291.93422959582216	6.846616958944288
298.3444670908717	6.846616958944288
305.291661727402	6.846616958944288
312.82079202173304	6.846616958944288
320.98060414084847	6.846616958944288
329.82392750176786	6.846616958944288
339.40801680727736	6.846616958944288
349.79492273247615	6.846616958944288
361.05189366208873	6.846616958944288
373.25181107952835	6.846616958944288
386.4736614265712	6.846616958944288
400.80304748861926	6.846616958944288
416.33274261643777	6.846616958944288
433.16329137258725	6.846616958944288
451.40366049134144	6.846616958944288
471.17185416252624	6.846615299585443
471.532636306984	6.778149565008938
481.8517914750385	4.594278901013381
487.87678260959655	3.1140355369642667
491.6405916902478	2.110715856483456
494.0695289545851	1.430658505314871
495.66570402097636	0.9697107038556158
496.72613583509366	0.6572769432249634
497.43548764835407	0.4455070758499909
497.9120952596893	0.3019679249032744
498.2332542765049	0.20467604806594067
498.4500820207218	0.1387309088053317
498.59665967446637	0.09403281546530838
498.6958331045604	0.06373612384202108
498.7629721521437	0.04320080667906998
498.80844218311796	0.02928181987264063
498.83924499483373	0.019847429734898402
498.8601155156381	0.013452731722108167
498.8742581033945	0.009118359062322254
498.8838423977839	0.006180489859378908
498.8903379423595	0.0041891808208918205
498.89474032065675	0.002839457122237143
498.8977241243127	0.0019246046169252799
498.89974649443906	0.0013045109582678674
498.9011172377492	0.000884206982190265
498.9020463219633	0.0005993219009766853
498.9026760548391	0.0004062247281745819
498.9031028890685	0.00027534206494304707
498.9033921988957	0.00018662884720922052
498.9035882945012	0.000126498385264333
498.9037212092058	8.574152235181915e-05
498.9038112996104	5.8116225277069376e-05
498.9038723634725	3.9391598700526577e-05
498.90391375296974	2.6699911096868326e-05
498.9039418070563	1.8097393253834678e-05
498.9039608223137	1.2266544311540989e-05
498.9039737109892	8.314352638334583e-06
498.9039824470263	5.635528478019818e-06
498.90398836837494	3.819802046901625e-06
498.90399238190673	2.589089512087909e-06
498.9039951023086	1.7549036361821303e-06
200	120
300.70321562267407	350.0000000000002
298.31481644211425	319.42359677047807
296.2222040677521	291.51838335368154
294.3968349385261	266.051001530137
292.81252188844746	242.8084795232693
291.4452519254411	221.59645101626745
290.2730181148633	202.2375297576826
289.2756645419431	184.5698261633586
288.43474339644854	168.4455935097196
287.7333832852657	153.729992397178
287.15616793484844	140.2999631514423
286.6890244963184	128.0431967331406
286.3191207119663	116.85719554997009
286.0347702437745	106.64841631737863
285.8253455029349	97.33148779992115
285.6811973549656	88.82849689163612
285.59358110863525	81.06833706526177
285.55458822916603	73.98611374167804
285.55708324806176	67.52260160696123
285.5946453737309	61.62374933884458
285.6615143398727	56.240227600845884
285.752540062526	51.32701652414998
285.86313571222774	46.84302922754774
285.9892338450431	42.75076822710826
286.1272452749521	39.0160118622971
286.2740204101083	35.60752811627014
286.42681281593013	32.49681343715693
286.5832448081499	29.65785437621669
286.7412749176823	27.06691004956055
286.89916710552393	24.70231360426745
287.0554616387171	22.54429102864972
287.20894756671873	20.574795791462027
287.3586367606859	18.777357927219654
287.50373949561225	17.136946305597533
287.64364156688185	15.639842933132902
287.77788293874784	14.273528236076121
287.9061379230532	13.026576365064026
288.0281968828035	11.888559646097262
288.14394944805605	10.849961378790704
288.25336922184437	9.902096252668839
288.2648977073974	9.804061802144497
289.4113820211013	9.804056667477292
290.63966946221234	9.804056667477292
291.9555956009925	9.804056667477292
293.3654134862573	9.804056667477292
294.8758223238349	9.804056667477292
296.493999310009	9.804056667477292
298.22763373629	9.804056667477292
300.0849635275712	9.804056667477292
302.0748143872941	9.804056667477292
304.2066417356343	9.804056667477292
306.4905756399893	9.804056667477292
308.9374689512715	9.804056667477292
311.5589488747409	9.804056667477292
314.3674722204327	9.804056667477292
317.3763845957206	9.804056667477292
320.59998382128816	9.804056667477292
324.05358787185	9.804056667477292
327.7536076644646	9.804056667477292
331.7176250403166	9.804056667477292
335.9644763105236	9.804056667477292
340.5143417629631	9.804056667477292
345.3888415554395	9.804056667477292
350.6111384508594	9.804056667477292
356.2060478825935	9.804056667477292
362.2001558730375	9.804056667477292
368.6219453656992	9.804056667477292
375.5019315711207	9.804056667477292
382.8728069697737	9.804056667477292
390.76959666095894	9.804056667477292
399.22982479589734	9.804056667477292
408.2936928858756	9.804056667477292
418.0042708327342	9.804056667477292
428.4077015894415	9.804056667477292
439.55342042326396	9.804056667477292
451.4943898234336	9.804056667477292
464.2873511695512	9.804056667477292
477.9930943566107	9.804056667477292
492.6767466578532	9.804056667477292
508.4080200105233	9.804055042032164
508.95731722769625	9.7060151387546
524.0599555722549	6.518519548791668
532.2577214688336	4.377810718460434
537.2063074516303	2.940119538372743
540.3309825617713	1.9745720991247278
542.3513235684806	1.3261144398230023
543.6757814803964	0.8906129628219723
544.5514403883662	0.5981319754367503
545.1335020240871	0.4017029562496762
545.5217558330118	0.2697820408980838
545.7813255647135	0.181184500782957
545.9551247273656	0.12168275995943953
546.0716115305341	0.08172163737716019
546.149737625053	0.0548839130360799
546.2021591396283	0.036859808574930146
546.2373437648151	0.02475489470452551
546.2609639531659	0.01662528470777083
546.2768228206781	0.011165472320264349
546.2874716081667	0.007498684944403896
546.2946224050427	0.00503608573668457
546.2994244516829	0.0033822143129463005
546.3026493064142	0.002271481117839297
546.3048150243603	0.001525517306502621
546.3062694749707	0.0010245311018269537
546.3072462614707	0.0006880708426816846
546.3079022597932	0.0004621055268155725
546.3083428221922	0.00031034815700261604
546.3086387005585	0.0002084285362666965
546.3088374105605	0.0001399797413003855
546.308970863068	9.400981422932779e-05
546.3090604890793	6.31366016920076e-05
546.3091206814747	4.240228007994156e-05
546.3091611064096	2.847719560119129e-05
546.3091882556156	1.9125166566034014e-05
546.3092064889029	1.2844382617621356e-05
546.3092187343027	8.626234143280741e-06
546.3092269582601	5.79334310647332e-06
546.3092324814355	3.890785224681757e-06
546.3092361907768	2.613035234817493e-06
546.3092386819548	1.7549036361821303e-06
220	119
358.5011509277037	350.0000000000002
356.4379383910276	322.1407095901162
354.62649992651023	296.49896221492435
353.04524680421935	272.8982459447106
351.67420617037845	251.17609884150588
350.49490575606785	231.18299060822804
349.4902665387869	212.78129325628487
348.64450282921086	195.84433370594903
347.9430292911576	180.25552179782252
347.37237443543074	165.9075477128205
346.9201001588091	152.7016432758972
346.5747269276875	140.54690205849795
346.3256642320771	129.35965359947733
346.1631459602127	119.06288743676349
346.07817036675334	109.58572298493456
346.0624443287921	100.86292160946486
346.1083316037545	92.83443753887215
346.2088048218091	85.4450045233475
346.35740096264067	78.64375539451953
346.5481800826602	72.38387190749152
346.77568707378435	66.62226245474109
347.03491624885584	61.319265433340675
347.3212785619134	56.438376223545816
347.6305712835047	51.94599589933422
347.9589499623391	47.811199941076524
348.302902514849	44.00552535820943
348.659225293505	40.50277475651273
349.0250009931824	37.27883600123328
349.39757826259313	34.31151623465957
349.7745528946436	31.58038910556005
350.15375047574946	29.06665415884881
350.53321037970795	26.75300741754872
350.911170996765	24.623522266167942
351.2860560929642	22.663539815518178
351.6564621992653	20.85956799427106
352.02114693384885	19.19918867262215
352.37901816515927	17.670972178722902
352.72912392727983	16.26439861943141
353.07064300374077	14.96978546377182
353.4028761005376	13.778220890603594
353.4420809463064	13.641802437715752
354.7982375489762	13.641802437715752
356.2338512216031	13.641802437715752
357.75357734539745	13.641802437715752
359.3623440598553	13.641802437715752
361.06536824363775	13.641802437715752
362.8681724317671	13.641802437715752
364.7766027240008	13.641802437715752
366.7968477424539	13.641802437715752
368.9354586999483	13.641802437715752
371.19937064416206	13.641802437715752
373.59592494647393	13.641802437715752
376.13289310842407	13.641802437715752
378.81850196299513	13.641802437715752
381.6614603524319	13.641802437715752
384.6709873691128	13.641802437715752
387.85684225105035	13.641802437715752
391.2293560289657	13.641802437715752
394.7994650275627	13.641802437715752
398.5787463296368	13.641802437715752
402.57945531802346	13.641802437715752
406.81456541712447	13.641802437715752
411.29781016288666	13.641802437715752
416.0437277376553	13.641802437715752
421.06770811432074	13.641802437715752
426.3860429626352	13.641802437715752
432.01597847953485	13.641802437715752
437.97577131478533	13.641802437715752
444.28474777330507	13.641802437715752
450.96336648614545	13.641802437715752
458.03328475335786	13.641802437715752
465.51742877388165	13.641802437715752
473.4400679901945	13.641802437715752
481.8268937888067	13.641802437715752
490.70510281180975	13.641802437715752
500.10348514963954	13.641802437715752
510.0525177010444	13.641802437715752
520.584463003002	13.641802437715752
531.7334738510739	13.641802437715752
544.4201318016809	13.505384833363914
566.7779013461726	8.993657744954106
577.7488725929259	5.989157704973456
584.1238596688491	3.988367250818247
588.0601496291224	2.6559783714144163
590.5649901658387	1.7686989852737245
592.1862349898046	1.1778319184287436
593.2463584700334	0.7843550765959431
593.9440101653342	0.5223265531830176
594.4050034436759	0.3478335721929627
594.710425808101	0.2316332440065022
594.9131286837522	0.15425181471330449
595.0478122521207	0.10272110311454129
595.1373687051658	0.06840519215076793
595.1969481153586	0.04555315481732859
595.2365977847593	0.030335269130418074
595.2629901711417	0.020201203558899025
595.2805605610598	0.013452612649441495
595.2922589614697	0.008958515098779417
595.300048285041	0.00596575511883119
595.3052349926388	0.003972782737477292
595.3086887853888	0.0026456001570325524
595.3109886861446	0.0017617878080428693
595.3125202230088	0.0011732295495665507
595.3135401040053	0.0007812902153666386
595.3142192669761	0.0005202855663268685
595.3146715394267	0.00034647441527350925
595.3149727202767	0.00023072813894610753
595.3151732853491	0.00015364907697299913
595.3153068476012	0.00010231972122034444
595.3153957907477	6.813789940598723e-05
595.3154550207094	4.537515622684584e-05
595.3154944637657	3.0216734307335403e-05
595.315520730118	2.0122267516511633e-05
595.3155382216985	1.3400046672408421e-05
595.3155498698851	8.923509772215413e-06
595.315557626775	5.9424439781083196e-06
595.3155627923312	3.957259120498382e-06
595.3155662322354	2.635262495440921e-06
595.3155685229752	1.7549036361821303e-06
240	120
417.66498762907725	350.0000000000002
415.9000803466567	324.68988136811663
414.3492437118094	301.21005446526163
412.99643333846115	279.4281624320266
411.8267146954505	259.22141974561566
410.8261926099639	240.47592007222474
409.98194529581826	223.0859941718265
409.28196264856905	206.953614235824
408.71508856796316	191.98784129980746
408.27096708601584	178.10431261644356
407.93999209628174	165.2247660988085
407.7132604968119	153.2765991534192
407.58252857612695	142.19245941609145
407.54017148857025	131.90986508357554
407.5791456828895	122.37085270077249
407.69295416633656	113.52165041808264
407.8756145063592	105.31237487702867
408.12162949382935	97.69675001547726
408.425960416414	90.63184620735953
408.7840029194245	84.07783826640252
409.1915654655344	77.99778094973102
409.64485044634057	72.35740069584142
410.14043805048954	67.12490242296562
410.6752730589943	62.27079029874028
411.24665482371137	57.767701470847996
411.85223079800653	53.59025182136685
412.48999414052196	49.71489287533444
413.1582861211776	46.11977905691701
413.85580434881047	42.78464454489742
414.5816182521378	39.69068903331363
415.3351938426832	36.82047175327251
416.1164306707937	34.157813158537515
416.92571522003146	31.687703720685175
417.7639970530579	29.39621931970654
418.6328973169284	27.270442753104707
419.5348646324478	25.298390921033032
420.4734026218256	23.468947277012667
421.45340971960314	21.771799163450915
422.4817024704286	20.197379678718097
423.56785389378547	18.736813748085062
423.71684564531313	18.551303784273212
425.2217643610907	18.551300983951137
426.793238902025	18.551300983951137
428.4342120017491	18.551300983951137
430.14775723832486	18.551300983951137
431.9370841189942	18.551300983951137
433.8055440916553	18.551300983951137
435.75663682219675	18.551300983951137
437.79401674944796	18.551300983951137
439.92149993002135	18.551300983951137
442.14307118586936	18.551300983951137
444.4628915679414	18.551300983951137
446.88530614992294	18.551300983951137
449.4148521666517	18.551300983951137
452.05626751245694	18.551300983951137
454.8144996153378	18.551300983951137
457.69471470360253	18.551300983951137
460.7023074823261	18.551300983951137
463.84291123774904	18.551300983951137
467.1224083885444	18.551300983951137
470.54694150371506	18.551300983951137
474.12292480775784	18.551300983951137
477.8570561946448	18.551300983951137
481.75632977312347	18.551300983951137
485.8280489668333	18.551300983951137
490.07984019377596	18.551300983951137
494.519667150761	18.551300983951137
499.155845729582	18.551300983951137
503.99705959286183	18.551300983951137
509.0523764387398	18.551300983951137
514.3312649848666	18.551300983951137
519.8436127035166	18.551300983951137
525.5997443410371	18.551300983951137
531.6104412563219	18.551300983951137
537.886961614528	18.551300983951137
544.4410614738634	18.551300983951137
551.285016804938	18.551300983951137
558.4316464839204	18.551300983951137
565.8943363025717	18.551300983951137
573.687045337734	18.551300056967648
575.3286018314212	18.36578773327149
609.7133659768037	12.134330222359322
624.2269447792473	8.017187832271365
632.3126491108952	5.296979689862324
637.1921607242988	3.499730132537614
640.2487768564808	2.3122820395239407
642.2029669980557	1.527731575813876
643.4674888171752	1.0093767662612942
644.2918395451193	0.666898211961965
644.8317697850625	0.4406216191852924
645.1864798511191	0.29112000573865937
645.4199650286237	0.19234384798907742
645.5738513389222	0.12708214870144324
645.6753603023884	0.08396355114769687
645.7423561493404	0.055474966337674396
645.7865893938863	0.03665247417599872
645.8158008690924	0.024216397988328652
645.8350950634376	0.01599984570518143
645.8478402148392	0.010571145333545978
645.8562598483466	0.0069843869573543394
645.861822233829	0.00461460510009828
645.8654971039452	0.0030488832248090915
645.8679250079066	0.002014406155431222
645.8695290903793	0.0013309240990340893
645.8705888945778	0.0008793454848287595
645.8712891025605	0.0005809861601047766
645.8717517286451	0.0003838592726714534
645.8720573855835	0.00025361695567633464
645.8722593333789	0.00016756547199938253
645.8723927606007	0.00011071100247023397
645.8724809162374	7.314708645949027e-05
645.8725391608737	4.8328496157829586e-05
645.8725776432534	3.193078021187969e-05
645.8726030686647	2.109676083463621e-05
645.8726198673048	1.3938692219874218e-05
645.8726309662134	9.209335135534437e-06
645.8726382992949	6.08463493566933e-06
645.8726431442828	4.020136280795619e-06
645.8726463453812	2.6561159193672092e-06
645.8726484603557	1.754903636182127e-06
260	120
478.14261544024816	350.0000000000002
476.6509385970328	327.11371421571545
475.3403162636905	305.72394865143053
474.1991118952474	285.73284676589725
473.2164515362156	267.04895079720615
472.3821837260629	249.5867833505254
471.6868422262693	233.26645634555254
471.12161150636706	218.01330553466198
470.6782949487072	203.75754891968236
470.3492857571586	190.43396750459314
470.12754058495	177.9816069236065
470.00655593250787	166.3434985796062
469.980347409782	155.46639901717583
470.0434320114546	145.30054633785946
470.19081362164246	135.79943254328526
470.4179720518313	126.91959076463004
470.72085602938273	118.6203964050192
471.0958807035293	110.86388128510374
471.53993043626946	103.61455994154363
472.0503679176431	96.83926728372914
472.6250510199923	90.50700686602583
473.2623593310447	84.58880908140841
473.9612330531863	79.05759862772439
474.72122803975014	73.88807064025758
475.5425923396758	69.05657492390787
476.4263720378905	64.54100775535808
477.37455791230997	60.32071076022989
478.3902903530726	56.376376402601785
479.4781496763092	52.68995965450935
480.6445753505499	49.244595441322105
481.898486481299	46.024521485317585
483.2522289913262	43.01500619446627
484.7230781635089	40.20228126652531
486.33573948717435	37.57347870010847
488.12677285801334	35.11657192456435
490.1530668306886	32.82032077933586
492.5099188991146	30.67422009108506
495.3761147154682	28.668451613328997
499.1583564945888	26.79383910871299
505.2656871496918	25.04180636842684
506.68275390543494	24.79386937719142
507.9959375343414	24.793867744146972
509.3400803024253	24.793867744146972
510.71591158048	24.793867744146972
512.1241784332431	24.793867744146972
513.5656455376944	24.793867744146972
515.0410955982696	24.793867744146972
516.5513297718619	24.793867744146972
518.0971681028432	24.793867744146972
519.6794499683416	24.793867744146972
521.299034534016	24.793867744146972
522.9568012205755	24.793867744146972
524.6536501812981	24.793867744146972
526.3905027908052	24.793867744146972
528.1683021453614	24.793867744146972
529.988013574967	24.793867744146972
531.8506251675243	24.793867744146972
533.7571483053609	24.793867744146972
535.7086182144018	24.793867744146972
537.7060945262881	24.793867744146972
539.7506618537487	24.793867744146972
541.843430379535	24.793867744146972
543.9855364592408	24.793867744146972
546.1781432383344	24.793867744146972
548.4224412837364	24.793867744146972
550.7196492302871	24.793867744146972
553.0710144424559	24.793867744146972
555.4778136916481	24.793867744146972
557.9413538494824	24.793867744146972
560.4629725974105	24.793867744146972
563.0440391530667	24.793867744146972
565.6859550137422	24.793867744146972
568.390154717385	24.793867744146972
571.1581066215432	24.793867744146972
573.9913137006696	24.793867744146972
576.8913143622251	24.793867744146972
579.8596832820201	24.793867744146972
582.8980322592506	24.793867744146972
586.0080110916914	24.793867744146972
589.1912955772708	24.793866834075498
594.1799623229581	24.5459290145966
652.4586531963934	16.097399605379163
671.5191366146719	10.556792285236689
681.6649151103037	6.9232215193559545
687.6462013979454	4.540299260515255
691.3350774592876	2.977561431105716
693.6654436910342	1.9527065436215714
695.1582865421963	1.2805992197737859
696.12277040873	0.839826325692411
696.7492210711206	0.5507642410172677
697.1574937517325	0.36119521370472873
697.4241554680025	0.23687446040839527
697.5985707021504	0.1553440019823655
697.7127552205482	0.1018757316018437
697.7875532885038	0.06681084919254912
697.8365699458334	0.04381504308871897
697.8686997695811	0.02873422541500031
697.8897640150053	0.018844114988731595
697.9035752094362	0.012358108303944857
697.9126314485422	0.008104537726677855
697.9185700618245	0.005315015061178719
697.9224644179725	0.00348562571404506
697.9250182663536	0.0022858988128093244
697.926693056278	0.0014991091445498582
697.927791377468	0.0009831267310170609
697.9285116566685	0.0006447416939281736
697.9289840176509	0.0004228263140188773
697.9292937939797	0.00027729258633412736
697.9294969469352	0.00018185050430053566
697.9296301758585	0.00011925888950565571
697.9297175482429	7.821085116496034e-05
697.9297748476429	5.129124768227454e-05
697.9298124249865	3.363717501623432e-05
697.9298370684734	2.205950516317416e-05
697.9298532298487	1.4466784675266227e-05
697.9298638285951	9.48742309913189e-06
697.9298707793288	6.221921393205854e-06
697.9298753376709	4.080381513371622e-06
697.9298783270656	2.6759440119005063e-06
697.9298802875319	1.754903636182127e-06
280	89
539.880263715083	350.0
537.1539997853753	302.74512837211375
535.2490629138374	262.2260177614704
534.0517844851661	227.54332764277834
533.4611554294428	197.90883524884913
533.3876116308313	172.6324108270378
533.751955263151	151.11063498430335
534.4843861023672	132.81679041203637
535.5236223232723	117.29201069003933
536.8160952339374	104.13741229913094
538.3152066764816	93.00707243573237
539.9806413083694	83.60174486719492
541.7777286217483	75.6632292580804
543.6768513803262	68.96932674626045
545.6528982448859	63.3293268857933
547.6847588631883	58.579979382055534
549.7548597896188	54.58190935480716
551.8487394474646	51.21643815597599
553.9546601039859	48.38277388405731
556.0632546096799	45.99553732946461
558.1672055288612	43.98259060026927
560.2609542869571	42.28313736576345
562.3404380743624	40.84606560662327
564.402852447823	39.6285059522772
566.4464378175063	38.59458102973381
568.4702882596464	37.7143236302375
570.4741813166619	36.962743812880326
572.4584276154824	36.31902722384732
574.4237392399477	35.76584886418708
576.3711158351964	35.288788267002495
578.3017474104543	34.87583355155051
580.2169327566961	34.51696312942604
582.1180123245716	34.20379497871222
584.0063143327976	33.92929441005623
585.8831128122483	33.687532155680486
587.7495962472427	33.47348544408949
589.6068454596453	33.28287549828822
591.4558193963469	33.11203562523708
593.2973475258407	32.957804754583336
595.1321276218152	32.81744193646716
596.9607278061163	32.688557919538354
598.7835918340828	32.569060497955775
600.6010467261177	32.45711083657453
602.4133119745204	32.35108845389198
604.220509678905	32.249562960938576
639.8246811739845	29.918483879735664
670.8039592467916	25.970824551897998
695.2380655510066	20.921027254652934
713.1081826841768	15.845260089885764
725.5967312951882	11.485230527666538
734.1181891883533	8.084796498400545
739.8638833128466	5.583433658078254
743.715227378143	3.8082727583764666
746.2891351885252	2.576437088558158
748.0066580669226	1.733757526160158
749.1517715882595	1.1625861644727784
749.9148855316632	0.7777650854099306
750.423290671325	0.5195171106730985
750.7619457402084	0.3466611772973898
750.9875045937832	0.23116076606783648
751.137726542262	0.1540727774438995
751.2377699231062	0.10266124937557168
751.3043940081448	0.06839114825048778
751.3487616391758	0.045554905025261654
751.3783074563964	0.030341127573894212
751.3979827999109	0.020207032272901725
751.4110850641501	0.013457246474035171
751.4198101330708	0.008961866308589578
751.4256203235452	0.005968059061714007
751.429489434668	0.003974318801982555
751.4320659432309	0.002646603722973341
751.4337816840332	0.0017624341199292972
751.43492422445	0.0011736412627222344
751.4356850609387	0.0007815501531274536
751.4361917143902	0.0005204483933233829
751.4365291031581	0.0003465756531601688
751.4367537758017	0.00023079060979808584
751.436903388944	0.00015368731495615754
751.4370030187503	0.00010234291468671388
751.4370693638404	6.815181914064012e-05
751.437113544105	4.538340390443058e-05
751.4371429644548	3.022154350937377e-05
751.4371625559381	2.0125013983209333e-05
751.4371756022218	1.340157135853403e-05
751.4371842899523	8.924322255232056e-06
751.4371900752518	5.9428498492023875e-06
751.4371939277758	3.957439333789231e-06
751.4371964932334	2.635322506369972e-06
751.437198201613	1.7549036361821326e-06
300	89
602.8236714393142	349.9999999999988
600.6152841145148	308.2334348175947
599.0874839994865	272.06723103859
598.1485020087708	240.78078957041933
597.7166560015859	213.74023464862196
597.7194125256001	190.3885747224779
598.0925431146226	170.2370273914425
598.7793586023762	152.85733250815233
599.7300085512163	137.8749104913327
600.9008360584064	124.96275065802459
602.2537808350409	113.83593722609663
603.7558255301149	104.2467389009798
605.3784818100015	95.98020210873842
607.0973137524643	88.85019853622872
608.8914967532576	82.6958853185925
610.7434104669309	77.37854162196372
612.6382644094821	72.77874912011286
614.5637548286019	68.79388649923602
616.5097513704411	65.33591008558066
618.4680119925546	62.3293943040519
620.4319245219671	59.70980716136176
622.396273247943	57.421997429596
624.3570289694899	55.41887173704138
626.3111609779221	53.66024135487582
628.2564695310102	52.11182007423358
630.1914374537454	50.744356160410476
632.115099570756	49.53288291237861
634.0269287303706	48.45607381705632
635.9267372180076	47.49568965028769
637.8145923786229	46.63610613220902
639.6907452785533	45.863911894184014
641.5555712419942	45.167567564225344
643.409521102584	44.53711773735991
645.2530820214391	43.96394847711541
647.0867467437039	43.44058380375756
648.910990198858	42.960515371911264
650.7262523966062	42.518060230462865
652.5329266298655	42.10824219494619
654.3313520674625	41.72669294913084
656.1218098993613	41.36956952941001
657.9045222836423	41.03348533342502
659.6796534341021	40.715452233702436
661.4473122772356	40.4128317687173
663.2075561949965	40.12329372902502
664.9603954528934	39.84478075679854
699.9848291296171	34.624847555747024
729.8324748835153	28.79344786191633
753.1432557013923	22.56915300846518
770.1098730544315	16.8065675946433
781.9384480216269	12.053837354853123
789.9991341529576	8.427361281435052
795.4296356973301	5.793385936774925
799.0672546838719	3.9387578788878392
801.4967541110567	2.6583954808487498
803.1168337462566	1.7856308833900087
804.1962243906553	1.1955927437556852
804.9150160252198	0.7988411114044415
805.3935325602516	0.5330046045003284
805.7120333538304	0.35530289558631367
805.9240028881138	0.23670035822726318
806.06506290321	0.15762357871269808
806.1589299964678	0.10493615701473906
806.2213910146831	0.06984743273073295
806.2629529446989	0.0464861312460672
806.2906081180121	0.030935813629577962
806.309009613164	0.02058621563345479
806.3212537230712	0.013698596736215988
806.3294007581889	0.00911518296517443
806.3348216507798	0.006065238423073105
806.3384286101348	0.004035764587305692
806.340828609817	0.0026853490983859392
806.3424255210664	0.001786790645315836
806.3434880729633	0.0011888997903836624
806.3441950728936	0.0007910718692807692
806.3446654958325	0.0005263638318228678
806.3449785053516	0.00035023193582836185
806.3451867752735	0.00023303716446933682
806.3453253536707	0.00015505809910915179
806.3454175607991	0.00010317241771335289
806.3454789134654	6.864875775971898e-05
806.3455197362272	4.5677434811892136e-05
806.3455468988253	3.0392798862841604e-05
806.3455649722412	2.0222724374628152e-05
806.3455769979078	1.3455771833550825e-05
806.3455849995315	8.95318494602585e-06
806.3455903236418	5.957259117697522e-06
806.3455938661907	3.963833657523559e-06
806.3455962233278	2.637450687770804e-06
806.3455977917173	1.7549036361821318e-06
320	89
666.9191228518323	350.00000000000057
665.1419971615545	312.9965064927132
663.927854598968	280.64503345280843
663.2030335378992	252.3706754557813
662.9018549421621	227.66582006508287
662.9658975899376	206.08274172507473
663.3433394864791	187.22702128187754
663.988355133605	170.7516765551404
664.8605606489415	156.35191025167256
665.9245006847889	143.76039882472767
667.1491726777869	132.74305993385502
668.5075851790155	123.09524729859024
669.976347901169	114.63833035857063
671.5352917213042	107.21662267167017
673.1671172490836	100.69462782044886
674.8570707688075	94.95457515226444
676.5926464428273	89.89422030304955
678.3633136706788	85.42488744513133
680.1602684690389	81.4697317882231
681.9762076980254	77.96220222001956
683.8051249253709	74.8446852128229
685.6421266990717	72.06731231330593
687.483267992962	69.5869147072299
689.3254055963414	67.36610951932528
691.1660682345735	65.37250366632445
693.0033422289054	63.578002217295804
694.8357715274851	61.958209317589194
696.6622709641592	60.49191078994419
698.4820516265808	59.16062853080472
700.294557241021	57.94823776693333
702.0994105093858	56.84063912516311
703.8963683656265	55.825478296714984
705.6852851554935	54.891906848333264
707.4660827862492	54.030378447515915
709.2387269421188	53.232475430429595
711.0032085166584	52.49076125061451
712.7595294742939	51.798654906016914
714.507692418869	51.15032395270169
716.24769321572	50.5405931772225
717.9795160840599	49.964866417473445
719.7031306466296	49.419059395517664
721.4184904921327	48.89954175721184
723.1255328716578	48.403086804554064
724.8241792118729	47.926827659995574
726.5143361844624	47.46821882017218
760.9543899779349	39.23028413594952
789.7877695745891	31.534927422180427
812.0913168206658	24.16961090482181
828.2468397096957	17.742688249788092
839.4832070851829	12.60958162584302
847.130814820786	8.76334003773028
852.2790110350146	5.999884496821508
855.7253627460244	4.067364775808386
858.025721004749	2.7392883238920516
859.5587154662073	1.8368735450528497
860.5794044201068	1.2282115838780612
861.2586311092196	0.8196713194331582
861.7104818394233	0.5463326512954518
862.01101130967	0.36383955450749117
862.2108699823367	0.24217003823687616
862.3437692823449	0.16112759694780782
862.4321380452584	0.10717968087052457
862.4908950122776	0.07128265590718402
862.5299619851577	0.04740323826655257
862.5559368567841	0.0315210532724615
862.5732068669885	0.020959095548666873
862.5846891651028	0.01393575374407166
862.5923233570948	0.009265719616395817
862.5973990581186	0.006160581467285811
862.6007737033333	0.004096002129671031
862.6030173767032	0.002723302774317951
862.6045091085557	0.0018106306959495698
862.6055009029249	0.0012038229799012777
862.6061603080891	0.0008003769673202956
862.6065987205992	0.0005321401221652645
862.6068902037508	0.0003537993861483542
862.6070839993571	0.00023522740131914352
862.6072128463717	0.00015639346092969836
862.6072985116401	0.00010397984524164535
862.607355467075	6.913208798559764e-05
862.6073933344821	4.5963187135734446e-05
862.6074185110166	3.0559100485634086e-05
862.6074352498935	2.031753316399718e-05
862.6074463789088	1.3508321073412298e-05
862.6074537781477	8.981146135654646e-06
862.607458697608	5.971207255618712e-06
862.6074619683619	3.970018439316198e-06
862.6074641429553	2.6395074962805703e-06
862.6074655887572	1.7549036361821326e-06
340	89
732.1143596472264	350.0
730.6938864385932	317.1270707005087
729.7387240300018	288.11741768805297
729.1900577908565	262.51409460851835
728.9953447653343	239.91206914440968
729.1077546318771	219.95267117198173
729.4856574655572	202.31862725250696
730.0921519510678	186.72960714321658
730.8946291257997	172.938220906204
731.8643679061975	160.72641577349094
732.9761595772885	149.9022304515054
734.2079591257815	140.29687129421208
735.5405618001806	131.76208002416894
736.957303620015	124.16776671228979
738.4437847654468	117.39988480034458
739.9876148914565	111.35852729801493
741.5781794571858	105.95622510726722
743.2064261656751	101.11642988256058
744.8646705912129	96.77216505043948
746.546420044574	92.86482967724697
748.2462146994529	89.34314085076274
749.959484981592	86.16220116914275
751.6824242077885	83.28267882990053
753.41187545572	80.67008869198456
755.1452316471131	78.29416354698317
756.8803478352653	76.12830567848073
758.6154647027812	74.149109607204
760.349142295804	72.33594770910838
762.0802030468788	70.67061114970487
763.8076831694503	69.13699929738081
765.5307915428534	67.72085145876864
767.2488752473078	66.40951541876868
768.9613909535426	65.19174786570473
770.6678814207961	64.05754233788079
772.3679564095332	62.99798084154622
774.0612773702632	62.00510576230719
775.7475453267382	61.071809123032885
777.4264914292573	60.19173663222783
779.0978697109783	59.359204318932036
780.7614516360455	58.56912586498398
782.4170220821242	57.81694902471017
784.0643764506765	57.09859976783353
785.7033186457785	56.41043299583782
787.3336597055381	55.74918886758757
788.9552169094432	55.11195392917688
822.7930994453468	43.752163866279574
850.6961821253072	34.207468640051374
872.0850287295552	25.729078962527918
887.5062093236431	18.657001543207166
898.2075425028688	13.154116378538479
905.4825476492648	9.093532758872234
910.3764078573869	6.203318195563021
913.6506034166212	4.194285424471983
915.8348126278403	2.819212798888979
917.2895343173295	1.8875363778945893
918.257493018962	1.260470392079702
918.901199319934	0.8402714652582305
919.329123089468	0.5595105959323233
919.6135356393752	0.37227690806719854
919.8025388803381	0.24757345861657903
919.9281272988061	0.16458720423284598
920.0115729417557	0.10939338609242515
920.0670151436454	0.07269786104946793
920.1038505853193	0.04830692556641095
920.1283233908586	0.03209731675772031
920.1445824962924	0.021325988331648997
920.1553845473846	0.014168930048332607
920.1625610626378	0.009413618792433732
920.1673288792286	0.006254183500012704
920.1704964366863	0.004155094940105696
920.1726008392415	0.0027605069102963294
920.1739989214603	0.0018339821379754445
920.1749277516468	0.0012184291633777352
920.17554482919	0.0008094774451830029
920.1759547906556	0.0005377850722527622
920.1762271524892	0.0003572830533366902
920.1764080986642	0.00023736456253500884
920.1765283119657	0.00015769546555024792
920.1766081768056	0.00010476650042737176
920.1766612357617	6.960262310403814e-05
920.1766964859765	4.624116169176075e-05
920.1767199047874	3.0720751679913196e-05
920.1767354632932	2.0409620130016962e-05
920.1767457997325	1.3559322593205009e-05
920.1767526668423	9.008262997447809e-06
920.1767572290706	5.984723844648121e-06
920.1767602600299	3.976007274259664e-06
920.1767622736769	2.64149761462223e-06
920.1767636114606	1.7549036361821303e-06
