# Table format: T1D
# table_unit = degC
# axis1_unit = kJ/kg/K
# axis2_unit = null
# This file was automatically generated by generate_data_files.py
0.1	89
1.2138295265035657	268.03931924042104
1.2093401484227784	267.929531693811
1.204502837842296	267.7465524496771
1.1993102912964946	267.4903815082678
1.1937574647817761	267.1610188698471
1.1878421459089064	266.75846453466136
1.1815656283600864	266.2827185029096
1.1749331105549916	265.73378077469636
1.167953522034007	265.11165134995167
1.160638581660834	264.41633022830126
1.1530011450518458	263.6478174089019
1.1450532162792055	262.80611289029264
1.136804178434983	261.8912166703275
1.1282597002995043	260.9031287462492
1.1194214711541615	259.8418491149081
1.1102876115760103	258.70737777307863
1.1008534602009041	257.49971471781294
1.0911124530317393	256.2188599467697
1.0810569113548845	254.86481345849438
1.0706786578364749	253.4375752526471
1.059969451202928	251.93714533019795
1.0489212653348898	250.36352369361043
1.0375264496116823	248.71671034703888
1.025777805583456	246.99670529656385
1.0136686083978173	245.20350855047855
1.0011925940271693	243.3371201196477
0.9883439269650104	241.3975400179454
0.9751171581449384	239.38476826279043
0.9615071792921009	237.29880487578822
0.9475091774732742	235.1396498834962
0.9331185919832605	232.9073033183309
0.9183310746531038	230.6017652196375
0.903142454007098	228.2230356349478
0.8875487020508338	225.77111447780732
0.8715459069062821	223.24600161625733
0.8551302492219862	220.64769703572745
0.8382979791493903	217.97620072046476
0.8210453970650591	215.23151265347576
0.8033688365684248	212.41363281649348
0.785264649420298	209.52256118997263
0.7667291921165439	206.55829775312355
0.7477588138209135	203.52084248399586
0.7283498454092077	200.4101953596283
0.7084985894017475	197.22635635627773
0.6882013105828804	193.96932544975664
0.6674542271237746	190.63910261590087
0.6462535020385836	187.23568783120925
0.6245952348146387	183.75908107369463
0.6024754530637412	180.20928232400775
0.579889940769235	176.5862791979676
0.5568351063107962	172.8901128805582
0.5333060385228656	169.1207340018023
0.5092987336769355	165.27816720367025
0.4848086645770685	161.36240842489076
0.4598312343674685	157.37345771215143
0.4343617035327691	153.31131513901147
0.40839517594733327	149.17598081394436
0.3819265833334214	144.96745489048857
0.35495066785998897	140.68573758004618
0.3274619625810092	136.33082916800913
0.2994547693747666	131.90273003406804
0.2709231340025203	127.4014406777867
0.24186081785594418	122.82696175080656
0.212261265907502	118.17929409741407
0.18211757031589093	113.45843880566355
0.15142242906977246	108.6643972718424
0.12016806742992252	103.79716763217556
0.08834619873605241	98.85674677470934
0.05594799755587447	93.8431344562681
0.02296400356982347	88.75633036327537
-0.010618868664360974	83.59605527930836
-0.04480288013557945	78.36314515741981
-0.07960865943836233	73.05676292143312
-0.11504623856352987	67.6771866217735
-0.1511297341758195	62.22441531981974
-0.1878745968139155	56.698447876217756
-0.22529779046572185	51.09928291819193
-0.2634179967071432	45.42691880431289
-0.3022558463882657	39.681353587917215
-0.34183418205652083	33.86258498130525
-0.3821783544591361	27.97061032422772
-0.42331655653844813	22.00542656223439
-0.4652801982746525	15.967030243497902
-0.5081043254877812	9.855417547122954
-0.5518280852006167	3.670584362492491
-0.5964952392820477	-2.587473551195842
-0.6421547266906555	-8.918760282368737
-0.6888612724766862	-15.323279297419276
-1.2950444699186119	-90.59999999999997
0.2	89
1.2148250010895227	268.03931924042104
1.211333870368357	267.929531693811
1.2074991902405805	267.7465524496771
1.2033157231267093	267.4903815082678
1.1987801039699344	267.1610188698471
1.193891336689483	266.75846453466136
1.1886513582184906	266.2827185029096
1.1830653556871595	265.73378077469636
1.177141579721265	265.11165134995167
1.170890485917091	264.41633022830126
1.164323261327655	263.6478174089019
1.1574500727800427	262.80611289029264
1.1502785294596358	261.8912166703275
1.1428127616900556	260.9031287462492
1.1350532441899885	259.8418491149081
1.126997221478774	258.70737777307863
1.1186394630123409	257.49971471781294
1.1099730922848177	256.2188599467697
1.1009903243824364	254.86481345849438
1.0916830399608857	253.4375752526471
1.082043187680903	251.93714533019795
1.07206303937333	250.36352369361043
1.0617353324107413	248.71671034703888
1.0510533323333435	246.99670529656385
1.0400108427762622	245.20350855047855
1.0286021829482317	243.3371201196477
1.0168221469333274	241.3975400179454
1.004665954398148	239.38476826279043
0.9921291988445606	237.29880487578822
0.9792077971339456	235.1396498834962
0.9658979423752766	232.9073033183309
0.9521960612009259	230.6017652196375
0.93809877578023	228.2230356349478
0.9236028693461529	225.77111447780732
0.9087052580676802	223.24600161625733
0.893402967401613	220.64769703572745
0.8776931097186016	217.97620072046476
0.8615728660466738	215.23151265347576
0.8450394705087837	212.41363281649348
0.8280901970717826	209.52256118997263
0.8107223482641444	206.55829775312355
0.7929332455595846	203.52084248399586
0.7747202211613299	200.4101953596283
0.7560806109551876	197.22635635627773
0.7370117484292875	193.96932544975664
0.7175109593831628	190.63910261590087
0.6975755572695618	187.23568783120925
0.6772028390295151	183.75908107369463
0.6563900812940416	180.20928232400775
0.6351344638042594	176.5862791979676
0.6134334489865958	172.8901128805582
0.591283959137517	169.1207340018023
0.5686832815465532	165.27816720367025
0.5456285214675448	161.36240842489076
0.5221167603701289	157.37345771215143
0.49814503380806413	153.31131513901147
0.4737103265874698	149.17598081394436
0.4488095672746407	144.96745489048857
0.423439621894947	140.68573758004618
0.3975972866578311	136.33082916800913
0.37127927952413214	131.90273003406804
0.34448223041022574	127.4014406777867
0.3172026697988903	122.82696175080656
0.289437015499609	118.17929409741407
0.26118155727137554	113.45843880566355
0.23243243898971766	108.6643972718424
0.20318559999869168	103.79716763217556
0.17343676706656325	98.85674677470934
0.14318146743739046	93.8431344562681
0.11241496450828903	88.75633036327537
0.08112811519688089	83.59605527930836
0.049327831168081405	78.36314515741981
0.016996006279649947	73.05676292143312
-0.015869529771465836	67.6771866217735
-0.049275593920900404	62.22441531981974
-0.08322963301956711	56.698447876217756
-0.11773982159255159	51.09928291819193
-0.15281517384392043	45.42691880431289
-0.18846567143289125	39.681353587917215
-0.22470240846617826	33.86258498130525
-0.2615377549283346	27.97061032422772
-0.29898553934896127	22.00542656223439
-0.3370612507872959	15.967030243497902
-0.37578225909371804	9.855417547122954
-0.41516805071965374	3.670584362492491
-0.45524047488121805	-2.587473551195842
-0.4960239913397649	-8.918760282368737
-0.5375459059579565	-15.323279297419276
-1.0533651890048554	-90.59999999999997
0.3	89
1.2158204756754794	268.03931924042104
1.2133275923139353	267.929531693811
1.2104955426388646	267.7465524496771
1.2073211549569243	267.4903815082678
1.2038027431580927	267.1610188698471
1.1999405274700603	266.75846453466136
1.1957370880768947	266.2827185029096
1.191197600819328	265.73378077469636
1.1863296374085226	265.11165134995167
1.1811423901733478	264.41633022830126
1.175645377603464	263.6478174089019
1.1698469292808802	262.80611289029264
1.1637528804842887	261.8912166703275
1.157365823080607	260.9031287462492
1.1506850172258158	259.8418491149081
1.1437068313815377	258.70737777307863
1.1364254658237778	257.49971471781294
1.128833731537896	256.2188599467697
1.1209237374099883	254.86481345849438
1.1126874220852963	253.4375752526471
1.1041169241588782	251.93714533019795
1.0952048134117705	250.36352369361043
1.0859442152098	248.71671034703888
1.0763288590832307	246.99670529656385
1.0663530771547076	245.20350855047855
1.0560117718692943	243.3371201196477
1.0453003669016445	241.3975400179454
1.0342147506513577	239.38476826279043
1.0227512183970204	237.29880487578822
1.0109064167946167	235.1396498834962
0.9986772927672924	232.9073033183309
0.9860610477487483	230.6017652196375
0.973055097553362	228.2230356349478
0.9596570366414722	225.77111447780732
0.9458646092290787	223.24600161625733
0.9316756855812398	220.64769703572745
0.9170882402878132	217.97620072046476
0.9021003350282886	215.23151265347576
0.8867101044491424	212.41363281649348
0.8709157447232672	209.52256118997263
0.8547155044117446	206.55829775312355
0.8381076772982559	203.52084248399586
0.821090596913452	200.4101953596283
0.8036626325086278	197.22635635627773
0.7858221862756946	193.96932544975664
0.767567691642551	190.63910261590087
0.7488976125005398	187.23568783120925
0.7298104432443917	183.75908107369463
0.7103047095243421	180.20928232400775
0.6903789868392839	176.5862791979676
0.6700317916623951	172.8901128805582
0.6492618797521682	169.1207340018023
0.6280678294161708	165.27816720367025
0.6064483783580211	161.36240842489076
0.5844022863727891	157.37345771215143
0.5619283640833592	153.31131513901147
0.5390254772276062	149.17598081394436
0.51569255121586	144.96745489048857
0.49192857592990497	140.68573758004618
0.467732610734653	136.33082916800913
0.4431037896734976	131.90273003406804
0.41804132681793127	127.4014406777867
0.3925445217418363	122.82696175080656
0.36661276509171603	118.17929409741407
0.34024554422686015	113.45843880566355
0.31344244890966294	108.6643972718424
0.2862031325674608	103.79716763217556
0.258527335397074	98.85674677470934
0.23041493731890647	93.8431344562681
0.20186592544675466	88.75633036327537
0.17287509905812276	83.59605527930836
0.1434585424717422	78.36314515741981
0.11360067199766215	73.05676292143312
0.08330717902059817	67.6771866217735
0.0525785463340186	62.22441531981974
0.021415330774781156	56.698447876217756
-0.010181852719381396	51.09928291819193
-0.04221235098069758	45.42691880431289
-0.0746754964775167	39.681353587917215
-0.10757063487583585	33.86258498130525
-0.14089715539753314	27.97061032422772
-0.1746545221594745	22.00542656223439
-0.20884230329993916	15.967030243497902
-0.243460192699655	9.855417547122954
-0.2785080162386908	3.670584362492491
-0.3139857104803884	-2.587473551195842
-0.34989325598887433	-8.918760282368737
-0.3862305394392271	-15.323279297419276
-0.8116859080910989	-90.59999999999997
0.4	89
1.2168159502614364	268.03931924042104
1.2153213142595134	267.929531693811
1.213491895037149	267.7465524496771
1.2113265867871388	267.4903815082678
1.2088253823462507	267.1610188698471
1.205989718250637	266.75846453466136
1.202822817935299	266.2827185029096
1.1993298459514958	265.73378077469636
1.1955176950957802	265.11165134995167
1.191394294429605	264.41633022830126
1.1869674938792734	263.6478174089019
1.1822437857817174	262.80611289029264
1.1772272315089416	261.8912166703275
1.1719188844711583	260.9031287462492
1.166316790261643	259.8418491149081
1.1604164412843019	258.70737777307863
1.1542114686352147	257.49971471781294
1.1476943707909746	256.2188599467697
1.14085715043754	254.86481345849438
1.133691804209707	253.4375752526471
1.1261906606368532	251.93714533019795
1.1183465874502108	250.36352369361043
1.110153098008859	248.71671034703888
1.101604385833118	246.99670529656385
1.0926953115331528	245.20350855047855
1.083421360790357	243.3371201196477
1.0737785868699616	241.3975400179454
1.0637635469045674	239.38476826279043
1.05337323794948	237.29880487578822
1.042605036455288	235.1396498834962
1.0314566431593084	232.9073033183309
1.0199260342965706	230.6017652196375
1.008011419326494	228.2230356349478
0.9957112039367912	225.77111447780732
0.983023960390477	223.24600161625733
0.9699484037608666	220.64769703572745
0.956483370857025	217.97620072046476
0.9426278040099032	215.23151265347576
0.9283807383895012	212.41363281649348
0.9137412923747515	209.52256118997263
0.898708660559345	206.55829775312355
0.8832821090369267	203.52084248399586
0.867460972665574	200.4101953596283
0.8512446540620678	197.22635635627773
0.8346326241221018	193.96932544975664
0.8176244239019392	190.63910261590087
0.8002196677315179	187.23568783120925
0.7824180474592681	183.75908107369463
0.7642193377546426	180.20928232400775
0.7456235098743086	176.5862791979676
0.7266301343381945	172.8901128805582
0.7072398003668195	169.1207340018023
0.6874523772857886	165.27816720367025
0.6672682352484977	161.36240842489076
0.6466878123754496	157.37345771215143
0.6257116943586544	153.31131513901147
0.6043406278677428	149.17598081394436
0.5825755351570794	144.96745489048857
0.5604175299648629	140.68573758004618
0.537867934811475	136.33082916800913
0.5149282998228631	131.90273003406804
0.4916004232256366	127.4014406777867
0.46788637368478236	122.82696175080656
0.4437885146838231	118.17929409741407
0.41930953118234476	113.45843880566355
0.3944524588296081	108.6643972718424
0.36922066513623	103.79716763217556
0.34361790372758494	98.85674677470934
0.31764840720042253	93.8431344562681
0.2913168863852203	88.75633036327537
0.2646220829193646	83.59605527930836
0.23758925377540305	78.36314515741981
0.2102053377156744	73.05676292143312
0.18248388781266225	67.6771866217735
0.15443268658893777	62.22441531981974
0.12606029456912968	56.698447876217756
0.09737611615378876	51.09928291819193
0.06839047188252531	45.42691880431289
0.03911467847785775	39.681353587917215
0.009561138714506513	33.86258498130525
-0.020256555866731616	27.97061032422772
-0.050323504969987484	22.00542656223439
-0.08062335581258243	15.967030243497902
-0.11113812630559193	9.855417547122954
-0.141847981757728	3.670584362492491
-0.1727309460795589	-2.587473551195842
-0.20376252063798375	-8.918760282368737
-0.23491517292049746	-15.323279297419276
-0.5700066271773426	-90.59999999999997
0.5	89
1.2178114248473935	268.03931924042104
1.2173150362050917	267.929531693811
1.2164882474354328	267.7465524496771
1.2153320186173533	267.4903815082678
1.213848021534409	267.1610188698471
1.212038909031214	266.75846453466136
1.209908547793703	266.2827185029096
1.2074620910836638	265.73378077469636
1.204705752783038	265.11165134995167
1.2016461986858622	264.41633022830126
1.1982896101550828	263.6478174089019
1.1946406422825548	262.80611289029264
1.1907015825335943	261.8912166703275
1.1864719458617097	260.9031287462492
1.1819485632974702	259.8418491149081
1.1771260511870658	258.70737777307863
1.1719974714466517	257.49971471781294
1.1665550100440527	256.2188599467697
1.160790563465092	254.86481345849438
1.1546961863341179	253.4375752526471
1.148264397114828	251.93714533019795
1.1414883614886513	250.36352369361043
1.1343619808079177	248.71671034703888
1.1268799125830053	246.99670529656385
1.1190375459115978	245.20350855047855
1.1108309497114195	243.3371201196477
1.102256806838279	241.3975400179454
1.0933123431577771	239.38476826279043
1.08399525750194	237.29880487578822
1.0743036561159591	235.1396498834962
1.0642359935513241	232.9073033183309
1.0537910208443928	230.6017652196375
1.042967741099626	228.2230356349478
1.0317653712321104	225.77111447780732
1.0201833115518752	223.24600161625733
1.0082211219404933	220.64769703572745
0.9958785014262365	217.97620072046476
0.983155272991518	215.23151265347576
0.9700513723298602	212.41363281649348
0.9565668400262362	209.52256118997263
0.9427018167069454	206.55829775312355
0.9284565407755979	203.52084248399586
0.9138313484176962	200.4101953596283
0.8988266756155079	197.22635635627773
0.8834430619685089	193.96932544975664
0.8676811561613275	190.63910261590087
0.8515417229624959	187.23568783120925
0.8350256516741444	183.75908107369463
0.8181339659849428	180.20928232400775
0.8008680329093332	176.5862791979676
0.7832284770139939	172.8901128805582
0.7652177209814709	169.1207340018023
0.7468369251554063	165.27816720367025
0.728088092138974	161.36240842489076
0.7089733383781099	157.37345771215143
0.6894950246339494	153.31131513901147
0.6696557785078792	149.17598081394436
0.6494585190982985	144.96745489048857
0.628906483999821	140.68573758004618
0.6080032588882968	136.33082916800913
0.5867528099722286	131.90273003406804
0.565159519633342	127.4014406777867
0.5432282256277284	122.82696175080656
0.52096426427593	118.17929409741407
0.4983735181378294	113.45843880566355
0.47546246874955345	108.6643972718424
0.4522381977049991	103.79716763217556
0.42870847205809576	98.85674677470934
0.40488187708193835	93.8431344562681
0.38076784732368585	88.75633036327537
0.35636906678060654	83.59605527930836
0.3317199650790638	78.36314515741981
0.3068100034336867	73.05676292143312
0.28166059660472625	67.6771866217735
0.25628682684385695	62.22441531981974
0.23070525836347797	56.698447876217756
0.20493408502695903	51.09928291819193
0.1789932947457482	45.42691880431289
0.15290485343323232	39.681353587917215
0.126692912304849	33.86258498130525
0.10038404366406985	27.97061032422772
0.07400751221949929	22.00542656223439
0.04759559167477426	15.967030243497902
0.021183940088471104	9.855417547122954
-0.005187947276765215	3.670584362492491
-0.031476181678729176	-2.587473551195842
-0.0576317852870933	-8.918760282368737
-0.08359980640176787	-15.323279297419276
-0.32832734626358595	-90.59999999999997
0.6	89
1.2188068994333503	268.03931924042104
1.21930875815067	267.929531693811
1.2194845998337174	267.7465524496771
1.219337450447568	267.4903815082678
1.2188706607225672	267.1610188698471
1.218088099811791	266.75846453466136
1.2169942776521072	266.2827185029096
1.2155943362158321	265.73378077469636
1.2138938104702959	265.11165134995167
1.2118981029421192	264.41633022830126
1.2096117264308919	263.6478174089019
1.2070374987833918	262.80611289029264
1.2041759335582471	261.8912166703275
1.2010250072522608	260.9031287462492
1.197580336333297	259.8418491149081
1.1938356610898295	258.70737777307863
1.1897834742580886	257.49971471781294
1.1854156492971313	256.2188599467697
1.1807239764926438	254.86481345849438
1.1757005684585287	253.4375752526471
1.1703381335928034	251.93714533019795
1.1646301355270916	250.36352369361043
1.1585708636069767	248.71671034703888
1.1521554393328928	246.99670529656385
1.1453797802900432	245.20350855047855
1.1382405386324816	243.3371201196477
1.1307350268065957	241.3975400179454
1.1228611394109869	239.38476826279043
1.1146172770543996	237.29880487578822
1.1060022757766304	235.1396498834962
1.0970153439433403	232.9073033183309
1.087656007392215	230.6017652196375
1.077924062872758	228.2230356349478
1.0678195385274296	225.77111447780732
1.0573426627132736	223.24600161625733
1.0464938401201198	220.64769703572745
1.0352736319954479	217.97620072046476
1.0236827419731327	215.23151265347576
1.011722006270219	212.41363281649348
0.9993923876777205	209.52256118997263
0.9866949728545455	206.55829775312355
0.973630972514269	203.52084248399586
0.9602017241698183	200.4101953596283
0.946408697168948	197.22635635627773
0.9322534998149158	193.96932544975664
0.9177378884207156	190.63910261590087
0.902863778193474	187.23568783120925
0.8876332558890209	183.75908107369463
0.8720485942152434	180.20928232400775
0.8561125559443578	176.5862791979676
0.8398268196897932	172.8901128805582
0.823195641596122	169.1207340018023
0.806221473025024	165.27816720367025
0.7889079490294503	161.36240842489076
0.7712588643807701	157.37345771215143
0.7532783549092446	153.31131513901147
0.7349709291480157	149.17598081394436
0.716341503039518	144.96745489048857
0.6973954380347789	140.68573758004618
0.6781385829651188	136.33082916800913
0.6585773201215941	131.90273003406804
0.6387186160410474	127.4014406777867
0.6185700775706745	122.82696175080656
0.5981400138680371	118.17929409741407
0.577437505093314	113.45843880566355
0.5564724786694987	108.6643972718424
0.5352557302737682	103.79716763217556
0.5137990403886064	98.85674677470934
0.4921153469634544	93.8431344562681
0.47021880826215146	88.75633036327537
0.44811605064184834	83.59605527930836
0.4258506763827247	78.36314515741981
0.4034146691516988	73.05676292143312
0.38083730539679017	67.6771866217735
0.35814096709877596	62.22441531981974
0.3353502221578262	56.698447876217756
0.31249205390012924	51.09928291819193
0.28959611760897097	45.42691880431289
0.2666950283886068	39.681353587917215
0.24382468589519135	33.86258498130525
0.22102464319487122	27.97061032422772
0.19833852940898614	22.00542656223439
0.17581453916213105	15.967030243497902
0.15350600648253418	9.855417547122954
0.13147208720419776	3.670584362492491
0.10977858272210034	-2.587473551195842
0.08849895006379752	-8.918760282368737
0.0677155601169618	-15.323279297419276
-0.0866480653498295	-90.59999999999997
0.7	89
1.2198023740193071	268.03931924042104
1.2213024800962482	267.929531693811
1.2224809522320013	267.7465524496771
1.2233428822777825	267.4903815082678
1.2238932999107255	267.1610188698471
1.224137290592368	266.75846453466136
1.2240800075105116	266.2827185029096
1.2237265813480003	265.73378077469636
1.2230818681575535	265.11165134995167
1.2221500071983762	264.41633022830126
1.2209338427067014	263.6478174089019
1.2194343552842293	262.80611289029264
1.2176502845829	261.8912166703275
1.2155780686428124	260.9031287462492
1.2132121093691244	259.8418491149081
1.2105452709925935	258.70737777307863
1.2075694770695256	257.49971471781294
1.2042762885502096	256.2188599467697
1.2006573895201955	254.86481345849438
1.196704950582939	253.4375752526471
1.1924118700707784	251.93714533019795
1.187771909565532	250.36352369361043
1.1827797464060354	248.71671034703888
1.1774309660827802	246.99670529656385
1.1717220146684884	245.20350855047855
1.1656501275535442	243.3371201196477
1.159213246774913	241.3975400179454
1.1524099356641966	239.38476826279043
1.1452392966068592	237.29880487578822
1.1377008954373016	235.1396498834962
1.129794694335356	232.9073033183309
1.1215209939400372	230.6017652196375
1.1128803846458901	228.2230356349478
1.103873705822749	225.77111447780732
1.094502013874672	223.24600161625733
1.0847665582997468	220.64769703572745
1.0746687625646596	217.97620072046476
1.0642102109547473	215.23151265347576
1.0533926402105775	212.41363281649348
1.0422179353292051	209.52256118997263
1.030688129002146	206.55829775312355
1.01880540425294	203.52084248399586
1.0065720999219403	200.4101953596283
0.9939907187223883	197.22635635627773
0.9810639376613229	193.96932544975664
0.9677946206801038	190.63910261590087
0.9541858334244521	187.23568783120925
0.9402408601038974	183.75908107369463
0.9259632224455437	180.20928232400775
0.9113570789793821	176.5862791979676
0.8964251623655926	172.8901128805582
0.8811735622107734	169.1207340018023
0.8656060208946417	165.27816720367025
0.8497278059199266	161.36240842489076
0.8335443903834305	157.37345771215143
0.8170616851845396	153.31131513901147
0.8002860797881521	149.17598081394436
0.7832244869807373	144.96745489048857
0.7658843920697368	140.68573758004618
0.7482739070419407	136.33082916800913
0.7304018302709595	131.90273003406804
0.7122777124487527	127.4014406777867
0.6939119295136206	122.82696175080656
0.6753157634601441	118.17929409741407
0.6565014920487984	113.45843880566355
0.6374824885894439	108.6643972718424
0.6182732628425373	103.79716763217556
0.5988896087191173	98.85674677470934
0.5793488168449704	93.8431344562681
0.5596697692006168	88.75633036327537
0.5398630345030903	83.59605527930836
0.5199813876863854	78.36314515741981
0.5000193348697113	73.05676292143312
0.4800140141888545	67.6771866217735
0.4599951073536952	62.22441531981974
0.4399951859521746	56.698447876217756
0.4200500227732993	51.09928291819193
0.40019894047219384	45.42691880431289
0.3804852033439812	39.681353587917215
0.36095645948553395	33.86258498130525
0.3416652427256725	27.97061032422772
0.32266954659847286	22.00542656223439
0.3040334866494876	15.967030243497902
0.2858280728765971	9.855417547122954
0.2681321216851604	3.670584362492491
0.2510333471229298	-2.587473551195842
0.23462968541468784	-8.918760282368737
0.2190309266356912	-15.323279297419276
0.15503121556392688	-90.59999999999997
0.8	89
1.2207978486052642	268.03931924042104
1.2232962020418265	267.929531693811
1.2254773046302856	267.7465524496771
1.2273483141079973	267.4903815082678
1.2289159390988837	267.1610188698471
1.2301864813729446	266.75846453466136
1.2311657373689158	266.2827185029096
1.2318588264801684	265.73378077469636
1.2322699258448115	265.11165134995167
1.2324019114546332	264.41633022830126
1.2322559589825106	263.6478174089019
1.2318312117850665	262.80611289029264
1.231124635607553	261.8912166703275
1.2301311300333637	260.9031287462492
1.2288438824049515	259.8418491149081
1.2272548808953572	258.70737777307863
1.2253554798809623	257.49971471781294
1.223136927803288	256.2188599467697
1.2205908025477474	254.86481345849438
1.2177093327073498	253.4375752526471
1.2144856065487537	251.93714533019795
1.2109136836039722	250.36352369361043
1.2069886292050942	248.71671034703888
1.2027064928326674	246.99670529656385
1.1980642490469333	245.20350855047855
1.193059716474607	243.3371201196477
1.18769146674323	241.3975400179454
1.181958731917406	239.38476826279043
1.1758613161593192	237.29880487578822
1.1693995150979726	235.1396498834962
1.1625740447273722	232.9073033183309
1.1553859804878595	230.6017652196375
1.147836706419022	228.2230356349478
1.139927873118068	225.77111447780732
1.1316613650360703	223.24600161625733
1.1230392764793735	220.64769703572745
1.114063893133871	217.97620072046476
1.104737679936362	215.23151265347576
1.0950632741509367	212.41363281649348
1.0850434829806896	209.52256118997263
1.0746812851497465	206.55829775312355
1.063979835991611	203.52084248399586
1.0529424756740626	200.4101953596283
1.0415727402758281	197.22635635627773
1.02987437550773	193.96932544975664
1.0178513529394921	190.63910261590087
1.0055078886554303	187.23568783120925
0.9928484643187738	183.75908107369463
0.979877850675844	180.20928232400775
0.9666016020144068	176.5862791979676
0.9530235050413919	172.8901128805582
0.9391514828254247	169.1207340018023
0.9249905687642596	165.27816720367025
0.9105476628104032	161.36240842489076
0.8958299163860908	157.37345771215143
0.8808450154598346	153.31131513901147
0.8656012304282887	149.17598081394436
0.8501074709219565	144.96745489048857
0.8343733461046948	140.68573758004618
0.8184092311187627	136.33082916800913
0.8022263404203254	131.90273003406804
0.7858368088564583	127.4014406777867
0.7692537814565669	122.82696175080656
0.7524915130522511	118.17929409741407
0.7355654790042833	113.45843880566355
0.7184924985093892	108.6643972718424
0.7012907954113066	103.79716763217556
0.6839801770496282	98.85674677470934
0.6665822867264865	93.8431344562681
0.6491207301390828	88.75633036327537
0.6316100183643321	83.59605527930836
0.6141120989900465	78.36314515741981
0.5966240005877235	73.05676292143312
0.5791907229809183	67.6771866217735
0.5618492476086142	62.22441531981974
0.544640149746523	56.698447876217756
0.5276079916464698	51.09928291819193
0.5108017633354168	45.42691880431289
0.49427537829935575	39.681353587917215
0.4780882330758764	33.86258498130525
0.462305842256474	27.97061032422772
0.44700056378795977	22.00542656223439
0.4322524341368444	15.967030243497902
0.41815013927066036	9.855417547122954
0.4047921561661234	3.670584362492491
0.3922881115237593	-2.587473551195842
0.38076042076557837	-8.918760282368737
0.3703462931544208	-15.323279297419276
0.39671049647768364	-90.59999999999997
0.9	89
1.221793323191221	268.03931924042104
1.2252899239874049	267.929531693811
1.2284736570285697	267.7465524496771
1.231353745938212	267.4903815082678
1.233938578287042	267.1610188698471
1.236235672153522	266.75846453466136
1.23825146722732	266.2827185029096
1.2399910716123363	265.73378077469636
1.2414579835320692	265.11165134995167
1.2426538157108904	264.41633022830126
1.2435780752583199	263.6478174089019
1.2442280682859037	262.80611289029264
1.2445989866322056	261.8912166703275
1.2446841914239148	260.9031287462492
1.2444756554407785	259.8418491149081
1.2439644907981213	258.70737777307863
1.243141482692399	257.49971471781294
1.2419975670563665	256.2188599467697
1.2405242155752991	254.86481345849438
1.2387137148317606	253.4375752526471
1.2365593430267285	251.93714533019795
1.2340554576424125	250.36352369361043
1.231197512004153	248.71671034703888
1.2279820195825546	246.99670529656385
1.2244064834253787	245.20350855047855
1.2204693053956694	243.3371201196477
1.2161696867115472	241.3975400179454
1.2115075281706158	239.38476826279043
1.2064833357117788	237.29880487578822
1.201098134758644	235.1396498834962
1.195353395119388	232.9073033183309
1.1892509670356817	230.6017652196375
1.182793028192154	228.2230356349478
1.1759820404133874	225.77111447780732
1.1688207161974686	223.24600161625733
1.1613119946590003	220.64769703572745
1.1534590237030828	217.97620072046476
1.1452651489179766	215.23151265347576
1.1367339080912955	212.41363281649348
1.127869030632174	209.52256118997263
1.1186744412973466	206.55829775312355
1.1091542677302824	203.52084248399586
1.0993128514261845	200.4101953596283
1.0891547618292685	197.22635635627773
1.0786848133541371	193.96932544975664
1.0679080851988803	190.63910261590087
1.0568299438864084	187.23568783120925
1.0454560685336503	183.75908107369463
1.0337924789061446	180.20928232400775
1.0218461250494315	176.5862791979676
1.0096218477171914	172.8901128805582
0.997129403440076	169.1207340018023
0.9843751166338772	165.27816720367025
0.9713675197008795	161.36240842489076
0.9581154423887511	157.37345771215143
0.9446283457351295	153.31131513901147
0.9309163810684252	149.17598081394436
0.9169904548631759	144.96745489048857
0.9028623001396529	140.68573758004618
0.8885445551955845	136.33082916800913
0.8740508505696908	131.90273003406804
0.8593959052641637	127.4014406777867
0.8445956333995129	122.82696175080656
0.8296672626443583	118.17929409741407
0.8146294659597676	113.45843880566355
0.7995025084293346	108.6643972718424
0.7843083279800755	103.79716763217556
0.769070745380139	98.85674677470934
0.7538157566080024	93.8431344562681
0.7385716910775484	88.75633036327537
0.7233570022255741	83.59605527930836
0.7082428102937075	78.36314515741981
0.6932286663057358	73.05676292143312
0.6783674317729822	67.6771866217735
0.6637033878635333	62.22441531981974
0.649285113540871	56.698447876217756
0.6351659605196399	51.09928291819193
0.6214045861986394	45.42691880431289
0.6080655532547303	39.681353587917215
0.5952200066662191	33.86258498130525
0.5829464417872754	27.97061032422772
0.5713315809774465	22.00542656223439
0.5604713816242011	15.967030243497902
0.5504722056647235	9.855417547122954
0.5414521906470862	3.670584362492491
0.5335428759245892	-2.587473551195842
0.5268911561164689	-8.918760282368737
0.5216616596731501	-15.323279297419276
0.63838977739144	-90.59999999999997
