# Table format: T1D
# table_unit = degC
# axis1_unit = kJ/kg/K
# axis2_unit = barA
# This file was automatically generated by generate_data_files.py
1.0	119
-0.3454522467678413	-167.9999999999998
-0.33946127579486407	-166.08308721919138
-0.33329403379078715	-164.13122860282192
-0.3269551579384983	-162.14378707891063
-0.32044905917897437	-160.12011396148245
-0.31377992824750234	-158.0595487388427
-0.306951741351321	-155.9614188579912
-0.2999682654871232	-153.8250395051055
-0.2928330633952089	-151.6497133820232
-0.2855494981452043	-149.43473047864802
-0.2781207373462079	-147.1793678412095
-0.2705497569718726	-144.88288933629576
-0.2628393447883096	-142.5445454105836
-0.2549921033697121	-140.1635728461921
-0.24701045268314203	-137.7391945115731
-0.2388966322199991	-135.27061910786094
-0.23065270264714388	-132.75704091059904
-0.22228054694533592	-130.1976395067569
-0.2137818709965087	-127.59157952695426
-0.20515820357413833	-124.9380103728025
-0.19641089568245468	-122.2360659392748
-0.1875411191801681	-119.4848643320176
-0.1785498646123275	-116.68350757950569
-0.16943793815962682	-113.83108133995145
-0.1602059575971827	-110.92665460287088
-0.15085434713395926	-107.96927938520784
-0.1413833309787201	-104.95799042192075
-0.1317929254474293	-101.89180485092612
-0.12208292938901849	-98.76972189230085
-0.11225291265946868	-95.59072252163429
-0.10230220231568501	-92.3537691374271
-0.09222986612741386	-89.05780522242509
-0.08203469291308431	-85.70175499878044
-0.07171516908798492	-82.28452307692632
-0.06126945066268939	-78.80499409804918
-0.05069532973507734	-75.2620323700439
-0.039990194265467384	-71.65448149683351
-0.029150979589930785	-67.98116400092911
-0.018174109681490906	-64.24088093911058
-0.007055425568971202	-60.432411511100526
-0.0008068552164778567	-58.2837490011116
0.013197512965781954	-58.28374061289165
0.027201864115306142	-58.28374061289165
0.041206215264830336	-58.28374061289165
0.055210566414354505	-58.28374061289165
0.0692149175638787	-58.28374061289165
0.08321926871340289	-58.28374061289165
0.09722361986292707	-58.28374061289165
0.11122797101245126	-58.28374061289165
0.12523232216197544	-58.28374061289165
0.13923667331149964	-58.28374061289165
0.1532410244610238	-58.28374061289165
0.16724537561054806	-58.28374061289165
0.18124972676007226	-58.28374061289165
0.19525407790959642	-58.28374061289165
0.20925842905912057	-58.28374061289165
0.22326278020864473	-58.28374061289165
0.23726713135816893	-58.28374061289165
0.2512714825076932	-58.28374061289165
0.2652758336572174	-58.28374061289165
0.2792801848067415	-58.28374061289165
0.2932845359562657	-58.28374061289165
0.3072888871057899	-58.28374061289165
0.32129323825531403	-58.28374061289165
0.3352975894048383	-58.28374061289165
0.34930194055436253	-58.28374061289165
0.3633062917038867	-58.28374061289165
0.3773106428534108	-58.28374061289165
0.391314994002935	-58.28374061289165
0.4053193451524592	-58.28374061289165
0.4193236963019835	-58.28374061289165
0.43332804745150755	-58.28374061289165
0.44733239860103163	-58.28374061289165
0.46133674975055594	-58.28374061289165
0.4753411009000801	-58.28374061289165
0.4893454520496044	-58.28374061289165
0.5033498031991286	-58.28374061289165
0.5173541543486526	-58.28374061289165
0.5313585054981769	-58.28374061289165
0.5492519719283104	-56.135129526827455
0.5590958182904916	-50.663156257235556
0.5690963485328501	-45.05320861105909
0.5792519528279932	-39.301807600434444
0.58956112407923	-33.405386515728395
0.6000224515937526	-27.36028871365508
0.610634614548848	-21.162765349624493
0.6213963752979293	-14.80897305290847
0.632306572553775	-8.294971543191082
0.6433641144788714	-1.6167211870164238
0.6545679717067937	5.229919507372983
0.6659171703138286	12.249196458367976
0.6774107847563653	19.445462644081772
0.6890479307867517	26.82318080183461
0.70082775835814	34.38692619570156
0.7127494445273987	42.14138945384673
0.7248121863641104	50.091379477397595
0.7370151938731704	58.24182642266817
0.7493576829383398	66.5977847585749
0.7618388682943821	75.16443640114903
0.7744579565359085	83.94709392707944
0.7872141391720274	92.95120386828972
0.8001065857370127	102.18235008958186
0.8131344369687299	111.64625725145186
0.8262967980683366	121.34879436021288
0.8395927320568422	131.29597840764052
0.8530212532464946	141.49397810238554
0.8665813208476907	151.94911769547616
0.8802718327350715	162.667880902278
0.8940916193999329	173.65691492334662
0.9080394381197323	184.92303456666184
0.9221139673796811	196.4732264738081
0.9363138015859477	208.31465345271096
0.9506374461150067	220.454658919628
0.9650833127491871	232.9007714531383
0.9796497155545079	245.66070946296338
0.9943348672634634	258.74238597651004
1.0091368762326847	272.1539135461044
1.0240537440532451	285.90360927996016
1.0390833639000303	300.0000000000002
20.0	119
-0.3461768560492566	-167.99999999999994
-0.33709736121794504	-165.0979902518294
-0.32762382793876454	-162.11588862939857
-0.31777161221929645	-159.0514846961897
-0.307554942601416	-155.9025070103746
-0.2969869646623375	-152.66662144114557
-0.2860797814668156	-149.3414294385749
-0.27484448992652394	-145.92446625572845
-0.26329121297624763	-142.4131991217096
-0.2514291274218691	-138.80502536428287
-0.23926648724961735	-135.0972704806825
-0.2268106421067836	-131.28718615517994
-0.21406805056684333	-127.37194822193632
-0.20104428767136784	-123.34865457163428
-0.1877440460899161	-119.21432300033453
-0.174171130047504	-114.96588899896278
-0.16032844092381243	-110.60020348178998
-0.14621795311044616	-106.1140304522232
-0.13184067829635632	-101.50404460417016
-0.11719661580032453	-96.7668288572113
-0.10228468583029769	-91.89887182373894
-0.08710264154589283	-86.8965652061984
-0.07164695441879224	-81.75620112249081
-0.0559126654556328	-76.47396935756535
-0.039893192107528876	-71.04595453915519
-0.02358007673067573	-65.46813323556918
-0.0069626566289437055	-59.73637097338556
0.009972373071243794	-53.846419172837074
0.02724154600119118	-47.79391199861803
0.044865424316755824	-41.57436312377655
0.06286971040902842	-35.18316240429397
0.08128682857507391	-28.61557246188741
0.10015823909580525	-21.866725172502044
0.11953794023474905	-14.931618057888443
0.13949799160038107	-7.805110577595542
0.16013768540248588	-0.4819203186220875
0.18159980733197836	7.043380920087429
0.20410207559272112	14.776371151213596
0.2280056874586172	22.72278233367831
0.2539943066680578	30.88850462136901
0.2702809971260615	33.959600274689535
0.27618362884918385	33.959600274689535
0.2820862605723062	33.959600274689535
0.2879888922954285	33.959600274689535
0.29389152401855084	33.959600274689535
0.2997941557416732	33.959600274689535
0.30569678746479556	33.959600274689535
0.3115994191879179	33.959600274689535
0.3175020509110402	33.959600274689535
0.32340468263416255	33.959600274689535
0.3293073143572849	33.959600274689535
0.3352099460804072	33.959600274689535
0.34111257780352966	33.959600274689535
0.34701520952665194	33.959600274689535
0.3529178412497743	33.959600274689535
0.3588204729728966	33.959600274689535
0.36472310469601893	33.959600274689535
0.3706257364191413	33.959600274689535
0.3765283681422637	33.959600274689535
0.382430999865386	33.959600274689535
0.3883336315885083	33.959600274689535
0.39423626331163064	33.959600274689535
0.40013889503475303	33.959600274689535
0.4060415267578754	33.959600274689535
0.41194415848099775	33.959600274689535
0.41784679020412013	33.959600274689535
0.4237494219272424	33.959600274689535
0.4296520536503648	33.959600274689535
0.4355546853734871	33.959600274689535
0.44145731709660946	33.959600274689535
0.4473599488197318	33.959600274689535
0.4532625805428541	33.959600274689535
0.4591652122659765	33.959600274689535
0.46506784398909884	33.959600274689535
0.47097047571222117	33.959600274689535
0.47687310743534345	33.959600274689535
0.48277573915846583	33.959600274689535
0.4886783708815882	33.959600274689535
0.49458100638915053	33.959602994024976
0.5011536692688446	37.030699023965155
0.511254483261016	41.952638890914045
0.5210838399957004	46.95267998121466
0.5307145023495302	52.03206160319934
0.5401963726617746	57.19204273051554
0.5495653490372554	62.43390231417402
0.5588482174033816	67.75893959954931
0.5680655505526515	73.16847444841056
0.5772335231297075	78.66384766606149
0.5863650992743512	84.24642133367217
0.5954708385406701	89.91757914588379
0.6045594597002555	95.67872675377151
0.6136382455146718	101.53129211324654
0.6227133398836517	107.47672583899094
0.6317899702529055	113.51650156400598
0.6408726169337756	119.65211630486539
0.649965143957266	125.88509083276608
0.6590709015610384	132.21697005046553
0.6681928074241719	138.64932337520128
0.6773334117526372	145.18374512768548
0.6864949499350287	151.82185492727336
0.6956793855196481	158.56529809340054
0.7048884455750845	165.41574605339264
0.7141236499990128	172.37489675674294
0.723386335975921	179.44447509596733
0.7326776785148116	186.62623333413387
0.7419987077957756	193.92195153917942
0.7513503239013083	201.3334380251154
0.7607333093911544	208.86252980023664
0.7701483400891337	216.51109302244225
0.7795959943800859	224.28102346177883
0.7890767612599436	232.17424697032652
0.7985910473383502	240.19271995954045
0.8081391829585939	248.3384298851655
0.8177214275718888	256.6133957398465
0.8273379744807043	265.01966855355465
0.8369889550477531	273.5593319019556
0.8466744424525737	282.234502422844
0.8563944550656079	291.04733034077094
0.866148959499862	300.00000000000034
40.0	89
-0.34692817622431094	-168.0
-0.2511679734765152	-138.43839407518857
-0.1716791996892768	-113.81925991660412
-0.10668978494595478	-92.8867509840706
-0.05271104420924553	-74.8336821153809
-0.007081629134648211	-59.10058320614641
0.03208784047302697	-45.279632595095535
0.06614803993107717	-33.06251161150652
0.0960857379789993	-22.209546850057592
0.12263890252618831	-12.530262159137806
0.14637158950507934	-3.8705162450623902
0.1677234102735515	3.8963352334790216
0.1870429399252937	10.875703817664998
0.20461080751725025	17.156324183663912
0.22065601025448314	22.813640717191788
0.235367676489338	27.91237236387559
0.24890370527976904	32.5084869159233
0.26139721891540174	36.65074249910981
0.2729614555740043	40.38190639916047
0.28369353048813106	43.73972966440334
0.2936773636039927	46.757734338470414
0.30298598452258885	49.46585518659526
0.3116833661598365	51.8909671803799
0.3198258974829819	54.05732239098211
0.3274635768079015	55.98691438953932
0.3346409865570648	57.69978415320452
0.34139809550660744	59.214278409603764
0.34777092367443313	60.54726903517377
0.3537920969550997	61.714340353172815
0.35949131259119227	62.72994981298001
0.3648957320278745	63.60756647148412
0.370030314234579	64.35979086575418
0.37491809991549624	64.99845920929306
0.37958045496672754	65.53473432162917
0.3840372799259019	65.97918528254871
0.388307190891574	66.34185746507319
0.3924076763848236	66.63233432796994
0.3963552338242088	66.85979212579423
0.4001654886423081	67.03304851189438
0.403853298553301	67.16060585944541
0.407432845060027	67.25069000112347
0.41091771394545973	67.31128498454683
0.41432096621184017	67.35016435415736
0.4176552006986094	67.37491939768017
0.4209326094180416	67.39298473416176
0.42510688302272753	67.41830511553184
0.42923069436802064	67.4601680976487
0.43332814218544513	67.53385842330732
0.4374226950212274	67.65447779039664
0.44153728930719593	67.83700087486733
0.4456944117489198	68.09632604712408
0.44991616775019705	68.44732151303145
0.4542243372672518	68.9048674879225
0.4586404192185879	69.48389490779289
0.4631856653567168	70.1994210929189
0.4678811043282033	71.06658270289302
0.4727475565030245	72.10066625659039
0.47780564003887105	73.31713643439377
0.4830757685578949	74.7316623320836
0.48857814075071465	76.36014179539922
0.4943327221838238	78.21872393094583
0.5003592195712131	80.32382986258818
0.5066770477781982	82.69217178261823
0.5133052898544131	85.3407703337831
0.5202626504423754	88.28697035171791
0.527567402976284	91.5484549974401
0.5352373311700899	95.1432583162599
0.5432896653909056	99.08977627253915
0.5517410146191484	103.4067763288545
0.5606072948048997	108.1134056627215
0.5699036545349125	113.22919814334256
0.5796443990199023	118.77408022385498
0.5898429134906188	124.76837594001938
0.6005115871476462	131.23281124278435
0.6116617388386419	138.18851792809102
0.6233035456340253	145.65703746095647
0.6354459754361	153.66032502062671
0.6480967246875632	162.22075411779673
0.6612621621459105	171.36112215213484
0.6749472795655497	181.10465728747363
0.6891556499865054	191.47502702221976
0.70388939417636	202.4963488233928
0.7191491556206298	214.19320317429475
0.7349340843165255	226.59064935859112
0.7512418295067185	239.71424426852798
0.7680685414028665	253.59006448336947
0.7854088819019437	268.24473181752285
0.8032560442987262	283.70544248803185
0.8216017820503512	300.0
60.00000000000001	89
-0.3476681531708382	-168.0
-0.2505920572917952	-137.97940276545296
-0.17004599633564896	-112.94484982570128
-0.10420788713975868	-91.62144725691846
-0.04950862260468296	-73.19159191078583
-0.0032373073994911013	-57.08934570035794
0.03652515260295013	-42.90251326339916
0.07114800661805407	-30.31962386751036
0.10163022324313238	-19.098613831118854
0.12871817128877205	-9.047115402866893
0.15298194793746667	-0.009434097013979681
0.17486568497933253	8.142391797961011
0.19472146616226463	15.514923748296553
0.21283273789000043	22.197926060870827
0.22943083188806157	28.267785937018743
0.24470686783873305	33.79010271582172
0.2588204889189656	38.8216803518402
0.27190638184146587	43.41208276251018
0.28407921799661884	47.60486343102019
0.29543745009176475	51.43854855191893
0.3060662661992103	54.94743116540178
0.31603991462477155	58.16221856390342
0.3254235528169439	61.11056453884163
0.3342747319083251	63.81751033928202
0.34264459924149365	66.30585260593438
0.35057888039747254	68.59645240249819
0.3581186872011407	70.70849637105721
0.3653011871803973	72.65971869896828
0.3721601618234455	74.46659079869488
0.37872647490015676	76.14448422551249
0.3850284675247764	77.7078112877665
0.3910922931406036	79.17014696543049
0.39694220291947263	80.54433509007413
0.40260078998564214	81.84258121221723
0.408089199246628	83.07653415986914
0.4134273083333034	84.25735795179457
0.41863388413740293	85.39579545314206
0.4237267186258073	86.50222493606924
0.4287227469620452	87.58671052349706
0.4336381504416603	88.65904734201536
0.4384884463230086	89.72880208393354
0.44328856628812924	90.80534957351534
0.4480529249838888	91.89790584460303
0.4527954798592408	93.01555816298861
0.4575297833204735	94.16729236449942
0.46206261546666827	95.30903849951238
0.46661124051670627	96.49786815200576
0.47118668744036335	97.74150375216249
0.4757997674350479	99.04765534102114
0.48046109373688584	100.42403500324576
0.4851810982240827	101.8783702615628
0.48997004505230995	103.4184165273216
0.49483804152852257	105.05196868818325
0.4997950464017773	106.78687190216726
0.5048508757265625	108.63103165698499
0.5100152064354002	110.59242314459402
0.5152975777424329	112.6790999930974
0.5207073904881515	114.89920239136694
0.5262539045268845	117.2609646360313
0.5319462342529806	119.77272212564657
0.5377933423584285	122.44291782293544
0.5438040319138037	125.28010820288154
0.5499869368656594	128.29296870218081
0.5563505110464967	131.4902986840462
0.5629030157981141	134.88102593161256
0.5696525063151102	138.47421068317385
0.5766068168223323	142.27904922316213
0.5837735447079089	146.30487704413315
0.591160033741744	150.56117159698772
0.5987733565177927	155.0575546492047
0.6066202962667053	159.80379427391262
0.6147073281931732	164.80980649611774
0.6230406004993029	170.08565662625023
0.6316259152612422	175.6415603152924
0.6404687093308685	181.48788437002446
0.6495740354373827	187.63514737121568
0.6589465436650814	194.0940201418465
0.6685904634831791	200.87532611647862
0.6785095865014423	207.99004166663292
0.6887072501216246	215.44929644035068
0.69918632224928	223.26437377687245
0.7099491872239442	231.446711259523
0.7209977331179805	240.00790147129544
0.7323333405460691	248.95969301825903
0.743956873118837	258.3139918857105
0.7558686696658227	268.0828631909128
0.7680685383454907	278.2785333943318
0.7805557527537241	288.91339302849235
0.7933290501378055	300.0000000000002
80.0	89
-0.34839715044386144	-168.0000000000005
-0.25000860194161784	-137.52145728365392
-0.16841103747603337	-112.07213653148261
-0.10173046237046873	-90.35810531171981
-0.04631660610614677	-71.55137348513969
0.0005910543478785826	-55.079559116285026
0.04094124036577296	-40.52610786860447
0.0761216617361083	-27.57640363411315
0.10714338204328942	-15.985992712909876
0.13476108049287722	-5.560610852332161
0.15955081771560992	3.8569987743845218
0.18196117772046613	12.396128009604922
0.20234769135843442	20.164504181179154
0.22099656509468082	27.252940046072695
0.23814141026387062	33.73878713247001
0.25397528384833573	39.68854925893743
0.2686595187969631	45.159893140379836
0.28233031059163116	50.20321757331425
0.29510370602935915	54.86289382301612
0.30707943458566617	59.17825734283434
0.31834388816454523	63.184408858284485
0.3289724652422499	66.91286751533823
0.33903143438841743	70.39210796029766
0.3485794299749886	73.6480054419498
0.3576686632804824	76.70420736148878
0.3663459111160179	79.5824455135488
0.3746533288849054	82.30280013672609
0.38262912387021014	84.88392453083736
0.3903081163267425	87.34323719578487
0.39772220981384315	89.69708705794869
0.40490078757142944	91.96089627020496
0.4118710482116568	94.14928422525315
0.4186582912856667	96.27617575336274
0.42528616118266244	98.3548959437162
0.4317768561769632	100.39825360241451
0.43815130814732606	102.41861501665602
0.4444293374700607	104.42796941589881
0.45062978677203114	106.43798729337772
0.45677063657576694	108.46007256471432
0.46286910534133996	110.50540938634674
0.4689417359820018	112.58500432876411
0.47500447058205864	114.70972449302752
0.4810727147603022	116.89033206983595
0.4871613928880802	119.13751576529165
0.49328499517815033	121.46191945403723
0.4977092051515316	123.18363111948821
0.5021637659206455	124.95451721982283
0.5066536818494439	126.77851180045582
0.5111838715773489	128.65955858546323
0.5157591719013309	130.60161472685405
0.5203843409910607	132.60865433372948
0.5250640609754051	134.68467179446372
0.5298029399350697	136.8336849035333
0.5346055133331867	139.05973780328384
0.5394762449131594	141.3669037497275
0.5444195270909572	143.75928771041424
0.5494396808673976	146.24102880149564
0.5545409552845382	148.8163025702964
0.5597275264493088	151.48932312902178
0.565003496146711	154.26434514464546
0.5703728900644423	157.1456656895404
0.5758396556504801	160.13762595703798
0.5814076596251525	163.24461284580377
0.5870806851692476	166.47106041672157
0.5928624288100529	169.82145122585882
0.5987564970275666	173.30031753705111
0.6047664026036257	176.9122424176835
0.6108955607373316	180.661860721361
0.6171472849507607	184.55385996134441
0.6235247828096856	188.59298107886661
0.6300311514847602	192.7840191107549
0.6366693731793389	197.131823761134
0.6434423104508146	201.64129988238943
0.6503527014530853	206.31740787100682
0.6574031551283183	211.16516398437682
0.664596146376846	216.18964058514882
0.6719340112344416	221.39596632022966
0.6794189420866822	226.78932624203583
0.6870529829504219	232.37496188013046
0.6948380248526135	238.1581712718745
0.7027758013368394	244.14430896121155
0.7108678841279855	250.33878597515854
0.719115678985382	256.7470697879934
0.7275204217746625	263.37468428350473
0.7360831747883444	270.227209725987
0.7448048233449308	277.3102827509174
0.7536860726960044	284.62959638644907
0.7627274452705387	292.19090011696835
0.771929278285335	299.9999999999998
100.00000000000001	89
-0.34911551363479054	-167.99999999999957
-0.2494178764672667	-137.06452119938916
-0.1667745147456759	-111.20105549055896
-0.09925760766300255	-89.09664051079204
-0.04313499419311728	-69.91292953839309
0.004403549564931495	-53.071120409388016
0.0453362831409753	-38.15031420062141
0.08106926337494282	-24.832755960783402
0.11262554455141117	-12.87160224842495
0.14076802653287518	-2.0706875858001013
0.16607865631701588	7.728816016720259
0.18901040250997814	16.65754282091791
0.20992218195696058	24.824401335406264
0.22910290419412616	32.321270819143194
0.24678840541108388	39.22648771226619
0.2631736258901101	45.607483301916204
0.2784215339167756	51.522812378038395
0.29266977788972076	57.02373621509639
0.3060357219040186	62.15547372898362
0.31862031109533134	66.95820177501133
0.33051107640961325	71.46786320055867
0.34178449737541156	75.71682576310047
0.35250787960654045	79.73442407683473
0.36274086104990966	83.54740889436437
0.3725366310301763	87.18032230815567
0.3819429248170395	90.65581323379905
0.3910028410574522	93.99490438258226
0.39975551817902827	97.21721954789484
0.40823669756870745	100.3411782112002
0.4164791951297973	103.3841630718536
0.42451329814236216	106.3626650155581
0.43236710078913426	109.29240918223854
0.4400667889720354	112.18846511948061
0.44763688292407144	115.06534347083948
0.4551004444662956	117.93708121816718
0.4624792544581519	120.81731715017992
0.469793964959405	123.7193589479229
0.4770642298012846	126.65624304792073
0.48430881660714464	129.64078825507187
0.4915457027734566	132.68564392153394
0.4987921574936288	135.80333337858252
0.5060648115590897	139.00629320064746
0.5133797163884886	142.30690879048245
0.520752393504105	145.7175466985612
0.5281978754850286	149.25058402581607
0.5322138994093087	151.19421239159544
0.5362570906499622	153.17828760888887
0.5403295925565624	155.20472015991953
0.5444335151914902	157.2754275311666
0.5485709359974497	159.39233511164923
0.5527439003393074	161.55737704713664
0.5569544219261275	163.77249705203485
0.5612044831189623	166.03964918055914
0.5654960351296434	168.36079855865586
0.5698309981155861	170.73792207802757
0.5742112611753633	173.17300905349828
0.5786386822496754	175.66806184486677
0.5831150879321227	178.2250964443046
0.5876422731941164	180.84614303028894
0.5922220010281243	183.53324648899041
0.5968560020133757	186.2884669039879
0.6015459738081165	189.11388001513632
0.6062935805724234	192.01157764737775
0.6111004523256061	194.98366811026278
0.6159681842421871	198.03227656892778
0.6208983358904896	201.15954538726828
0.6258924304178454	204.36763444404
0.6309519536865014	207.65872142262998
0.6360783533643112	211.0350020752473
0.641273037974373	214.49869046230253
0.6465373759078088	218.05201916776667
0.6518726944039427	221.6972394913319
0.6572802785021997	225.43662161822778
0.6627613699701169	229.27245476758623
0.6683171662119048	233.20704732029037
0.6739488191620906	237.2427269272909
0.6796574341688024	241.38184059941602
0.6854440688713805	245.6267547797604
0.6913097320769728	249.9798553997881
0.6972553826409315	254.44354792033528
0.7032819283558011	259.0202573587611
0.7093902248537995	263.7124283035455
0.7155810745276993	268.5225249176874
0.7218552254751124	273.4530309323146
0.7282133704711586	278.5064496319628
0.7346561459746013	283.68530383303505
0.7411841311725275	288.9921358570001
0.747797847068694	294.42950749992747
0.7544977556207025	300.0
120.00000000000001	89
-0.349823571566998	-168.00000000000006
-0.24882013723831392	-136.60855987104816
-0.16513660977051656	-110.33154538107672
-0.09678941249905415	-87.83697254469189
-0.03996378109953747	-68.2761679091065
0.008200275004256468	-51.063932212572894
0.049710462127191477	-35.775036011852364
0.08599107052056251	-22.08859190111147
0.11807704152477698	-9.755366996268208
0.14673940674814673	1.422709955053051
0.17256592326503073	11.606046610315957
0.19601387733842116	20.92663148435679
0.21744551125538522	29.49456899269626
0.2371523810714633	37.40282221307825
0.2553724934126085	44.73073219785749
0.2723026181095853	51.54667964641118
0.288107304527054	57.91013151846971
0.302925598250135	63.87323775396055
0.31687612264527115	69.48209316534053
0.3300609774577206	74.77774629639879
0.34256876793601443	79.7970144363029
0.35447698560555807	84.57314830628076
0.3658538991453471	89.13637887414473
0.37676007057344385	93.51437081554428
0.3872495816270058	97.73260136290156
0.39737103365466137	101.81467901994506
0.40716836878845264	105.78261343579447
0.4166815488096015	109.65704532775499
0.42594711973711846	113.45744350679104
0.4349986839077442	117.2022746456704
0.4438672965943421	120.90915033058877
0.4525818006155188	124.59495507544193
0.46116910962903185	128.2759582972136
0.46965444866434597	131.9679127091888
0.47806155878231393	135.68614115455205
0.4864128714399296	139.44561355270218
0.49472965710205347	143.2610153463329
0.5030321518177762	147.146808605228
0.5113396648199138	151.11728675215886
0.5196706696763679	155.18662371904236
0.5280428810947959	159.36891821116814
0.5364733191362334	163.67823364881025
0.5449783623129038	168.12863426494022
0.5535737908179402	172.73421776190332
0.5622748209501278	177.50914486634758
0.5656867452321106	179.41289183124672
0.5691176678283509	181.34518649547857
0.5725684164932725	183.3068715680842
0.5760398074453694	185.29879275060398
0.5795326454568801	187.32179892036044
0.5830477239239747	189.37674230629818
0.5865858249181981	191.46447865758273
0.5901477192198953	193.58586740514625
0.5937341663343426	195.74177181636293
0.5973459144912421	197.93305914302044
0.6009837006282708	200.1606007627517
0.6046482503593161	202.42527231407558
0.608340277928042	204.7279538252002
0.6120604861474019	207.0695298367225
0.6158095663257134	209.45088951836163
0.6195881981799007	211.87292677985647
0.6233970497364851	214.3365403761523
0.6272367772209375	216.84263400700036
0.6311080249359489	219.39211641108847
0.6350114251292175	221.9859014548216
0.6389475978513315	224.62490821586948
0.6429171508043114	227.31006106159458
0.6469206791813978	230.04228972247483
0.650958765498663	232.82252936063918
0.6550319794190161	235.65172063362832
0.6591408775691909	238.53080975349582
0.6632860033502966	241.46074854137248
0.6674678867425141	244.44249447760717
0.6716870441045283	247.47701074761187
0.675943977968304	250.56526628352913
0.6802391768297786	253.70823580185538
0.6845731149360993	256.9068998371456
0.6889462520700038	260.162244771937
0.6933590333319544	263.4752628630258
0.6978118889206598	266.84695226424174
0.7023052339125955	270.27831704586515
0.7068394680411644	273.7703672108354
0.7114149754761334	277.32411870790577
0.7160321246039919	280.94059344190555
0.7206912678098788	284.62081928127077
0.7253927412617409	288.36583006301043
0.7301368646973772	292.17666559528516
0.7349239412150556	296.0543716577721
0.7397542570683502	300.0
140.0	89
-0.35052163739179815	-168.00000000000037
-0.24821562876458467	-136.15354032934997
-0.1634974948041354	-109.46354789191557
-0.09432595933967958	-86.57902514674348
-0.036802956267269454	-66.64100123185605
0.01198133028036915	-49.05790245233814
0.054063959872249316	-33.40018260667918
0.09088734248176514	-19.34382808941092
0.12349820355060956	-6.637216897701933
0.15267561839328517	4.9196323743550465
0.17901307871433073	15.488715250080588
0.20297212224195416	25.203385892456026
0.22491825679550595	34.174958780278246
0.24514562894577785	42.497497422460526
0.26389436180674203	50.251366338069715
0.28136300141925347	57.50591658555834
0.29771762434560506	64.32155022886991
0.31309861798667044	70.75133072204216
0.32762580731744206	76.84225548500518
0.3414023860326272	82.6362732851789
0.35451796938526015	88.17110618302655
0.3670509923619727	93.48091996095673
0.3790706133579532	98.59687577887411
0.39063823973582396	103.54758778430664
0.4018087609795073	108.35950557125932
0.41263155334668455	113.05723607877991
0.4231513042079272	117.66381630696833
0.4334086927922906	122.200945801643
0.44344095559240854	126.68918600735486
0.45328235836326397	131.1481321619906
0.4629645918854526	135.59656229737539
0.472517105039072	140.05256704109632
0.4819673859522334	144.533663228077
0.4913411998352731	149.0568937839157
0.5006627904334097	153.63891590401676
0.5099550507131357	158.2960791992685
0.519239667357002	163.04449519232747
0.5285372428149816	167.90009931460622
0.5378673980008962	172.87870636215933
0.5472488581938187	177.99606021054103
0.5566995242794242	183.26787845793564
0.5662365311240286	188.7098925573913
0.5758762945981161	194.33788390885172
0.5856345485439458	200.167716306763
0.5955263728031838	206.21536507683845
0.5982080907596865	207.8790338278082
0.600900764379078	209.55989468477497
0.6036046627534247	211.25826269185137
0.6063200517690025	212.97445379272523
0.6090471941139577	214.70878485901738
0.6117863492837812	216.46157371772557
0.6145377735847133	218.23313917777227
0.617301720135105	220.0238010556688
0.6200784388648242	221.83388020031862
0.622868176512766	223.66369851696692
0.625671176622526	225.513578990317
0.6284876795363009	227.38384570682666
0.6313179223870805	229.27482387619568
0.6341621390891901	231.18683985206212
0.6370205603272397	233.12022115191792
0.6398934135435418	235.07529647625802
0.64278092292406	237.0523957269752
0.6456833093829375	239.0518500250148
0.6486007905456757	241.07399172729902
0.6515335807310071	243.1191544429356
0.6544818909315272	245.18767304872142
0.6574459287931429	247.2798837039535
0.6604258985933875	249.39612386455963
0.6634220012186692	251.53673229655965
0.6664344341404917	253.70204908887104
0.6694633913907294	255.89241566546661
0.6725090635359859	258.1081747969025
0.6755716376511107	260.349670611221
0.678651297291922	262.6172486042458
0.6817482224671992	264.9112556492786
0.6848625896099857	267.2320400062106
0.687994571548282	269.5799513300601
0.6911443374751682	271.9553406789488
0.6943120529184152	274.35856052152803
0.6974978797096533	276.789964743871
0.7007019759531365	279.24990865583834
0.7039244959941839	281.7387489969352
0.7071655903873332	284.2568439416691
0.7104254058642818	286.8045531044237
0.7137040853016661	289.38223754386024
0.7170017676887406	291.990259766864
0.7203185880950116	294.62898373204337
0.7236546776378961	297.29877485280315
0.727010163450457	300.0
160.0	89
-0.35121000959482906	-168.00000000000028
-0.24760458444226174	-135.69943117034907
-0.16185733331417698	-108.59700752907321
-0.09186732410598995	-85.3227258309065
-0.033652504760643014	-65.00734662278524
0.015746817478443746	-47.05294399665101
0.05839695985502295	-31.02566846516504
0.09575833838658741	-16.59838635297524
0.1288893603889071	-3.517086889813527
0.15857705774733508	8.42012569563866
0.18542058223201344	19.376842693233527
0.209885657642507	29.487794886329482
0.23234099812712067	38.86552042572754
0.25308328539576813	47.60519918863332
0.27235470567223113	55.78823720654373
0.2903555284037493	63.484975892906334
0.3072533039909399	70.75677424616055
0.32318970681260395	77.65763281233075
0.33828570635727634	84.23547687672982
0.3526455302374923	90.53318231257492
0.36635974013026307	96.58940440827513
0.379507646786087	102.43925399014046
0.39215922596246744	108.11485386801985
0.40437665283339685	113.64580053748273
0.4162155414034302	119.05955018290837
0.42772595341068986	124.38174368280045
0.43895322532479636	129.63648207628978
0.44993865046392467	134.84656150169718
0.46072004470832256	140.03367475028796
0.4713322179119026	145.21858513956147
0.48180736830934373	150.4212772920776
0.4921754135624299	155.661088529244
0.5024642692863942	160.9568238970205
0.5127000837297568	166.3268572894587
0.5229074355929462	171.7892206944984
0.5331095006474192	177.36168323047826
0.5433281917730436	183.061821353165
0.5535842762039462	188.9070813777957
0.5638974731141474	194.91483526797225
0.5742865341480278	201.1024304849186
0.5847693090793199	207.48723456014528
0.595362798444699	214.0866749469447
0.6060831947277096	220.91827461732726
0.6169459134527251	227.99968379794194
0.6279656153769443	235.34870817863685
0.6298394757576352	236.61503742215308
0.6317182577875351	237.8895667905624
0.6336020254794983	239.17238312072175
0.6354908422564104	240.46357341866724
0.637384770951423	241.76322486224888
0.6392838738080475	243.07142480370248
0.6411882124801341	244.38826077216265
0.6430978480317253	245.71382047611303
0.6450128409367849	247.04819180578124
0.6469332510788158	248.39146283547097
0.6488591377503655	249.74372182584023
0.6507905596524111	251.10505722611845
0.6527275748936527	252.4755576762716
0.6546702409896841	253.85531200910611
0.6566186148620771	255.2444092523233
0.658572752837356	256.64293863051387
0.6605327106458804	258.05098956710253
0.6624985434206335	259.4686516862364
0.6644703056959222	260.8960148146235
0.6664480514059815	262.33316898331555
0.6684318338835087	263.78020442944376
0.6704217058580946	265.23721159789864
0.6724177194545966	266.70428114296465
0.6744199261914191	268.18150392990117
0.6764283769787272	269.6689710364759
0.6784431221165862	271.1667737544511
0.6804642112930351	272.6750035910188
0.6824916935820945	274.1937522701928
0.6845256174417043	275.72311173414835
0.6865660307116125	277.26317414452285
0.688612980611193	278.81403188366335
0.6906665137372238	280.3757775558363
0.6927266760615949	281.94850398838616
0.6947935129289831	283.53230423285663
0.6968670690544705	285.12727156606275
0.6989473885211196	286.73349949112594
0.7010345147775111	288.3510817384606
0.7031284906352382	289.9801122667277
0.7052293582663672	291.62068526373776
0.7073371592008646	293.27289514732274
0.7094519343239936	294.93683656616065
0.711573723873681	296.612604400568
0.713702567437864	298.3002937632466
0.7158385039518076	300.0000000000001
180.00000000000003	89
-0.35188897292153665	-167.99999999999972
-0.24698722724053687	-135.24620245698924
-0.16021628052300946	-107.7318714375381
-0.0894135766219091	-84.06800565070341
-0.030512407645818827	-63.375125390544156
0.019496840800713074	-45.0489743314435
0.06270964611351297	-28.651412897592138
0.10060431674076585	-13.852193356461328
0.13425084040185778	-0.3949165511933188
0.1644441193450498	11.924231703427665
0.1917888917496681	23.270446076390897
0.2167550029248689	33.77984453583821
0.2397143148960854	43.56620198675671
0.26096598982225644	52.725829964203854
0.28075422430126357	61.34119328409059
0.29928095900584456	69.48364280324313
0.3167151654432289	77.21551523368464
0.33319975078957453	84.59177058456487
0.3488567726647883	91.66128588842264
0.36379143336364755	98.46788944544448
0.37809517831603184	105.05119646539043
0.39184812739533276	111.44729081670476
0.4051210026086874	117.68928619072614
0.41797667087732554	123.80779181704162
0.43047138924634615	129.83130192168596
0.44265581758492206	135.78652373727022
0.45457584779891025	141.6986556028836
0.4662732868843286	147.5916242221587
0.4777864225247681	153.4882882641176
0.489150493504533	159.41061404049185
0.5003980823657077	165.37982786557086
0.5115594440557217	171.41654882092695
0.5226627814895675	177.54090494941818
0.5337344767702326	183.7726353476528
0.5447992851141549	190.1311801815067
0.5558804971999768	196.63576029110413
0.5670000746127868	203.30544776158428
0.5781787622286294	210.15922859993458
0.5894361807271723	217.21605846541775
0.6007909018976002	224.49491224330268
0.6122605089862273	232.01482812222912
0.6238616440024674	239.7949467295358
0.6356100436360751	247.85454579223892
0.647520565229934	256.21307072090167
0.6596072040888501	264.8901614568704
0.6606294271098645	265.63307975134944
0.6616529896356101	266.37839065274795
0.6626778991084946	267.1261059647909
0.6637041629289536	267.87623750316834
0.6647317884554398	268.6287970956107
0.665760783004426	269.38379658196266
0.6667911538503961	270.1412478142573
0.6678229082258318	270.9011626567865
0.6688560533212053	271.66355298617225
0.6698905962849685	272.42843069143794
0.670926544223536	273.19580767407615
0.671963904201271	273.96569584811664
0.6730026832404694	274.73810714019487
0.6740428883213387	275.5130534896167
0.6750845263819756	276.290546848424
0.6761276043183512	277.07059918145944
0.6771721289842813	277.85322246642966
0.6782181071914022	278.63842869396717
0.6792655457091458	279.426229867692
0.6803144512647137	280.21663800427314
0.681364830543042	281.0096651334867
0.6824166901867752	281.80532329827554
0.6834700367962349	282.603624554808
0.6845248769293806	283.40458097253213
0.6855812171017829	284.20820463423445
0.6866390637865809	285.01450763609387
0.6876984234144486	285.8235020877364
0.688759302373554	286.63520011228786
0.6898217070095223	287.4496138464268
0.6908856436253936	288.26675544043724
0.6919511184815785	289.0866370582572
0.693018137795819	289.9092708775304
0.6940867077431411	290.7346690896551
0.6951568344558104	291.56284389983193
0.6962285240232893	292.393807527112
0.6973017824921806	293.22757220444214
0.6983766158661888	294.06415017871313
0.6994530301060636	294.90355371080136
0.7005310311295557	295.745795075616
0.7016106248113576	296.59088656214124
0.7026918169830599	297.43884047347774
0.7037746134330921	298.289669126886
0.7048590199066695	299.1433848538263
0.7059450421057425	299.9999999999999
