# Table format: T1D
# table_unit = barA
# axis1_unit = kJ/kg
# axis2_unit = null
# This file was automatically generated by generate_data_files.py
0.1	91
122.37125469237552	39.67891076888637
121.52177744536893	39.62466372621911
120.64734502061829	39.534374763404905
119.74811652027427	39.40822776970102
118.82430460699048	39.24647954871371
117.87612999075685	39.04945922467946
116.90381495166864	38.8175674816415
115.90758261362713	38.551275542439605
114.88765507871129	38.25112411670065
113.8442536911392	37.91772208309444
112.7775987373585	37.55174505078074
111.68790930278587	37.15393376147119
110.57540317296869	36.72509234049998
109.44029675893383	36.26608640251081
108.28280504142394	35.77784101696411
107.10314153147206	35.26133853886228
105.90151822959768	34.71761631967397
104.67814565929916	34.14776426334756
103.43323281760165	33.55292231525189
102.16698721868013	32.93427780000803
100.87961491813438	32.29306267077708
99.5713205552387	31.630550657670433
98.2423074086883	30.948054323410844
96.89277746549703	30.246922032376983
95.52293150302698	29.52853483886439
94.13296918421126	28.794303300126376
92.72308916602694	28.045664219506612
91.29348921763913	27.284077331717956
89.844366363122	26.511021908383523
88.37591702015014	25.727993339960676
86.88833716598008	24.93649964330433
85.38182251111093	24.13805793402465
83.85656868765598	23.334190855723175
82.31277140791664	22.526422975350727
80.75062671370434	21.71627713434126
79.1703312505334	20.905270775746224
77.57208247427499	20.094912247656477
75.95607891257683	19.286697079918916
74.32252044351377	18.482104239241362
72.67160858981256	17.682592366365746
71.0035468329999	16.889595997989996
69.31854094578121	16.104521776619695
67.61679934540983	15.328744651560328
65.89853346920475	14.563604074560278
64.16395817401713	13.810400193995312
62.41329216165376	13.070390051991145
60.64675843256913	12.344783789528446
58.864584770423136	11.634740865377351
57.06700426048326	10.941366295688875
55.254255845222644	10.265706922249334
53.42658492091095	9.608747718795966
51.58424397949204	8.971408146429015
49.72749330057283	8.354538571054615
47.85660169898907	7.758916757981313
45.97184733406175	7.1852444612947854
44.07351858748104	6.634144128471382
42.161915017548495	6.1061557438886584
40.23734839855971	5.60173383845773
38.300143855102526	5.121244696558845
36.35064110240358	4.6649637958017856
34.3891958050544	4.233073519851031
32.416181068233634	3.825661189616431
30.43198961963623	3.4427174634657627
28.437032903381485	3.0841351626748588
26.43174849355837	2.7497085839712123
24.416596873938957	2.4391333665658546
22.392065410546337	2.152006945410789
20.358671128314143	1.8878297850446175
18.316964991700072	1.6460074073072233
16.267534241806626	1.4258532042448324
14.211006041440886	1.2265922383213559
12.148051534366985	1.0473660707349175
10.079390373409057	0.8872386892946257
8.005795782791685	0.7452035951676527
5.928100229887235	0.6201920896966291
3.8472017975379584	0.5110827773268796
1.7640713648443913	0.41671226747094603
-0.3202392717697592	0.3358870161160239
-2.4045881773048223	0.2673961968146952
-4.487732757313081	0.21002543076564714
-6.568317696000608	0.1625711383345662
-8.644861035766732	0.12385520226678814
-10.715738036523327	0.09273956027001606
-12.77916229099021	0.06814027768668217
-14.833163533796037	0.049040597503726885
-16.875561335933554	0.03450243431966098
-18.903933699092423	0.023675781141407164
-20.915579346388633	0.0158055424646819
-22.90747205573709	0.010235400976849851
-24.876205214598496	0.006408470839300809
-40.6542208363824	8.625786041393407e-06
0.2	91
122.57402067746506	39.67891076888637
121.92734999388756	39.62466372621911
121.25558888705596	39.534374763404905
120.55885580166942	39.40822776970102
119.83731042975697	39.24647954871371
119.09111838810836	39.04945922467946
118.32044639497273	38.8175674816415
117.52546204603432	38.551275542439605
116.70633208908913	38.25112411670065
115.86322280834327	37.91772208309444
114.99629978806128	37.55174505078074
114.10572782213377	37.15393376147119
113.19167086149807	36.72509234049998
112.2542919817776	36.26608640251081
111.29375336722555	35.77784101696411
110.31021630912304	35.26133853886228
109.30384119912344	34.71761631967397
108.2747876031495	34.14776426334756
107.2232142391142	33.55292231525189
106.14927905634958	32.93427780000803
105.0531392906859	32.29306267077708
103.93495153709438	31.630550657670433
102.79487183498482	30.948054323410844
101.63305576586725	30.246922032376983
100.44965856346444	29.52853483886439
99.24483523647291	28.794303300126376
98.01874070418667	28.045664219506612
96.77152994053851	27.284077331717956
95.50335814570298	26.511021908383523
94.21438090904469	25.727993339960676
92.90475440334517	24.93649964330433
91.5746355856001	24.13805793402465
90.22418241347408	23.334190855723175
88.85355406150995	22.526422975350727
87.46291117317321	21.71627713434126
86.05241613789971	20.905270775746224
84.6222333595886	20.094912247656477
83.17252955334779	19.286697079918916
81.70347406187867	18.482104239241362
80.21523919036373	17.682592366365746
78.70800056425786	16.889595997989996
77.18193750899103	16.104521776619695
75.63723345461594	15.328744651560328
74.07407636705244	14.563604074560278
72.49265920820284	13.810400193995312
70.89318042744968	13.070390051991145
69.27584448737518	12.344783789528446
67.64086242685337	11.634740865377351
65.98845246506937	10.941366295688875
64.31884065041493	10.265706922249334
62.632261558672454	9.608747718795966
60.92895904540945	8.971408146429015
59.20918705804333	8.354538571054615
57.4732105136734	7.758916757981313
55.72130624941444	7.1852444612947854
53.95376405275478	6.634144128471382
52.17088778021483	6.1061557438886584
50.372996573551916	5.60173383845773
48.56042618365716	5.121244696558845
46.73353041349331	4.6649637958017856
44.89268269245259	4.233073519851031
43.0382777960154	3.825661189616431
41.170734810979305	3.4427174634657627
39.290493769994946	3.0841351626748588
37.398028749341684	2.7497085839712123
35.49383949819515	2.4391333665658546
33.57845841987108	2.152006945410789
31.65245303172939	1.8878297850446175
29.716430495858344	1.6460074073072233
27.771040249524486	1.4258532042448324
25.816977893131668	1.2265922383213559
23.854989466734704	1.0473660707349175
21.885876159668683	0.8872386892946257
19.910499506911695	0.7452035951676527
17.929787134358033	0.6201920896966291
15.944739129835177	0.5110827773268796
13.956435132869597	0.41671226747094603
11.966042260029004	0.3358870161160239
9.974824011942468	0.2673961968146952
7.984150349820849	0.21002543076564714
5.9955091761402075	0.1625711383345662
4.010519534965308	0.12385520226678814
2.0309469040415364	0.09273956027001606
0.05872111722395152	0.06814027768668217
-1.9040424824449167	0.049040597503726885
-3.8550178065744802	0.03450243431966098
-5.791637653568307	0.023675781141407164
-7.71105692225842	0.0158055424646819
-9.610107669736221	0.010235400976849851
-11.485244070030335	0.006408470839300809
-26.366722836211192	8.625786041393407e-06
0.3	91
122.77678666255458	39.67891076888637
122.33292254240622	39.62466372621911
121.8638327534936	39.534374763404905
121.36959508306461	39.40822776970102
120.85031625252343	39.24647954871371
120.30610678545987	39.04945922467946
119.73707783827685	38.8175674816415
119.1433414784415	38.551275542439605
118.52500909946698	38.25112411670065
117.88219192554735	37.91772208309444
117.21500083876404	37.55174505078074
116.52354634148168	37.15393376147119
115.80793855002744	36.72509234049998
115.06828720462136	36.26608640251081
114.30470169302717	35.77784101696411
113.51729108677397	35.26133853886228
112.70616416864918	34.71761631967397
111.87142954699988	34.14776426334756
111.01319566062676	33.55292231525189
110.13157089401902	32.93427780000803
109.22666366323746	32.29306267077708
108.29858251895008	31.630550657670433
107.34743626128133	30.948054323410844
106.37333406623749	30.246922032376983
105.37638562390192	29.52853483886439
104.35670128873454	28.794303300126376
103.31439224234641	28.045664219506612
102.24957066343792	27.284077331717956
101.16234992828393	26.511021908383523
100.05284479793923	25.727993339960676
98.92117164071028	24.93649964330433
97.76744866008929	24.13805793402465
96.59179613929217	23.334190855723175
95.39433671510328	22.526422975350727
94.17519563264209	21.71627713434126
92.93450102526603	20.905270775746224
91.67238424490219	20.094912247656477
90.38898019411877	19.286697079918916
89.08442768024356	18.482104239241362
87.7588697909149	17.682592366365746
86.41245429551584	16.889595997989996
85.04533407220084	16.104521776619695
83.65766756382203	15.328744651560328
82.24961926490013	14.563604074560278
80.82136024238854	13.810400193995312
79.3730686932456	13.070390051991145
77.90493054218122	12.344783789528446
76.41714008328361	11.634740865377351
74.9099006696555	10.941366295688875
73.38342545560722	10.265706922249334
71.83793819643397	9.608747718795966
70.27367411132686	8.971408146429015
68.69088081551382	8.354538571054615
67.08981932835773	7.758916757981313
65.47076516476713	7.1852444612947854
63.8340095180285	6.634144128471382
62.17986054288116	6.1061557438886584
60.50864474854411	5.60173383845773
58.82070851221179	5.121244696558845
57.11641972458306	4.6649637958017856
55.39616957985078	4.233073519851031
53.660374523797174	3.825661189616431
51.90948000232236	3.4427174634657627
50.14395463660841	3.0841351626748588
48.36430900512499	2.7497085839712123
46.571082122451344	2.4391333665658546
44.764851429195836	2.152006945410789
42.94623493514464	1.8878297850446175
41.11589600001662	1.6460074073072233
39.27454625724235	1.4258532042448324
37.422949744822446	1.2265922383213559
35.56192739910241	1.0473660707349175
33.69236194592829	0.8872386892946257
31.815203231031706	0.7452035951676527
29.93147403882884	0.6201920896966291
28.04227646213239	0.5110827773268796
26.14879890089481	0.41671226747094603
24.25232379182778	0.3358870161160239
22.354236201189746	0.2673961968146952
20.456033456954792	0.21002543076564714
18.559336048281022	0.1625711383345662
16.665900105697354	0.12385520226678814
14.777631844606406	0.09273956027001606
12.896604525438102	0.06814027768668217
11.025078568906205	0.049040597503726885
9.165525722784578	0.03450243431966098
7.3206583919558055	0.023675781141407164
5.493465501871806	0.0158055424646819
3.68725671626465	0.010235400976849851
1.9057170745378236	0.006408470839300809
-12.079224836040002	8.625786041393407e-06
0.4	91
122.97955264764411	39.67891076888637
122.73849509092486	39.62466372621911
122.47207661993124	39.534374763404905
122.18033436445977	39.40822776970102
121.8633220752899	39.24647954871371
121.5210951828114	39.04945922467946
121.15370928158096	38.8175674816415
120.7612209108487	38.551275542439605
120.34368610984482	38.25112411670065
119.90116104275141	37.91772208309444
119.43370188946682	37.55174505078074
118.9413648608296	37.15393376147119
118.42420623855685	36.72509234049998
117.88228242746514	36.26608640251081
117.31565001882876	35.77784101696411
116.72436586442494	35.26133853886228
116.10848713817492	34.71761631967397
115.4680714908502	34.14776426334756
114.80317708213931	33.55292231525189
114.11386273168846	32.93427780000803
113.40018803578897	32.29306267077708
112.66221350080578	31.630550657670433
111.90000068757786	30.948054323410844
111.11361236660773	30.246922032376983
110.30311268433938	29.52853483886439
109.46856734099617	28.794303300126376
108.61004378050613	28.045664219506612
107.7276113863373	27.284077331717956
106.8213417108649	26.511021908383523
105.89130868683378	25.727993339960676
104.93758887807537	24.93649964330433
103.96026173457847	24.13805793402465
102.95940986511026	23.334190855723175
101.93511936869659	22.526422975350727
100.88748009211098	21.71627713434126
99.81658591263233	20.905270775746224
98.72253513021577	20.094912247656477
97.60543083488976	19.286697079918916
96.46538129860845	18.482104239241362
95.30250039146608	17.682592366365746
94.11690802677379	16.889595997989996
92.90873063541065	16.104521776619695
91.67810167302814	15.328744651560328
90.42516216274782	14.563604074560278
89.15006127657423	13.810400193995312
87.85295695904153	13.070390051991145
86.53401659698727	12.344783789528446
85.19341773971382	11.634740865377351
83.83134887424163	10.941366295688875
82.44801026079952	10.265706922249334
81.04361483419548	9.608747718795966
79.61838917724427	8.971408146429015
78.17257457298432	8.354538571054615
76.70642814304206	7.758916757981313
75.22022408011983	7.1852444612947854
73.71425498330225	6.634144128471382
72.18883330554749	6.1061557438886584
70.64429292353631	5.60173383845773
69.08099084076642	5.121244696558845
67.4993090356728	4.6649637958017856
65.89965646724896	4.233073519851031
64.28247125157894	3.825661189616431
62.64822519366543	3.4427174634657627
60.99741550322189	3.0841351626748588
59.33058926090829	2.7497085839712123
57.64832474670754	2.4391333665658546
55.951244438520575	2.152006945410789
54.240016838559896	1.8878297850446175
52.5153615041749	1.6460074073072233
50.77805226496021	1.4258532042448324
49.028921596513236	1.2265922383213559
47.268865331470124	1.0473660707349175
45.49884773218792	0.8872386892946257
43.71990695515172	0.7452035951676527
41.93316094329964	0.6201920896966291
40.13981379442962	0.5110827773268796
38.34116266892001	0.41671226747094603
36.53860532362655	0.3358870161160239
34.73364839043704	0.2673961968146952
32.927916564088726	0.21002543076564714
31.123162920421837	0.1625711383345662
29.321280676429414	0.12385520226678814
27.52431678517127	0.09273956027001606
25.73448793365227	0.06814027768668217
23.95419962025732	0.049040597503726885
22.186069252143664	0.03450243431966098
20.432954437479935	0.023675781141407164
18.697987926002018	0.0158055424646819
16.984621102265532	0.010235400976849851
15.296678219105983	0.006408470839300809
2.208273164131208	8.625786041393407e-06
0.5	91
123.18231863273363	39.67891076888637
123.14406763944352	39.62466372621911
123.0803204863689	39.534374763404905
122.99107364585493	39.40822776970102
122.87632789805636	39.24647954871371
122.73608358016291	39.04945922467946
122.57034072488507	38.8175674816415
122.37910034325589	38.551275542439605
122.16236312022268	38.25112411670065
121.92013015995549	37.91772208309444
121.65240294016957	37.55174505078074
121.35918338017751	37.15393376147119
121.04047392708621	36.72509234049998
120.69627765030891	36.26608640251081
120.32659834463037	35.77784101696411
119.9314406420759	35.26133853886228
119.51081010770066	34.71761631967397
119.06471343470056	34.14776426334756
118.59315850365188	33.55292231525189
118.09615456935789	32.93427780000803
117.5737124083405	32.29306267077708
117.0258444826615	31.630550657670433
116.45256511387439	30.948054323410844
115.85389066697792	30.246922032376983
115.22983974477687	29.52853483886439
114.58043339325782	28.794303300126376
113.90569531866586	28.045664219506612
113.2056521092367	27.284077331717956
112.48033349344587	26.511021908383523
111.72977257572833	25.727993339960676
110.95400611544048	24.93649964330433
110.15307480906765	24.13805793402465
109.32702359092833	23.334190855723175
108.4759020222899	22.526422975350727
107.59976455157985	21.71627713434126
106.69867079999864	20.905270775746224
105.77268601552937	20.094912247656477
104.82188147566073	19.286697079918916
103.84633491697335	18.482104239241362
102.84613099201727	17.682592366365746
101.82136175803176	16.889595997989996
100.77212719862048	16.104521776619695
99.69853578223425	15.328744651560328
98.60070506059553	14.563604074560278
97.47876231075995	13.810400193995312
96.33284522483744	13.070390051991145
95.16310265179334	12.344783789528446
93.96969539614405	11.634740865377351
92.75279707882775	10.941366295688875
91.5125950659918	10.265706922249334
90.24929147195701	9.608747718795966
88.96310424316168	8.971408146429015
87.6542683304548	8.354538571054615
86.3230369577264	7.758916757981313
84.96968299547252	7.1852444612947854
83.59450044857597	6.634144128471382
82.19780606821381	6.1061557438886584
80.77994109852854	5.60173383845773
79.34127316932104	5.121244696558845
77.88219834676254	4.6649637958017856
76.40314335464716	4.233073519851031
74.9045679793607	3.825661189616431
73.38697038500851	3.4427174634657627
71.85087636983536	3.0841351626748588
70.2968695166916	2.7497085839712123
68.72556737096374	2.4391333665658546
67.13763744784531	2.152006945410789
65.53379874197516	1.8878297850446175
63.91482700833317	1.6460074073072233
62.28155827267807	1.4258532042448324
60.63489344820401	1.2265922383213559
58.97580326383783	1.0473660707349175
57.30533351844754	0.8872386892946257
55.62461067927174	0.7452035951676527
53.934847847770435	0.6201920896966291
52.237351126726836	0.5110827773268796
50.53352643694521	0.41671226747094603
48.8248868554253	0.3358870161160239
47.11306057968434	0.2673961968146952
45.39979967122264	0.21002543076564714
43.68698979256265	0.1625711383345662
41.976661247161445	0.12385520226678814
40.271001725736134	0.09273956027001606
38.57237134186643	0.06814027768668217
36.88332067160844	0.049040597503726885
35.20661278150272	0.03450243431966098
33.54525048300405	0.023675781141407164
31.902510350132232	0.0158055424646819
30.281985488266407	0.010235400976849851
28.687639363674133	0.006408470839300809
16.495771164302433	8.625786041393407e-06
0.6	91
123.38508461782317	39.67891076888637
123.54964018796214	39.62466372621911
123.68856435280655	39.534374763404905
123.80181292725008	39.40822776970102
123.88933372082283	39.24647954871371
123.95107197751443	39.04945922467946
123.98697216818918	38.8175674816415
123.99697977566308	38.551275542439605
123.98104013060052	38.25112411670065
123.93909927715953	37.91772208309444
123.87110399087231	37.55174505078074
123.77700189952542	37.15393376147119
123.65674161561559	36.72509234049998
123.51027287315269	36.26608640251081
123.33754667043199	35.77784101696411
123.13851541972687	35.26133853886228
122.91313307722642	34.71761631967397
122.66135537855092	34.14776426334756
122.38313992516444	33.55292231525189
122.07844640702734	32.93427780000803
121.74723678089205	32.29306267077708
121.38947546451719	31.630550657670433
121.0051295401709	30.948054323410844
120.59416896734815	30.246922032376983
120.15656680521434	29.52853483886439
119.69229944551945	28.794303300126376
119.20134685682558	28.045664219506612
118.68369283213607	27.284077331717956
118.13932527602682	26.511021908383523
117.56823646462287	25.727993339960676
116.9704233528056	24.93649964330433
116.34588788355683	24.13805793402465
115.69463731674645	23.334190855723175
115.01668467588323	22.526422975350727
114.31204901104873	21.71627713434126
113.58075568736496	20.905270775746224
112.82283690084296	20.094912247656477
112.03833211643169	19.286697079918916
111.22728853533823	18.482104239241362
110.38976159256842	17.682592366365746
109.5258154892897	16.889595997989996
108.6355237618303	16.104521776619695
107.71896989144035	15.328744651560328
106.77624795844322	14.563604074560278
105.80746334494566	13.810400193995312
104.81273349063338	13.070390051991145
103.79218870659938	12.344783789528446
102.74597305257427	11.634740865377351
101.67424528341387	10.941366295688875
100.57717987118409	10.265706922249334
99.45496810971851	9.608747718795966
98.30781930907906	8.971408146429015
97.13596208792531	8.354538571054615
95.93964577241073	7.758916757981313
94.71914191082521	7.1852444612947854
93.47474591384969	6.634144128471382
92.20677883088015	6.1061557438886584
90.91558927352072	5.60173383845773
89.60155549787568	5.121244696558845
88.26508765785226	4.6649637958017856
86.90663024204537	4.233073519851031
85.52666470714249	3.825661189616431
84.12571557635157	3.4427174634657627
82.70433723644881	3.0841351626748588
81.26314977247492	2.7497085839712123
79.80280999521995	2.4391333665658546
78.32403045717005	2.152006945410789
76.8275806453904	1.8878297850446175
75.31429251249143	1.6460074073072233
73.7850642803959	1.4258532042448324
72.24086529989478	1.2265922383213559
70.68274119620555	1.0473660707349175
69.11181930470717	0.8872386892946257
67.52931440339174	0.7452035951676527
65.93653475224122	0.6201920896966291
64.33488845902406	0.5110827773268796
62.72589020497041	0.41671226747094603
61.11116838722407	0.3358870161160239
59.492472768931606	0.2673961968146952
57.871682778356565	0.21002543076564714
56.25081666470347	0.1625711383345662
54.632041817893516	0.12385520226678814
53.017686666300996	0.09273956027001606
51.41025475008058	0.06814027768668217
49.81244172295955	0.049040597503726885
48.22715631086179	0.03450243431966098
46.657546528528165	0.023675781141407164
45.107032774262436	0.0158055424646819
43.579349874267265	0.010235400976849851
42.07860050824228	0.006408470839300809
30.783269164473612	8.625786041393407e-06
0.7	91
123.5878506029127	39.67891076888637
123.9552127364808	39.62466372621911
124.29680821924421	39.534374763404905
124.61255220864524	39.40822776970102
124.90233954358929	39.24647954871371
125.16606037486594	39.04945922467946
125.40360361149328	38.8175674816415
125.61485920807026	38.551275542439605
125.79971714097837	38.25112411670065
125.95806839436361	37.91772208309444
126.08980504157508	37.55174505078074
126.19482041887333	37.15393376147119
126.27300930414499	36.72509234049998
126.32426809599644	36.26608640251081
126.3484949962336	35.77784101696411
126.34559019737785	35.26133853886228
126.31545604675215	34.71761631967397
126.25799732240128	34.14776426334756
126.173121346677	33.55292231525189
126.0607382446968	32.93427780000803
125.92076115344356	32.29306267077708
125.7531064463729	31.630550657670433
125.55769396646741	30.948054323410844
125.33444726771837	30.246922032376983
125.08329386565183	29.52853483886439
124.8041654977811	28.794303300126376
124.49699839498533	28.045664219506612
124.16173355503548	27.284077331717956
123.79831705860778	26.511021908383523
123.40670035351745	25.727993339960676
122.98684059017069	24.93649964330433
122.538700958046	24.13805793402465
122.06225104256451	23.334190855723175
121.55746732947654	22.526422975350727
121.0243334705176	21.71627713434126
120.46284057473127	20.905270775746224
119.87298778615656	20.094912247656477
119.25478275720268	19.286697079918916
118.60824215370313	18.482104239241362
117.9333921931196	17.682592366365746
117.2302692205477	16.889595997989996
116.49892032504009	16.104521776619695
115.73940400064643	15.328744651560328
114.95179085629091	14.563604074560278
114.13616437913136	13.810400193995312
113.29262175642928	13.070390051991145
112.42127476140543	12.344783789528446
111.52225070900452	11.634740865377351
110.59569348800001	10.941366295688875
109.6417646763764	10.265706922249334
108.66064474748002	9.608747718795966
107.6525343749965	8.971408146429015
106.6176558453958	8.354538571054615
105.55625458709505	7.758916757981313
104.4686008261779	7.1852444612947854
103.35499137912345	6.634144128471382
102.21575159354647	6.1061557438886584
101.05123744851291	5.60173383845773
99.86183782643032	5.121244696558845
98.64797696894199	4.6649637958017856
97.4101171294435	4.233073519851031
96.14876143492427	3.825661189616431
94.86446076769462	3.4427174634657627
93.55779810306227	3.0841351626748588
92.22943002825822	2.7497085839712123
90.8800526194761	2.4391333665658546
89.5104234664948	2.152006945410789
88.12136254880566	1.8878297850446175
86.71375801664972	1.6460074073072233
85.28857028811377	1.4258532042448324
83.84683715158558	1.2265922383213559
82.38967912857325	1.0473660707349175
80.91830509096678	0.8872386892946257
79.43401812751173	0.7452035951676527
77.93822165671203	0.6201920896966291
76.43242579132125	0.5110827773268796
74.91825397299561	0.41671226747094603
73.39744991902282	0.3358870161160239
71.87188495817891	0.2673961968146952
70.3435658854905	0.21002543076564714
68.81464353684429	0.1625711383345662
67.28742238862552	0.12385520226678814
65.76437160686585	0.09273956027001606
64.24813815829476	0.06814027768668217
62.74156277431068	0.049040597503726885
61.24769984022085	0.03450243431966098
59.7698425740523	0.023675781141407164
58.31155519839267	0.0158055424646819
56.87671426026815	0.010235400976849851
55.469561652810434	0.006408470839300809
45.070767164644835	8.625786041393407e-06
0.8	91
123.79061658800224	39.67891076888637
124.36078528499944	39.62466372621911
124.90505208568185	39.534374763404905
125.42329149004043	39.40822776970102
125.91534536635578	39.24647954871371
126.38104877221744	39.04945922467946
126.8202350547974	38.8175674816415
127.23273864047745	38.551275542439605
127.61839415135623	38.25112411670065
127.97703751156769	37.91772208309444
128.30850609227784	37.55174505078074
128.61263893822124	37.15393376147119
128.88927699267435	36.72509234049998
129.13826331884022	36.26608640251081
129.3594433220352	35.77784101696411
129.55266497502882	35.26133853886228
129.7177790162779	34.71761631967397
129.8546392662516	34.14776426334756
129.96310276818957	33.55292231525189
130.04303008236624	32.93427780000803
130.0942855259951	32.29306267077708
130.11673742822862	31.630550657670433
130.11025839276394	30.948054323410844
130.07472556808864	30.246922032376983
130.01002092608928	29.52853483886439
129.91603155004273	28.794303300126376
129.79264993314504	28.045664219506612
129.63977427793486	27.284077331717956
129.45730884118876	26.511021908383523
129.245164242412	25.727993339960676
129.0032578275358	24.93649964330433
128.7315140325352	24.13805793402465
128.42986476838263	23.334190855723175
128.09824998306985	22.526422975350727
127.73661792998651	21.71627713434126
127.34492546209762	20.905270775746224
126.92313867147016	20.094912247656477
126.47123339797363	19.286697079918916
125.98919577206802	18.482104239241362
125.47702279367078	17.682592366365746
124.93472295180564	16.889595997989996
124.36231688824992	16.104521776619695
123.75983810985255	15.328744651560328
123.1273337541386	14.563604074560278
122.46486541331707	13.810400193995312
121.77251002222519	13.070390051991145
121.05036081621147	12.344783789528446
120.29852836543476	11.634740865377351
119.51714169258612	10.941366295688875
118.70634948156868	10.265706922249334
117.86632138524155	9.608747718795966
116.99724944091393	8.971408146429015
116.09934960286631	8.354538571054615
115.17286340177938	7.758916757981313
114.21805974153062	7.1852444612947854
113.23523684439718	6.634144128471382
112.22472435621282	6.1061557438886584
111.18688562350515	5.60173383845773
110.12212015498493	5.121244696558845
109.03086628003176	4.6649637958017856
107.91360401684173	4.233073519851031
106.77085816270605	3.825661189616431
105.60320595903771	3.4427174634657627
104.41125896967574	3.0841351626748588
103.19571028404151	2.7497085839712123
101.95729524373233	2.4391333665658546
100.69681647581956	2.152006945410789
99.41514445222091	1.8878297850446175
98.113223520808	1.6460074073072233
96.79207629583163	1.4258532042448324
95.45280900327636	1.2265922383213559
94.09661706094097	1.0473660707349175
92.7247908772264	0.8872386892946257
91.33872185163177	0.7452035951676527
89.93990856118285	0.6201920896966291
88.5299631236185	0.5110827773268796
87.11061774102083	0.41671226747094603
85.68373145082163	0.3358870161160239
84.25129714742621	0.2673961968146952
82.81544899262441	0.21002543076564714
81.3784704089851	0.1625711383345662
79.94280295935759	0.12385520226678814
78.51105654743074	0.09273956027001606
77.0860215665089	0.06814027768668217
75.67068382566181	0.049040597503726885
74.26824336957995	0.03450243431966098
72.88213861957642	0.023675781141407164
71.51607762252289	0.0158055424646819
70.17407864626904	0.010235400976849851
68.86052279737861	0.006408470839300809
59.358265164816046	8.625786041393407e-06
0.9	91
123.99338257309176	39.67891076888637
124.7663578335181	39.62466372621911
125.5132959521195	39.534374763404905
126.23403077143558	39.40822776970102
126.92835118912222	39.24647954871371
127.59603716956897	39.04945922467946
128.2368664981015	38.8175674816415
128.85061807288466	38.551275542439605
129.43707116173408	38.25112411670065
129.99600662877177	37.91772208309444
130.5272071429806	37.55174505078074
131.03045745756916	37.15393376147119
131.50554468120373	36.72509234049998
131.952258541684	36.26608640251081
132.3703916478368	35.77784101696411
132.75973975267976	35.26133853886228
133.12010198580364	34.71761631967397
133.45128121010197	34.14776426334756
133.75308418970212	33.55292231525189
134.02532192003568	32.93427780000803
134.26780989854666	32.29306267077708
134.4803684100843	31.630550657670433
134.66282281906044	30.948054323410844
134.81500386845886	30.246922032376983
134.93674798652674	29.52853483886439
135.0278976023044	28.794303300126376
135.0883014713048	28.045664219506612
135.11781500083427	27.284077331717956
135.11630062376972	26.511021908383523
135.08362813130657	25.727993339960676
135.0196750649009	24.93649964330433
134.92432710702437	24.13805793402465
134.7974784942007	23.334190855723175
134.6390326366632	22.526422975350727
134.44890238945536	21.71627713434126
134.2270103494639	20.905270775746224
133.97328955678375	20.094912247656477
133.68768403874464	19.286697079918916
133.37014939043289	18.482104239241362
133.02065339422194	17.682592366365746
132.63917668306362	16.889595997989996
132.22571345145974	16.104521776619695
131.78027221905865	15.328744651560328
131.30287665198628	14.563604074560278
130.79356644750277	13.810400193995312
130.25239828802114	13.070390051991145
129.67944687101752	12.344783789528446
129.07480602186496	11.634740865377351
128.43858989717225	10.941366295688875
127.77093428676096	10.265706922249334
127.07199802300306	9.608747718795966
126.34196450683132	8.971408146429015
125.5810433603368	8.354538571054615
124.78947221646375	7.758916757981313
123.9675186568833	7.1852444612947854
123.11548230967088	6.634144128471382
122.23369711887914	6.1061557438886584
121.32253379849735	5.60173383845773
120.38240248353955	5.121244696558845
119.4137555911215	4.6649637958017856
118.41709090423991	4.233073519851031
117.3929548904878	3.825661189616431
116.34195115038078	3.4427174634657627
115.26471983628922	3.0841351626748588
114.16199053982484	2.7497085839712123
113.0345378679885	2.4391333665658546
111.88320948514429	2.152006945410789
110.70892635563617	1.8878297850446175
109.51268902496628	1.6460074073072233
108.29558230354952	1.4258532042448324
107.05878085496713	1.2265922383213559
105.80355499330871	1.0473660707349175
104.53127666348604	0.8872386892946257
103.2434255757518	0.7452035951676527
101.94159546565363	0.6201920896966291
100.62750045591568	0.5110827773268796
99.302981509046	0.41671226747094603
97.97001298262035	0.3358870161160239
96.63070933667348	0.2673961968146952
95.2873320997584	0.21002543076564714
93.94229728112592	0.1625711383345662
92.59818353008963	0.12385520226678814
91.2577414879956	0.09273956027001606
89.92390497472304	0.06814027768668217
88.59980487701294	0.049040597503726885
87.28878689893901	0.03450243431966098
85.99443466510056	0.023675781141407164
84.72060004665312	0.0158055424646819
83.47144303226993	0.010235400976849851
82.25148394194677	0.006408470839300809
73.64576316498724	8.625786041393407e-06
