# Table format: T1D
# table_unit = barA
# axis1_unit = m**3/kg
# axis2_unit = degC
# This file was automatically generated by generate_data_files.py
-100	118
0.0006304380652832985	499.99999999999994
0.0006353187148542063	372.0504115612582
0.000639224283344643	276.8430174858023
0.0006423053556881101	205.99911718690672
0.0006447066377206171	153.28411266128848
0.000646559325413313	114.05883440286931
0.0006479770857759062	84.87127256356955
0.0006490549597736705	63.152783774007446
0.0006498702427044081	46.992038388717155
0.0006504844633320455	34.96681444524927
0.000650945798889065	26.018835410682236
0.0006512915003263337	19.360636845777897
0.000651550096292904	14.40626581311943
0.0006517432781812096	10.719714249663937
0.0006518874492862702	7.976548196813076
0.0006519949634173216	5.935356078925024
0.0006520750961688986	4.416503343853335
0.0006521347960032484	3.286323773484613
0.0006521792592086363	2.4453562248969862
0.0006522123667860561	1.8195915797736173
0.0006522370146194011	1.3539595922563463
0.000652255361997	1.0074824470725723
0.0006522690181215325	0.7496685181481856
0.0006522791817744721	0.5578289614231021
0.0006522867457309716	0.4150809893565073
0.0006522923747274437	0.3088621058426856
0.0006522965636284488	0.22982454718889575
0.0006522996807925485	0.17101263473701667
0.0006523020003873476	0.12725064227216412
0.0006523037264608943	0.09468730765758607
0.0006523050108675001	0.07045690356726449
0.0006523059666142606	0.05242703993906528
0.0006523066777965929	0.03901100357253545
0.0006523072069936998	0.02902811986915901
0.0006523076007728851	0.021599847888340254
0.0006523078937860634	0.016072464593035105
0.0006523081118183861	0.011959534133284903
0.0006523082740569571	0.008899099192739113
0.0006523083947791105	0.006621827034366085
0.0006523084846087299	0.004927306946846727
0.000858042425664675	0.0048147220267256135
0.0011286635241674278	0.004766862443427947
0.001484636787976117	0.0047304782137042815
0.0019528817446616404	0.004702817877333383
0.0025688081687856162	0.004681789695234653
0.0033789938515519443	0.004665803467285432
0.004444706921896552	0.004653650277682803
0.005846539085142648	0.004644411073913996
0.007690500155523236	0.0046373871658641225
0.010116034765319595	0.0046320473892418525
0.013306567492838484	0.004627987937698169
0.017503373856374033	0.004624901826049456
0.02302382613103516	0.004622555675342684
0.03028539377961683	0.004620772064195244
0.03983721346601465	0.004619416111776634
0.052401616049150675	0.004618385277805803
0.06892875092544251	0.004617601608216195
0.09066843853985872	0.004617005840087617
0.11926468471985231	0.004616552920046141
0.1568800042263079	0.004616208597222999
0.2063589551580788	0.004615946833124084
0.2714432510627946	0.004615747832538368
0.3570547180329372	0.0046155965465779205
0.469667494662034	0.00461548153464594
0.6177976214888253	0.004615394099272168
0.812647043823836	0.004615327628389932
1.0689507289525328	0.004615277095316249
1.406090958691599	0.0046152386786223526
1.849563062697582	0.004615209473148346
2.432903434695629	0.004615187270308242
3.200225632707492	0.0046151703910715415
4.2095563490868075	0.004615157558991039
5.537223524187907	0.004615147803674911
7.28362844304752	0.004615140387403424
9.580838314478441	0.004615134749340847
12.602573501095765	0.004615130463123755
16.577344657878925	0.004615127204618423
21.8057332402952	0.004615124727409088
28.973566877407244	0.004568713944970722
29.239094714536517	0.004527257784780982
29.507053987638226	0.004486177794611599
29.777466961481963	0.004445470561124635
30.050356104714954	0.004405132701954522
30.325744091729025	0.004365160865427021
30.603653804544646	0.004325551730280723
30.884108334712124	0.004286302005391091
31.16713098523037	0.004247408429497004
31.45274527248313	0.0042088677709297695
31.740974928192934	0.004170676827344613
32.031843901393025	0.004132832425454588
32.32537636041725	0.004095331420766912
32.62159669490827	0.004058170697321691
32.920529517844024	0.0040213471674330065
33.22219966758286	0.0039848577714323725
33.52663220992743	0.003948699477414495
33.833852440207295	0.0039128692809853585
34.143885885380826	0.003877364205012588
34.45675830615614	0.003842181299378084
34.77249569913175	0.0038073176407328805
35.09112429895638	0.003772770332254268
35.412670580509	0.003738536503405079
35.73716126109852	0.003704613309695182
36.06462330268384	0.00367099793244513
36.395083914114	0.003637687578551957
36.728570553389076	0.003604679480257101
37.065110929941646	0.003571970894916426
37.40473300693913	0.0035395591047723417
37.74746500360732	0.0035074414167279803
38.09333539757503	0.003475615162123429
38.4423729272404	0.003444077696513991
38.79460659415878	0.003412826399450456
39.15006566545234	0.0033818586742613717
39.50877967624206	0.003351171947837282
39.87077843210168	0.0033207636704169295
40.236092011534325	0.003290631315375394
40.60475076847167	0.0032607723790141576
40.9767853347961	0.003231184380353069
41.35222662288592	0.003201864860924203
-80	118
0.0006479226241960491	499.99999999999994
0.0006529236069798051	390.5056856493569
0.0006571272611426309	304.9893810489476
0.0006606206840223965	238.2001747245846
0.0006634942895355613	186.03704510524042
0.0006658368305091755	145.2970477100045
0.0006677316406109111	113.47864647764487
0.000669254198572713	88.6281132986274
0.0006704708935850866	69.21956430297864
0.0006714387433743046	54.061266836968755
0.0006722057790770381	42.22246414648658
0.0006728118351620383	32.97622462265821
0.0006732895369769516	25.754806412796658
0.0006736653393442765	20.11479667399119
0.0006739605234769382	15.709884933748642
0.0006741921010166826	12.269598775052012
0.0006743736029328932	9.582696164588373
0.0006745157494215214	7.4841946722440795
0.0006746270075244931	5.845241144035866
0.0006747140484431045	4.565199801475107
0.0006747821184059038	3.5654729572026898
0.00067483533687352	2.784674923633349
0.0006748769347521768	2.174862780728019
0.0006749094437275267	1.6985925627629181
0.0006749348461633807	1.3266201067212637
0.0006749546934213526	1.0361053887428167
0.0006749701990356519	0.8092100904720143
0.0006749823119532394	0.632002282428303
0.0006749917740228389	0.4936009692632452
0.0006749991650705123	0.3855079698786608
0.0006750049382118241	0.30108610820151566
0.0006750094474968217	0.23515167424545866
0.000675012969541266	0.18365613156563348
0.0006750157204454089	0.14343752716149244
0.0006750178690227352	0.11202633978409353
0.0006750195471409065	0.0874938452563504
0.0006750208578037387	0.06833368806385945
0.0006750218814667241	0.053369387420653426
0.000675022680971606	0.04168209845477679
0.0006750233054016047	0.032554192872773176
0.0008472820776152555	0.03195092635134398
0.0010634993776188332	0.03172653307008012
0.001334893013881544	0.031547760604808135
0.001675543395708891	0.031405333905758066
0.002103124101863651	0.03129186360947146
0.0026398188188784233	0.031201462664808395
0.00331347227219236	0.031129440901726594
0.00415903486257147	0.031072061696489923
0.005220375958251177	0.031026348108642143
0.006552559919788011	0.030989928431769703
0.008224702942045555	0.030960913144938373
0.010323558931618484	0.03093779688081408
0.012958020461720567	0.030919380324390903
0.01626476832249212	0.030904707990286034
0.02041536277596041	0.030893018650371536
0.02562514442321971	0.030883705839835733
0.03216440647746351	0.030876286392654793
0.040372418081283515	0.030870375374035953
0.05067502622415819	0.03086566610928076
0.06360674948052258	0.030861914272928254
0.0798385098328614	0.030858925212693216
0.10021244135866086	0.030856543850541665
0.12578558172098497	0.03085464663695247
0.15788471325890088	0.03085313514093718
0.19817519893606875	0.030851930943256303
0.2487473844852193	0.03085097156788253
0.3122250494533298	0.03085020724062761
0.3919015337905066	0.030849598306764404
0.4919106024845358	0.030849113173665507
0.6174409130178322	0.03084872667171862
0.7750052126194584	0.030848418748480065
0.9727782317690151	0.03084817342831647
1.2210208044991573	0.030847977983559025
1.5326122196510854	0.030847822274168282
1.9237184224615311	0.0308476982216499
2.414630734028976	0.030847599389927267
3.030818602993287	0.030847520651425816
3.8042510081543437	0.03084745792104487
4.82350554801527	0.03053666452043487
5.111606323849179	0.02882095056258821
5.416857086506084	0.02720163463744681
5.7402788322301275	0.02567330058536062
6.082953332157364	0.024230836555642545
6.4460267507607245	0.022869417908854956
6.830713479647183	0.02158449107973799
7.238300199533197	0.02037175834680507
7.670150183987201	0.01922716345766441
8.127707859336128	0.018146878061987413
8.61250363598986	0.017127288906745586
9.126159027344535	0.016164985750888105
9.670392073387847	0.015256749959037589
10.247023087148024	0.014399543736053398
10.857980743207992	0.01359049996645514
11.505308528650309	0.012826912624721801
12.191171578010245	0.01210622772439199
12.917863915099103	0.011426034775692241
13.687816125920175	0.010784058723121803
14.503603488341911	0.01017815233602716
15.367954585720426	0.00960628902671499
16.283760433281735	0.009066556072082222
17.25408414778983	0.008557148216091232
18.28217119284288	0.008076361631692487
19.37146023406602	0.007622588221998733
20.525594640508178	0.007194310241649929
21.74843467071259	0.006790095220378771
23.044070384220134	0.006408591171797572
24.416835321690808	0.00604852207138132
25.871320999400304	0.005708683588521872
27.412392266591233	0.005387939058378353
29.04520357704582	0.0050852156800506145
30.775216229303698	0.0047995009283597415
32.60821663318866	0.0045298391672340555
34.550335663741215	0.004275328453373245
36.60806916729005	0.004035117519499875
38.788299688250085	0.003808402927108009
41.098319489316864	0.0035944263791857396
43.54585494205404	0.0033924721839233753
46.13909236945252	0.003201864860924203
-60	120
0.0006659611488036677	499.99999999999994
0.0006711196430317632	405.5026164195857
0.0006756264201687795	328.86474384625825
0.0006795283948806931	266.71102815562915
0.0006828782341425243	216.3040394901309
0.0006857316942441538	175.42370791074694
0.0006881451651167029	142.26954507966565
0.0006901736003448216	115.38134553325726
0.0006918689308515917	93.57487499949622
0.0006932789823278894	75.88971328686266
0.0006944468559061192	61.546954594310016
0.0006954106945154143	49.91490224130023
0.0006962037425499903	40.48124691435017
0.0006968546084331592	32.830503079392564
0.0006973876517201743	26.625709794129854
0.0006978234327934012	21.593589971096456
0.0006981791799322157	17.512514462342683
0.0006984692432930029	14.202740869131562
0.000698705517158084	11.518497165524458
0.0006988978206114258	9.341561475683484
0.0006990542329312447	7.576055239668119
0.0006991813839855245	6.144220443649469
0.0006992847023155096	4.982994931517117
0.0006993686248637558	4.041234964671452
0.0006994367728199082	3.2774627034811723
0.0006994920980966063	2.658039402958444
0.0006995370047064791	2.1556838648920054
0.0006995734489224333	1.748270894774383
0.0006996030216538943	1.4178568440824453
0.0006996270160146798	1.1498893199676945
0.0006996464826246059	0.9325662556796751
0.0006996622747926277	0.7563161133254492
0.0006996750853808342	0.6133763255875232
0.0006996854768467539	0.4974514097511439
0.0006996939057037617	0.4034356963913998
0.0006997007424218605	0.32718846088754056
0.0006997062876090169	0.26535155390439
0.0006997107851617774	0.21520149875846542
0.0006997144329485804	0.17452954160794765
0.0006997173914858918	0.14154437152906746
0.0006997175042295416	0.14028740812376142
0.0008468416234940409	0.13928336889789159
0.0010249003790060466	0.13856684855106655
0.0012403981544420752	0.1379748112504654
0.0015012069592904578	0.13748563021484483
0.0018168539888192366	0.13708143594301794
0.0021988696470262585	0.13674746345127897
0.0026612087456491947	0.13647151291706136
0.0032207602653924806	0.13624350402645333
0.003897964300654856	0.13605510774614282
0.004717558724392717	0.13589944206863266
0.005709482848356239	0.1357708206164747
0.0069099710888856835	0.13566454492218016
0.0083628765892488	0.13557673279591123
0.010121273149680287	0.13550417651132468
0.012249393982703836	0.13544422562917788
0.01482497811535111	0.13539469017831163
0.017942110150997594	0.1353537606572661
0.021714657125678095	0.13531994193423602
0.02628042800526141	0.13529199863076777
0.03180620776751781	0.13526890999409677
0.038493849961194655	0.1352498326096375
0.0465876502997705	0.13523406959153506
0.056383270643016514	0.13522104512582647
0.06823853935426549	0.1352102834362889
0.08258652256421349	0.13520139140460838
0.09995134382698348	0.1351940442099944
0.12096733005136702	0.13518797346366385
0.14640218309707134	0.13518295740475345
0.17718502348102527	0.13517881279952326
0.21444033061416468	0.1351753882479339
0.2595290193859796	0.1351725586530903
0.3140981536007719	0.1351702206515242
0.38014111226878805	0.13516828883738644
0.4600704065921515	0.13516669264262035
0.55680580760811	0.13516537375915147
0.6738810037415882	0.1351642840089271
0.8155726844059514	0.13516338358399985
0.987056765001491	0.1351626395923663
1.1945974601207472	0.13516151094748113
1.2067892556299409	0.13380966001548572
1.329219751347317	0.12159653480123656
1.4639434268169313	0.11049813050834459
1.6121954927589497	0.10041270391296515
1.7753351523257466	0.09124779813674223
1.9548580665988475	0.08291939506001673
2.152410070038128	0.07535114509629544
2.36980226182292	0.06847366726702951
2.609027611593944	0.06222391316023131
2.872279231954447	0.05654458894209547
3.1619704853421666	0.05138363012299273
3.4807571096797716	0.04669372426281688
3.8315615657019975	0.04243187724014744
4.217599829211885	0.03855901910905596
4.642410873922195	0.03503964593029572
5.109889115195307	0.03184149429340991
5.624320112132509	0.02893524554597865
6.19041985532876	0.026294257018564544
6.813378000475975	0.023894317781395783
7.498905444167877	0.021713426693715905
8.2532866780631	0.019731590711096432
9.083437401366362	0.01793064160171937
9.996967919790306	0.016294069391400035
11.002252912206645	0.014806871010477453
12.108508204568459	0.013455412755062506
13.325875254923242	0.012227305301774273
14.665514124025837	0.011111290130178003
16.139705783850467	0.0100971363117167
17.761964701904557	0.009175546718961838
19.547162733448722	0.008338072795368396
21.511665457390976	0.007577037104196529
23.673482205698324	0.006885462946577013
26.052431161702724	0.006257010403502878
28.67032104082014	0.005685918215420224
31.5511510192185	0.005166950966606723
34.72133074325612	0.0046953510901572145
38.20992243659957	0.004266795253588207
42.048907324508605	0.0038773547252316924
46.273478817698646	0.003523459358082306
50.922365143507996	0.003201864860924203
-40	119
0.0006846697121389509	499.99999999999994
0.0006900230932299532	417.87074546385696
0.0006948477644000013	349.2319198290392
0.0006991653322805812	291.8676053574691
0.0007030027428208126	243.9258676549529
0.0007063911352827593	203.8589683097866
0.0007093645989862086	170.37339811420668
0.0007119589255305918	142.3881177543881
0.000714210440839976	118.99965782244323
0.0007161549827487468	99.4529514484165
0.0007178270657256396	83.11695792066118
0.0007192592497222271	69.46429033398945
0.0007204817089760159	58.05418956996384
0.0007215219811466124	48.51829494580181
0.0007224048679784247	40.54875215527491
0.0007231524550809916	33.888274581507815
0.0007237842190476809	28.3218371237171
0.0007243171934842543	23.66973438358721
0.0007247661702523492	19.78177910360215
0.0007251439173391306	16.532453561247163
0.0007254613995847689	13.816857387969899
0.0007257279926759185	11.547320993357564
0.0007259516842086072	9.650575263209545
0.0007261392582425831	8.065386158784861
0.0007262964616943546	6.740577853250596
0.0007264281522644809	5.633380584789983
0.0007265384284879129	4.708049888895628
0.0007266307430457108	3.934712633507684
0.0007267080007764354	3.288402602699824
0.000726772642951249	2.748254493950926
0.0007268267193860054	2.2968303082233374
0.0007268719498991572	1.919556386202533
0.0007269097765167851	1.60425291612472
0.0007269414076968042	1.3407407239472067
0.0007269678557076627	1.120512651579141
0.0007269899681618338	0.9364589140341176
0.0007270084545766508	0.7826375690074215
0.0007270239087176021	0.6540826887783042
0.0007270368273734699	0.546644041509588
0.0007270476261189289	0.45685310625797426
0.0007270481713315751	0.45232011451974513
0.0008545855903275166	0.45026032030694163
0.0010044953828270678	0.44850931942164124
0.0011807020683957449	0.4470196359937126
0.0013878185984195692	0.44575227129157263
0.0016312671195166334	0.4446740467116942
0.0019174209210385607	0.4437567351890591
0.002253771282734957	0.4429763222349656
0.0026491235905204886	0.44231237725674555
0.0031138278544999387	0.44174751870103945
0.0036600496640304637	0.441266959018504
0.004302088673209849	0.44085811753748966
0.005056752954488442	0.4405102911120264
0.005943799020685664	0.44021437392194496
0.006986449034838766	0.43996261908972056
0.0082119987480278	0.4397484358733589
0.009652532080507257	0.4395662171259939
0.011345761053312125	0.4394111925052262
0.01333601305908216	0.43927930358933975
0.01567539131807214	0.43916709763103734
0.018425138899166815	0.4390716371672527
0.021657242014889777	0.4389904231186956
0.025456314563398846	0.4389213293659361
0.02992181325328419	0.43886254708928324
0.035170641301380666	0.43881253741531856
0.04134020886633982	0.43876999113040993
0.04859203033768714	0.438733794406536
0.05711595265454114	0.4387029996421511
0.06713512534802758	0.4386768006547285
0.07891184241916038	0.43865451157553975
0.09275440898792262	0.4386355488941557
0.10902521247697865	0.43861941618260525
0.12815020962721094	0.43860569109928527
0.15063007770762948	0.4385940143323913
0.17705332184949238	0.4385840801934198
0.2081116816442574	0.43857562861448535
0.24461824033788893	0.4385684383399491
0.2875287107058767	0.43856232113412186
0.33796645485630433	0.43855711685340304
0.40136673478200774	0.4341774240690624
0.45652255437672634	0.38281927429959456
0.5190676155748623	0.337536197533747
0.5899949755727563	0.29760958314857006
0.6704305850325629	0.2624058238168972
0.7616511893928122	0.23136626060408227
0.8651046140726433	0.20399831744309485
0.9824327581312007	0.1798676842983015
1.1154976631024762	0.15859142497024853
1.2664110719776964	0.13983190016713537
1.4375679483204789	0.12329140940640275
1.6316844880874188	0.10870746671716812
1.8518412278431593	0.09584863517222877
2.101531933808135	0.08451085414658215
2.384719047824375	0.07451420101863088
2.7058965703128575	0.06570003592455093
3.070161378268384	0.0579284842550755
3.483294110161198	0.0510762169436891
3.9518509014089678	0.04503449332096438
4.483267426254767	0.0397074354765144
5.085976897166522	0.035010506743895865
5.7695438943588355	0.030869170163088388
6.544816149242935	0.027217705631291604
7.424096690521014	0.02399816697105301
8.421339084777172	0.021159462365131377
9.552368869907365	0.018656543565242406
10.835134695390154	0.016449691007998656
12.289993154824426	0.014503883493336457
13.940031830831707	0.012788242422668534
15.811435678822605	0.011275541777212593
17.933902563883635	0.009941776060195811
20.34111454506502	0.008765779346481782
23.071272386022343	0.007728889394204785
26.167701774321294	0.0068146514880991944
29.67954086968199	0.00600855731472538
33.66252009207072	0.005297814725725607
38.1798465243293	0.0046711447354143955
43.30320696419153	0.00411860253119764
49.113905543417275	0.003631419656381675
55.704153967262	0.003201864860924203
-20	119
0.0007041708487974205	499.99999999999994
0.0007097561629934154	428.2202678810377
0.0007149200261155369	366.74519564821424
0.0007196685783809413	314.0954518491238
0.000724011880378866	269.00407706209387
0.0007279635881477737	230.38599588124234
0.000731540513768496	197.31190574460985
0.0007347620954033787	168.9859142681498
0.0007376498078678382	144.72638695205788
0.000740226548358032	123.94954438012994
0.0007425160315294171	106.15541419638363
0.0007445422241196521	90.91579980839552
0.0007463288427028793	77.86397629713989
0.0007478989302064945	66.68586557648791
0.0007492745187584377	57.112478442084964
0.0007504763792587396	48.91344163563915
0.0007515238524120286	41.891454160393735
0.0007524347520687706	35.87753944497998
0.0007532253295443347	30.7269791040836
0.0007539102868558234	26.315830446251464
0.0007545028271801341	22.537943926411504
0.0007550147319247782	19.302408771311452
0.0007554564552909983	16.531365309600538
0.0007558372288423025	14.15813136263285
0.0007561651701917322	12.125597609603103
0.00075644739137688	10.384853313203806
0.0007566901037456195	8.894009335370834
0.0007568987172092703	7.617190120257871
0.0007570779325403593	6.52367038759524
0.0007572318260205271	5.587135761887236
0.0007573639262084635	4.785049545286157
0.0007574772829274928	4.098110396212944
0.000757574528795404	3.5097878633447404
0.0007576579337599267	3.0059245980941998
0.0007577294531825836	2.574395673252189
0.0007577907700483933	2.204816809663674
0.0007578433318822762	1.888294489725581
0.0007578883829353268	1.6172119444571518
0.000757926992172963	1.3850458641517083
0.000757960077558053	1.1862094219491341
0.0007579620123040854	1.1745852313507348
0.0008696769014800783	1.1704804644199818
0.0009978572813548294	1.167003638217094
0.0011449299760155343	1.1639734298941096
0.001313679495527779	1.161332468872515
0.0015073007547377756	1.1590307541472675
0.0017294595622201578	1.157024707623634
0.0019843620246014436	1.155276349058239
0.0022768341802831245	1.1537525769835746
0.0026124133702602565	1.1524245420018016
0.002997453075948596	1.1512671005824864
0.0034392432089025106	1.1502583390230898
0.003946148129854786	1.1493791585594095
0.004527765010176642	1.1486129137709193
0.005195105533996848	1.1479450974349752
0.005960804381124836	1.1473630658632727
0.006839358437960573	1.1468557995203799
0.007847401265343229	1.1464136943921666
0.009004018019806196	1.1460283801541316
0.010331106790605627	1.1456925616970313
0.011853793193674108	1.1453998810094346
0.013600906071958012	1.1451447968022352
0.01560552330851724	1.1449224795960788
0.017905598086202745	1.1447287202853955
0.020544677450812787	1.144559850447898
0.023572726782199717	1.144412672890774
0.027047075782942118	1.144284401118609
0.0310335038948748	1.1441726065769966
0.035607485693540206	1.1440751726730019
0.04085561983946854	1.143990254701957
0.04687726864045308	1.1439162449218827
0.05378643926646128	1.1438517421143002
0.06171394223400235	1.143795525055124
0.07080986802628236	1.1437465293933715
0.08124642873870665	1.1437038274999294
0.09322121855026841	1.143666610904861
0.10696095475094791	1.1436341749907404
0.12272577015355239	1.1436059056522128
0.14081413815772892	1.1435812676692094
0.1632842797627738	1.1321231884773597
0.19112584405932936	0.9739749130123481
0.2234666510736043	0.8379186477518065
0.2610415846900023	0.7208683210111729
0.30470383649473903	0.6201689598766269
0.35544439598067623	0.5335364692610706
0.414414617429792	0.4590058233294985
0.482952393912178	0.3948864941550924
0.5626125431114015	0.33972410662459346
0.6552021009438594	0.2922674498372428
0.7628213277510233	0.25144009673931567
0.8879113599015085	0.2163159882617216
1.0333095894328699	0.18609842815228558
1.2023140290567331	0.16010201205677552
1.3987581232743378	0.1377370809583221
1.6270977030381841	0.11849634634317828
1.892512056670246	0.10194338372054831
2.2010214098222742	0.08770273350283139
2.559623479380758	0.07545138471127924
2.9764521988063115	0.06491144833776114
3.4609622152593587	0.05584385417748268
4.0241433434012	0.04804292816220825
4.67876984022801	0.04133172719532282
5.439690155103574	0.03555802567197367
6.324163727218621	0.03059086264925846
7.352252469842473	0.026317571348270317
8.547275821150999	0.022641223610217108
9.936339683248994	0.019478431340950602
11.550951246957728	0.016757455075569073
13.427733648025356	0.014416576760950352
15.609256664824212	0.012402699847149427
18.145002299688734	0.01067014493448582
21.092487145520185	0.00917961365880353
24.518566995537796	0.007897297313417704
28.500953287752814	0.006794109989226212
33.129975780644074	0.005845028838825222
38.51063144160909	0.005028526500288453
44.764966021733	0.004326082806665064
52.03484233651653	0.003721764705634846
60.48515804359035	0.003201864860924203
0	120
0.0007245906903278286	499.99999999999994
0.0007304426689969286	437.0092704507082
0.0007359695824113184	381.9542049197205
0.0007411688780958285	333.83505687509484
0.0007460403750947127	291.7780293117118
0.000750586284046631	255.0194074461131
0.0007548111696056725	222.89169039759562
0.0007587218528153738	194.8114700203568
0.0007623272548087351	170.2688367780523
0.000765638187107856	148.81812028173474
0.0007686670973655077	130.0697963483333
0.000771427782198414	113.68341361971467
0.0007739350804924175	99.36141129659524
0.0007762045610627403	86.84371572335571
0.000778252217858769	75.90301770298477
0.0007800941842021778	66.34064478277713
0.0007817464751388702	57.98295355550204
0.0007832247642143732	50.678176463734495
0.0007845441981795322	44.293665848377735
0.0007857192505690104	38.713485195974016
0.0007867636129542071	33.8363038441938
0.0007876901210499249	29.57355691539926
0.0007885107117663251	25.847837064462258
0.0007892364067012904	22.59148883653882
0.0007898773173832171	19.7453801097023
0.0007904426677044917	17.257828313025854
0.0007909408293350179	15.08366192127804
0.0007913793663871452	13.183400183885668
0.0007917650861476847	11.522536192839217
0.0007921040932465065	10.070910270749097
0.0007924018451577369	8.802162300389217
0.0007926632074062796	7.693253050563652
0.0007928925072675826	6.724045806039015
0.0007930935850986837	5.8769407043485
0.0007932698427254729	5.136555139378818
0.0007934242885399579	4.489444428179548
0.0007935595791390873	3.9238576685754825
0.000793678057470882	3.4295243541931772
0.0007937817875517535	2.997467872037794
0.000793872585887724	2.6198424959173465
0.0007938788031982698	2.5939074696668323
0.0008923363111700622	2.5872858700128756
0.001003004600985334	2.5813948762891656
0.0011273980639414103	2.576153875795871
0.0012672189074010294	2.571491150378228
0.0014243804478966302	2.5673428950311528
0.0016010332930647651	2.5636523447878496
0.0017995947706857523	2.5603689979447126
0.002022782007537243	2.557447924993085
0.00227364911071465	2.5548491538012543
0.0025556289602098113	2.552537122633486
0.002872580184639923	2.550480193521167
0.003228839962945357	2.548650219327009
0.0036292833745978775	2.5470221585779877
0.004079390110470917	2.5455737327963766
0.00458531945724733	2.544285121639761
0.005153994581455671	2.543138691678325
0.00579319726648254	2.5421187550979774
0.006511674398947834	2.5412113550273885
0.007319257661608651	2.5404040745513576
0.008226998070676441	2.539685866797023
0.009247317198563835	2.5390469037678134
0.010394177151402135	2.538478441856573
0.011683271627311476	2.5379727021975342
0.013132240669876217	2.5375227642198657
0.014760912055524636	2.5371224709461826
0.016591572617971714	2.5367663447401076
0.01864927322254441	2.536449512349979
0.020962171563676003	2.536167638222992
0.023561917476429984	2.535916865177243
0.026484086034678972	2.535693761619827
0.02976866436247924	2.535495274588722
0.03346059882019574	2.5353186879758822
0.03761041005310456	2.5351615853598535
0.0422748843188334	2.5350218169393255
0.047517850553804974	2.5348974701151232
0.053411053812105425	2.534786843318093
0.06003513702896624	2.5346884227247264
0.0674807445433678	2.534600861541914
0.0758497624804317	2.5345250976995306
0.07668926307125178	2.5091768021505167
0.09230605863313146	2.1150607535276595
0.11079381222914471	1.782848457421951
0.1326968597549295	1.5028167001020698
0.15865826905269523	1.2667694916546441
0.1894391601363382	1.0677981851532359
0.2259412626781662	0.9000792738758128
0.26923347301706024	0.7587039484849387
0.3205832390427169	0.6395344256377773
0.38149371860246467	0.5390828430411957
0.453747814012075	0.45440917644357703
0.5394603801408735	0.38303519079042647
0.6411401392593563	0.32287190705990526
0.7617631179313217	0.2721584618723378
0.904859757279062	0.22941057041228993
1.0746182474284929	0.19337708427224753
1.2760071113489122	0.16300337274970028
1.5149206264153556	0.1374004558387632
1.798351340258296	0.11581898549847414
2.1345947303460857	0.09762731367963495
2.533491997453593	0.08229300520360215
3.006718099224452	0.06936725441061425
3.568123454089984	0.058471749482983504
4.234139316612458	0.04928759998720132
5.024258688844021	0.04154600356545403
5.9616068430753275	0.03502037860859398
7.073618154092995	0.029519732649064045
8.392839050533974	0.02488307237941665
9.957880586184586	0.020974691688439753
11.814548511156385	0.017680199804788632
14.017183917948945	0.014903173299540445
16.63025370052938	0.012562333958238348
19.73023737610317	0.010589169924178132
23.407865493214945	0.008925930488385381
27.77077514007236	0.007523935837649848
32.94666027470489	0.006342152290199138
39.08700908105122	0.005345991318905516
46.371537736186504	0.004506297211749196
55.013450356512564	0.003798493740310819
65.26567907140004	0.003201864860924203
20	119
0.0007460557379507566	499.99999999999994
0.0007522041444134459	444.5810325417051
0.0007581161695114587	395.3045889916973
0.0007637853968109099	351.4898446848063
0.0007692065142405506	312.5314361557884
0.0007743754086167493	277.8910971757648
0.0007792892477965895	247.09022183309767
0.0007839465459759085	219.70325190703508
0.0007883472079000755	195.3517971712
0.000792492548365324	173.69940739049972
0.0007963852843444285	154.44692377910073
0.0008000294983167816	137.32834569320528
0.0008034305728242338	122.10715545105886
0.0008065950977856592	108.57305050232448
0.0008095307535465848	96.53903779705223
0.000812246173881907	85.83885020879221
0.0008147507940997073	76.3246493160352
0.0008170546899401583	67.86498280261296
0.0008191684130989625	60.34296825562135
0.0008211028289489361	53.65467826743095
0.0008228689614447335	47.707704529654876
0.0008244778493599045	42.419881079977095
0.0008259404170211764	37.71814906166505
0.0008272673616699328	33.53754731079399
0.0008284690585811167	29.820314824698105
0.0008295554841718431	26.515092710966
0.0008305361565798414	23.57621459076061
0.0008314200926074627	20.963075652370332
0.0008322157795133438	18.63957163756136
0.0008329311598794078	16.573600009524192
0.0008335736276645647	14.73661641033496
0.0008341500335522557	13.103240279755482
0.0008346666977795047	11.650904186431507
0.0008351294287746298	10.359542026496388
0.000835543546106548	9.211311781597907
0.000835913906442161	8.190349005852728
0.0008362449314052154	7.282547635797866
0.000836540636419966	6.475365094914327
0.0008368046597989759	5.757648999963056
0.0008370402914924262	5.119483074832583
0.0008370590108301629	5.0688807991549
0.0009239456734603439	5.059146693420179
0.0010198511651639062	5.050405871220165
0.0011257116397231741	5.042487024696231
0.0012425604236129643	5.035312856313132
0.0013715381025187824	5.028813337496408
0.0015139036548348626	5.022925025068662
0.001671046740818465	5.017590441967289
0.0018445012673574744	5.012757516198717
0.0020359603607598476	5.008379072552669
0.0022472928937174964	5.004412372114958
0.0024805617277677793	5.000818695083911
0.0027380438493211255	4.997562962818197
0.0030222525958068327	4.994613395426794
0.0033359621888911085	4.9919412015587525
0.0036822348142413323	4.989520297364729
0.004064450512167802	4.987327051887022
0.004486340170911877	4.985340056392795
0.004952021944634922	4.9835399153989055
0.005466041451591818	4.981909057348501
0.006033416144871836	4.980431563091329
0.006659684288819133	4.9790930104935525
0.007350959019201969	4.977880333660246
0.008113988014823496	4.976781695396436
0.008956219363041234	4.975786371661741
0.009885874262122592	4.974884646890738
0.010912027270099368	4.974067719157282
0.012044694883447393	4.973327614257038
0.013294933310226478	4.972657107869593
0.014674946392064956	4.972049655040327
0.016198204728438144	4.97149932629374
0.017879577166037934	4.971000749754574
0.019735475936729304	4.970549058711818
0.021784016860815446	4.970139844113695
0.024045196179390237	4.969769111529995
0.026541085741875445	4.96943324216158
0.02929604845400965	4.9691289575165305
0.03233697608932235	4.96885328740809
0.03569355178542132	4.968603540962044
0.03986363231934607	4.918693191799014
0.04944560102688994	4.075172260526745
0.06094412274403171	3.376309175098729
0.07477537972437913	2.7972961428586034
0.09143475508510303	2.3175797313120237
0.11151616864216926	1.9201312755893691
0.13573399524579757	1.5908424058443222
0.16494885482285218	1.3180242374083222
0.20019839842674347	1.0919924462749022
0.2427342773865918	0.904723501190082
0.2940666537949903	0.7495698494965432
0.35601785610683895	0.6210239465816914
0.4307870973892142	0.5145227525986255
0.5210285608412911	0.4262857566102613
0.6299456286695697	0.35318077844176643
0.7614046017458049	0.2926127845617287
0.9200719483592804	0.2424317712496532
1.1115799550086798	0.20085644514566858
1.342726660019013	0.16641099204365392
1.6217171674973485	0.13787268938703626
1.9584549078942042	0.11422850284930469
2.3648931843208016	0.09463912629255286
2.8554594836998226	0.07840918861760507
3.44756761474889	0.06496256992764464
4.162235852391751	0.0538219507943817
5.024833031123899	0.044591868679753524
6.065979071697792	0.036944680060908404
7.322631907460824	0.03060892995100261
8.839399393368751	0.02535971596453844
10.670122766984731	0.021010704877025613
12.879787870149709	0.017407518287932168
15.54683197464587	0.014422252595439349
18.76592809807027	0.011948938756586265
22.651345645775503	0.009899780666287796
27.34100667278653	0.008202038627621616
33.00138175227247	0.006795447284815778
39.833399240967	0.005630076362381212
48.07957770484303	0.004664558272281999
58.0326346873054	0.003864619673881643
70.04587740842165	0.003201864860924203
40	119
0.0007686900202073639	499.99999999999994
0.0007751560354317681	451.196475488411
0.0007814684119646562	407.1565189863286
0.0007876203745403333	367.41517267752357
0.0007936054390685049	331.5528619061292
0.0007994174681061385	299.1909654602827
0.0008050507299573097	269.987818227309
0.0008104999603893429	243.63510401793522
0.0008157604256427283	219.8546004762896
0.0008208279851212985	198.39524170962852
0.0008256991519019906	179.03046762611157
0.0008303711490250702	161.55583199588725
0.0008348419594389399	145.7868439822844
0.0008391103674972404	131.5570203547712
0.0008431759900514225	118.71612781965982
0.000847039295451688	107.12859691172443
0.0008507016091550802	96.6720907011775
0.0008541651051227154	87.23621320493456
0.0008574327827402501	78.72134386604412
0.0008605084295808601	71.03758579614072
0.0008633965709084326	64.10381667684861
0.0008661024073504429	57.84683229989854
0.0008686317426191304	52.20057370376679
0.0008709909034977834	47.105429747225216
0.0008731866545179502	42.50760775662995
0.0008752261098266234	38.358565602470556
0.0008771166446846637	34.61449920925142
0.000878865808863742	31.235880088021215
0.0008804812439413333	28.187038008987624
0.000881970606158793	25.43578440822619
0.0008833414961348433	22.953072552549475
0.0008846013963431358	20.71269087468022
0.0008857576168916822	18.69098624107338
0.0008868172498026968	16.866614230749384
0.0008877871316970147	15.220313788673604
0.0008886738145454535	13.734703874554388
0.0008894835439629696	12.394099960151905
0.000890222244388891	11.184348437743191
0.0008908955104134403	10.09267719148809
0.0008915086034708468	9.107560754083401
0.0008915650010753739	9.017369195537567
0.0009678355307008154	9.004905010726011
0.0010506307597955371	8.993407930834303
0.0011405088554966166	8.982816881300717
0.001238075734351565	8.973060462168261
0.0013439891471274195	8.96407290017204
0.0014589631130621675	8.955793605326331
0.001583772733452175	8.948166762454925
0.0017192594170265996	8.941140954911031
0.0018663365523358404	8.934668817950019
0.002025995665394655	8.928706719418232
0.002199313104091909	8.923214465605174
0.00238745729443018	8.918155030276116
0.002591696617513387	8.913494305058345
0.0028134079603855146	8.90920086949829
0.0030540859983661634	8.905245779239367
0.0033153532714601864	8.901602370892498
0.003598971122771883	8.898246082283892
0.003906851572665491	8.895154286868227
0.004241070208722061	8.892306141190936
0.004603880178390853	8.889682444371294
0.004997727378667231	8.88726550865895
0.005425266945198839	8.885039040191304
0.0058893811519819894	8.88298802914781
0.006393198842319729	8.881098648560725
0.006940116522036119	8.879358161100074
0.0075338212571474305	8.877754833204472
0.008178315530355746	8.876277855978879
0.008877944223935959	8.874917272326023
0.009637423910922326	8.873663909820264
0.01046187465206217	8.872509318871339
0.011356854512897134	8.871445715761135
0.01232839703367013	8.870465930169457
0.013383051904662815	8.869563356835057
0.01452792912117786	8.868731911026
0.0157707469158385	8.867965987519238
0.01711988379134278	8.867260422812766
0.018584435004453198	8.8666104603157
0.020174273882010717	8.866011718281529
0.02218600807736687	8.776796486431401
0.028538260199704006	7.164467207566881
0.036206932230819854	5.848328652447943
0.04552927018104667	4.773969513171824
0.056900130073509886	3.8969740360187277
0.07079449426692458	3.1810858019732673
0.0877894801685874	2.59670882740961
0.108589248670103	2.119684018005515
0.1340546269960032	1.7302903925004687
0.1652389641634467	1.4124297852641712
0.2034318253573107	1.1529613219538537
0.2502123889289335	0.9411581544019557
0.30751478193580295	0.7682639952710817
0.37770807016360947	0.6271311188977975
0.46369421767728397	0.5119248626915422
0.5690280703148966	0.4178824126959997
0.6980643261246815	0.34111590111584456
0.8561375703477118	0.27845167554042005
1.0497828188633087	0.22729909499274853
1.28700568832747	0.1855434286191711
1.5776133626570303	0.15145842927731737
1.9336200387931082	0.12363496767237149
2.369743613685149	0.10092277666078689
2.904014146442397	0.08238289733624629
3.558519250532105	0.06724886094172941
4.360317231791703	0.05489500180482648
5.342555722892921	0.04481059130150973
6.545842060443187	0.03657872350437546
8.019922058354089	0.029859079613717802
9.825736580705259	0.024373858624992518
12.037940936175124	0.019896292583586155
14.747991249904212	0.01624127162884893
18.06792540842459	0.013257691251467755
22.134994888067958	0.010822205387356221
27.11733895417134	0.008834127090805171
33.22093581170232	0.007211265972430676
40.698118079173504	0.005886530314835766
49.85800462938452	0.004805153391922489
61.079280066250035	0.0039224293233845985
74.825850162065	0.003201864860924203
60	119
0.0007926106640505125	499.99999999999994
0.0007994013372768091	457.0582341613645
0.0008061154693606266	417.8044588294095
0.0008127483711817655	381.9219363546288
0.0008192953125738833	349.12113163547144
0.000825751529969343	319.1373758674529
0.0008321122362847762	291.7287309377394
0.0008383726332675415	266.674037233078
0.0008445279264891726	243.7711291088652
0.0008505733431256741	222.83520362003992
0.0008565041526059647	203.6973293511271
0.0008623156901392892	186.20308331322408
0.0008680033830511482	170.21130490908732
0.0008735627797669523	155.5929569120981
0.0008789895811856253	142.2300842683782
0.0008842796740847135	130.01486232065403
0.000889429166097693	118.84872677402211
0.0008944344217070821	108.64157838332206
0.0008992920986078385	99.31105594476932
0.0009039991837189384	90.7818717256335
0.0009085530280614319	82.98520396956326
0.0009129513796830674	75.85814157569848
0.0009171924137966626	69.34317647070309
0.0009212747593149073	63.38773957767887
0.0009251975210102978	57.943776637708794
0.0009289602966060215	52.967360461343425
0.0009325631882107982	48.41833648130021
0.000936006807645114	44.2599987463477
0.0009392922753633027	40.458793741979775
0.0009424212128493343	36.98404964801635
0.0009453957285464391	33.80772884851718
0.0009482183975635385	30.90420169701897
0.0009508922355763705	28.250039711612324
0.0009534206675000339	25.823826531155905
0.0009558074916451633	23.60598510723903
0.0009580568401763504	21.57861973750828
0.0009601731367647182	19.725371665730204
0.0009621610523646555	18.031287083430524
0.0009640254600478178	16.482696468018784
0.0009657713897973986	15.067104283780848
0.0009659577501953595	14.917924762975282
0.0010317669500913903	14.903690035971081
0.0011020596284729751	14.890363242676912
0.0011771412377595673	14.877886472349454
0.0012573380403691156	14.866205507966797
0.0013429985264709148	14.855269590631803
0.0014344949283277505	14.84503119900247
0.0015322248378078181	14.835445842790962
0.001636612934095223	14.826471869433831
0.001748112829106697	14.818070283093427
0.0018672090386336981	14.810204575203937
0.0019944190877753598	14.802840565825703
0.002130295759811299	14.795946255118437
0.002275429498286647	14.789491684287935
0.002430450972747393	14.783448805402003
0.002596033819275295	14.777791359509942
0.0027728975677311593	14.772494762535924
0.0029618107684266674	14.767535998450429
0.003163594331811489	14.762893519255538
0.003379125095688094	14.758547151349465
0.0036093396354553433	14.754478007863428
0.003855238333938074	14.750668406589956
0.004117889728487846	14.74710179314596
0.004398435154244886	14.743762669036713
0.004698093703738267	14.74063652430809
0.0050181675243759355	14.737709774494506
0.005360047476844491	14.734969701588446
0.005725219179006967	14.732404398775174
0.006115269461561933	14.730002718692417
0.006531893263516659	14.72775422499021
0.006976900997438114	14.725649146980375
0.007452226416487092	14.723678337178619
0.007959935017421127	14.721833231554722
0.008502233016080952	14.720105812318067
0.00908147693436282	14.718488573076844
0.00970018384033651	14.716974486219497
0.010361042286006468	14.715556972376671
0.011066923990245725	14.714229871830987
0.011820896317669947	14.712987417750364
0.01282092064877413	14.564704462652516
0.017349023207880683	11.735710909747961
0.022771319428476076	9.456210451117855
0.02939412006875724	7.619471609645399
0.037546864546666024	6.139494029908058
0.047619992219720665	4.946981742875862
0.06008952623029719	3.9860985685678
0.07554167518637697	3.2118537371236417
0.09470127386923329	2.587995317030418
0.11846619440667107	2.085312815947052
0.14794962871049042	1.6802694779767722
0.184532341326034	1.3539002383861123
0.22992739340731178	1.090923735464837
0.2862603947051315	0.8790268018707228
0.3561690547354535	0.708287933691198
0.4429267016618027	0.5707127427114856
0.550595556416807	0.4598596406913698
0.684216941058785	0.3705382293237159
0.8500473287384738	0.29856627379592376
1.0558512885078928	0.2405738808950397
1.3112650418273404	0.19384571282307708
1.6282476536361208	0.15619384880888612
2.0216409839881107	0.1258553416035562
2.5098646186023688	0.10140967221781308
3.11577831665882	0.08171223794154561
3.8677523576856854	0.06584075940088621
4.800995903683309	0.053052097307462354
5.959205573487428	0.04274745696026352
7.396611419444336	0.03444435129452552
9.180516103760477	0.027754009722812886
11.394446164633598	0.02236317499805607
14.142062921728943	0.01801943578561929
17.552016138630883	0.014519408181543174
21.783967701959607	0.011699212808344735
27.036067359724516	0.00942680160400246
33.55423055025387	0.007595775026661497
41.64365273108294	0.006120400182301265
51.68309933527787	0.004931596612594452
64.14264044396025	0.003973701788272368
79.60566055336689	0.003201864860924203
80	119
0.0008179228119899839	499.99999999999994
0.0008250224787482473	462.3321500021437
0.0008321158148250568	427.50203385120943
0.0008392016331215614	395.2958688814392
0.0008462787617658092	365.5159778938426
0.0008533460438832657	337.9795758395926
0.0008604023376025226	312.5176479094629
0.0008674465163631554	288.9739121431909
0.0008744774695990797	267.2038601913841
0.0008814941038769742	247.07387034230968
0.000888495344575388	228.46038736942188
0.0008954801381959887	211.24916416565557
0.0009024474554042962	195.33456050972674
0.0009093962949033864	180.6188946603716
0.0009163256882509362	167.01184379868064
0.0009232347057380866	154.42988963853298
0.0009301224634586096	142.79580580235347
0.0009369881317094459	132.03818381578137
0.0009438309448796509	122.09099481185692
0.0009506502130049461	112.89318425453317
0.000957445335190411	104.38829719397295
0.0009642158151354664	96.52413175350453
0.0009709612790346618	89.25241872137589
0.000977681496176828	82.52852528069076
0.0009843764026267207	76.3111810590562
0.0009910461284512342	70.56222481647264
0.00099769102905238	65.24637021666895
0.0010043117212994064	60.33098924421678
0.0010109091253240996	55.785911938070015
0.0010174845130722472	51.58324121231633
0.001024039565012805	47.697181627538804
0.0010305764368260003	44.1038810618056
0.0010370978384674396	40.7812843094869
0.0010436071288025056	37.70899770930754
0.00105010843012006	34.868163970740135
0.0010566067684113763	32.2413464304392
0.0010631082475611286	29.812422028297853
0.001069620268890914	27.56648234622843
0.001076151812382678	25.489742102255864
0.0010827138033154898	23.569454538272275
0.0010835494371690937	23.336323002513126
0.0011375972232380396	23.322532959317577
0.0011943409298425425	23.309616969049056
0.0012539150303452055	23.29731462363184
0.0013164607056821754	23.285596768506682
0.0013821261789390084	23.274435634261334
0.0014510670666153026	23.26380477082155
0.0015234467474105017	23.25367898476873
0.0015994367494048681	23.24403427963557
0.0016792171565531535	23.23484779903838
0.0017629770354542999	23.226097772511135
0.00185091488340856	23.217763463913034
0.0019432390988238294	23.2098251222872
0.002040168475086014	23.20226393505412
0.0021419327190637908	23.195061983428914
0.0022487729954765493	23.18820219995669
0.002360942498415596	23.18166832806549
0.002478707051372985	23.17544488354081
0.0026023457372000053	23.169517117830576
0.0027321515594881784	23.163870983093442
0.0028684321369401413	23.15849309890769
0.003011510432375995	23.153370720561828
0.00316172551810268	23.14849170885166
0.0033194333794602533	23.14384450131239
0.0034850077584492856	23.139418084817404
0.003658841039438651	23.135201969479002
0.0038413451790527283	23.131186163789042
0.004032952682441628	23.127361150940686
0.00423411762824813	23.123717866275133
0.004445316744700256	23.120247675799835
0.004667050539379688	23.11694235572734
0.0048998444853434	23.11379407298627
0.005144250266409405	23.11079536665818
0.005400847084557745	23.107939130296433
0.005670243032545043	23.105218595085052
0.005953076534985508	23.102627313797722
0.006250017861313518	23.100159145518933
0.006561770714213248	23.097808241091
0.006889073897279666	23.095569029252488
0.007386336820420812	22.862501215293122
0.010890266286032204	18.210018590773124
0.014918796120853992	14.504308778537604
0.019823815498092392	11.552705017542289
0.025897051155245352	9.201747926094786
0.03346833265278047	7.329206862532954
0.04293772155177438	5.837724926311648
0.05480077853766314	4.649757191258035
0.06967601699733725	3.703539000306369
0.08833779661036553	2.9498747058401236
0.11175693646561606	2.3495798962655767
0.14115137051671164	1.8714441254084095
0.17804956752654552	1.490608223236932
0.2243700533238525	1.1872718212715383
0.28252118971986406	0.9456638945170889
0.35552640801805907	0.7532227964742533
0.4471814137513399	0.599943155721531
0.5622515390785746	0.4778556780037815
0.7067195053091846	0.3806128077681448
0.888096478211529	0.3031587069182108
1.1158125890554482	0.24146639236666692
1.4017072256695806	0.19232836567779468
1.7606445848804873	0.15318984924461812
2.2112864901878098	0.12201595863869097
2.7770626549906043	0.09718590517538347
3.48738883721058	0.07740872808881583
4.379196219474224	0.06165617507512792
5.498851530200697	0.04910924153841086
6.90456773628287	0.039115589015038726
8.669430643775835	0.031155628880904302
10.885198765209651	0.024815507970273553
13.667074015714535	0.019765591578225165
17.159691275345235	0.015743325137861308
21.544638226116305	0.01253958351894021
27.04989643409458	0.009987798222519452
33.96169453600667	0.00795529717419145
42.639389799629264	0.006336406855617687
53.53415177802813	0.005046958141321684
67.21241945565933	0.004019910188953633
84.38535146708378	0.003201864860924203
100	120
0.0008447161792132193	499.99999999999994
0.0008520705023733879	467.1808854493646
0.0008594791356333937	436.5159594585048
0.0008669447626515574	407.86382490520657
0.0008744703503880011	381.0923657239581
0.0008820591785154346	356.0781377138237
0.0008897148730344626	332.70579933261
0.0008974414448488931	310.86757985269475
0.0009052433342182068	290.4627824261671
0.0009131254622065859	271.39731976788585
0.0009210932905025387	253.58328031549055
0.0009291528913060563	236.93852286589066
0.0009373110293928566	221.3862978191027
0.0009455752589969048	206.8548932829703
0.0009539540388433305	193.27730440694384
0.0009624568695702067	180.59092442020483
0.0009710944589782639	168.73725594950122
0.0009798789221549182	157.6616412855681
0.0009888240256950218	147.31301035438364
0.0009979454882227542	137.64364523114477
0.0010072613535597114	128.60896011112888
0.0010167924587164618	120.16729572287842
0.0010265630272295538	112.27972723574001
0.0010366014305127425	104.90988477601233
0.0010469411779122037	98.0237857240969
0.001057622223462201	91.58967801936475
0.0010686927197026128	85.57789375021792
0.0010802114164130572	79.96071235423709
0.0010922510129223546	74.71223279762887
0.0011049029609069797	69.80825414459065
0.0011182845473489515	65.22616396588829
0.0011325497033327556	60.94483407209827
0.0011479061889781656	56.94452309073497
0.001164644321539179	53.206785438042715
0.001183188119197441	49.71438626571831
0.0012041940836983829	46.451221990380034
0.0012287642709020703	43.40224603934149
0.001258985534541626	40.55339947030156
0.0012996976957405308	37.89154614503456
0.0013684749225506257	35.404412158165414
0.00138517783294702	35.05387311888771
0.001418804502658387	35.046754927475796
0.0014532474956525728	35.03980544223242
0.0014885266290481833	35.03302066470213
0.001524662201045526	35.02639669119568
0.0015616750026053706	35.019929710544034
0.0015995863294112477	35.01361600190555
0.0016384179941221191	35.00745193262516
0.0016781923389225205	35.00143395614429
0.0017189322483773467	34.99555860996032
0.0017606611625987278	34.98982251363438
0.0018034030907325168	34.98422236684639
0.0018471826247722035	34.978754947496206
0.0018920249537081493	34.97341710984971
0.001937955878020338	34.96820578272893
0.001985001824522923	34.963117967744964
0.0020331898615691736	34.95815073757286
0.002082547714625505	34.95330123426732
0.0021331037822236183	34.9485666676184
0.0021848871522998597	34.94394431354607
0.002237927618931273	34.93943151253295
0.0022922556994778996	34.93502566809408
0.0023479026521412644	34.930724245283045
0.0024049004939490732	34.926524769233446
0.0024632820191765456	34.92242482373497
0.0025230808182149125	34.91842204984319
0.0025843312968979962	34.91451414452233
0.0026470686962979345	34.91069885932019
0.0027113291130014972	34.9069739990745
0.002777149519878599	34.90333742064986
0.0028445677873550285	34.89978703170469
0.002913622705201552	34.896320789487405
0.0029843540048520136	34.89293669966107
0.0030568023822632024	34.889632815155935
0.003131009521329671	34.8864072350492
0.0032070181178669825	34.883258103471256
0.003284871904177186	34.88018360853793
0.003364615674210604	34.87718198130799
0.0034462953093385078	34.87425149476534
0.003529957804751393	34.87137029445988
0.003748011523548685	34.52267813292657
0.006892187161090108	27.208329421088205
0.010006673365713255	21.44367789300763
0.013748009118023338	16.900387909250483
0.018392433392767395	13.319688577129584
0.024224877858858983	10.497635009585101
0.031586037553912115	8.273492293482358
0.040899211069078796	6.520580556269248
0.05269691406892363	5.139059696023544
0.06765222169240404	4.050242816784409
0.0866175640272533	3.1921144810999236
0.11067350337139287	2.515798514158615
0.14119039680901455	1.9827741772161611
0.1799065108114325	1.5626821526882286
0.2290270627201175	1.2315953770181105
0.29134984302562567	0.9706562336320511
0.37042458018551483	0.7650024849637822
0.47075512851500234	0.602920768160033
0.5980559971369186	0.4751794403594574
0.7595778321946292	0.3745027746007163
0.964520391398207	0.29515655828362114
1.2245565329743722	0.23262149123117876
1.5544970639471116	0.1833357811775928
1.9731343154672651	0.14449227576567567
2.5043124925599107	0.11387857635777102
3.1782857619518095	0.08975102706738118
4.033441430237911	0.07073540184013814
5.118486358981762	0.05574863304605327
6.495221147793113	0.04393712350044138
8.242060093757098	0.0346281283686059
10.458497412561135	0.027291437827071285
13.27077410262565	0.021509178051452537
16.839068218230665	0.016952010494301402
21.366618086007712	0.013360373841877172
27.11129809327986	0.01052970025323665
34.400306367178025	0.008298763847122533
43.648800906551685	0.006540497804687146
55.383545619610004	0.005154757060348222
70.27291306802421	0.0040626143673907706
89.16495277536656	0.003201864860924203
120	89
0.0008730624329282461	500.0000000000012
0.00088997413715772	439.0164998209267
0.0009072134304909719	386.0838659903266
0.0009247866585108868	340.18870299408457
0.0009427002897178136	300.437036369406
0.0009609609179105483	266.04121624818896
0.000979575264613429	236.30822251273187
0.0009985501815504545	210.629205424164
0.001017892653167323	188.4701166416374
0.0010376097992023249	169.3633045060049
0.0010577088773070346	152.89996477010112
0.0010781972857177714	138.72335380166876
0.0010990825659787985	126.52268565262102
0.0011203724057182805	116.0276471344815
0.00114207464147801	107.00347592390133
0.0011641972615979456	99.24655545754587
0.001186748409156628	92.58048673247622
0.0012097363849685537	86.8526010735659
0.001233169650639604	81.93087974198284
0.0012570568316816666	77.70124653884946
0.001281406720687585	74.06519911096292
0.0013062282805676097	70.93774429851686
0.0013315306478485407	68.24560318893961
0.0013573231360367755	65.92565285229627
0.0013836152390465065	63.92357400848765
0.001410416634694314	62.19267685911035
0.0014377371882614615	60.692880648931826
0.0014655869561251893	59.38982586064545
0.00149397618946035	58.25410103958713
0.0015229153380127496	57.26056895517992
0.0015524150539455708	56.3877790967869
0.0015824861957603143	55.61745540447997
0.0016131398322936858	54.93404971260298
0.0016443872467919068	54.32435270270083
0.0016762399410639429	53.77715527808714
0.001708709639715188	53.2829542247274
0.001741808294463157	52.83369683800446
0.0017755480885367687	52.42255988902008
0.0018099414411608524	52.04375888990395
0.001845001012127521	51.692384107068925
0.001880739706456091	51.36426017734203
0.0019171706791432709	51.055826518465636
0.0019543073400053643	50.764036007017474
0.0019921633586142615	50.48626963703808
0.0020307526693290525	50.220265083533434
0.002592296237991953	47.24971886577605
0.00330911779016766	44.015803808144014
0.004224154781664304	40.03165487864336
0.005392217730198522	35.447530363678354
0.0068832733535420885	30.62713200101316
0.008786635560771052	25.920608087467976
0.011216315336086038	21.574119413438137
0.014317849972086362	17.72090016052297
0.018277020722092963	14.40598682234387
0.023330981057006987	11.616848975034875
0.02978246210688139	9.308768485491905
0.03801790619007999	7.422590597664814
0.04853061462449628	5.895848775361516
0.061950296369712166	4.669062561219829
0.07908078745736694	3.688844805867583
0.10094820059544937	2.9090477823474155
0.1288623890973883	2.2907884068056052
0.16449540681198907	1.8018919061792593
0.20998166378703387	1.4160824100093756
0.2680457769691193	1.1121097166746392
0.3421657741689702	0.872913582430575
0.4367814271744293	0.6848735969171129
0.5575601931194912	0.5371618099418737
0.7117366939398191	0.4211983612575315
0.9085460686606466	0.33020190707032504
1.1597771562252934	0.25882310764789956
1.4804786443959994	0.20284865251054296
1.8898604828933545	0.1589639332728985
2.4124445552262754	0.1245637564709844
3.0795335342060377	0.09760198445066334
3.9310859052717304	0.07647246992556844
5.0181094711183984	0.05991499704419911
6.405716708037085	0.046941114670219684
8.177024989149986	0.03677573895851089
10.438135297068516	0.0288112237136126
13.324487649784457	0.02257126808244705
17.008973928429505	0.017682573821123655
21.71229406353002	0.013852599958749438
27.716175913071666	0.010852110335405337
35.38025070020819	0.008501485787184297
45.16359484568065	0.006659991622960758
57.65222854604559	0.005217363988292722
73.59421825659552	0.004087215113658654
93.94448571010032	0.0032018648609242048
140	89
0.0009030129646477964	499.9999999999988
0.0009197994503863862	448.4729890172132
0.000936897987130315	403.1853219145285
0.0009543143757262535	363.3934569746224
0.0009720545248552398	328.43841360943577
0.0009901244530372555	297.73672984829267
0.0010085302906730656	270.77234962671065
0.0010272782821240214	247.0893383272394
0.0010463747878305199	226.28533739179068
0.0010658262864698417	208.00567991902523
0.0010856393771541137	191.9380991074895
0.0011058207816691164	177.80797024388647
0.0011263773467547194	165.37403465644655
0.0011473160464277004	154.42456063823298
0.0011686439843477563	144.7739018009403
0.0011903683962274844	136.2594177003146
0.0012124966522871683	128.73872499042457
0.0012350362597552016	122.08724997911568
0.0012579948654149874	116.19605546943144
0.0012813802581991807	110.96991638894663
0.0013052003718321678	106.32562011950724
0.0013294632875216553	102.19046879180183
0.0013541772367002978	98.50096219845184
0.0013793506038182976	95.20164144994828
0.0014049919291879095	92.24407505093474
0.0014311099118808218	89.58597068233158
0.0014577134126794085	87.19039759544498
0.001484811457082834	85.0251061127141
0.0015124132383690385	83.06193224672
0.0015405281207136552	81.27627686462726
0.0015691656423668949	79.64665012002872
0.0015983355188894878	78.15427303873115
0.0016280476464487909	76.7827291778756
0.0016583121051761554	75.51766018351715
0.0016891391625867072	74.34649985911128
0.00172053927706271	73.2582420374949
0.0017525231014016692	72.24323813438056
0.0017851014864303958	71.293020764757
0.0018182854846862644	70.40015023708206
0.0018520863541668874	69.55808111488761
0.001886515562149507	68.76104636120334
0.0019215847890813723	68.00395686639757
0.0019573059325424594	67.28231441151155
0.0019936911112818337	66.59213634245664
0.0020307526693290525	65.92989042985322
0.0025952215083851703	58.64964655226493
0.003316590335843437	52.34442445007116
0.004238471136382683	46.07145263339846
0.005416598299705462	39.80095609643307
0.006922198169175662	33.75785857485397
0.008846295191567826	28.174033223204162
0.011305215005954584	23.20087622380594
0.014447617173422547	18.90004720328186
0.018463482727204387	15.264542559672352
0.023595599905905967	12.244793101950615
0.030154242465819426	9.769984293301752
0.03853592798290478	7.762629959948587
0.04924739022003053	6.147369000215432
0.06293621486317562	4.855614345973076
0.0804299907793439	3.827511886610025
0.1027863437740739	3.0122925567224774
0.1313568777525637	2.367749200754889
0.1678688889919844	1.8593006480524217
0.21452979374620676	1.4589183028661428
0.2741605825900685	1.1440681671077593
0.35036636978752905	0.8967449366236738
0.4477543486316564	0.7026294389195065
0.5722123297396877	0.5503751304355889
0.731264701966027	0.4310160674938661
0.9345273363556011	0.3374827450463157
1.1942889353853534	0.2642103206068097
1.5262539742776895	0.20682407898439148
1.9504921505839923	0.1618883994322588
2.49265174316105	0.12670730292108126
3.185510236902781	0.09916652497448354
4.070955959753897	0.07760879849103836
5.202520536354984	0.06073556357912803
6.648615263534224	0.0475296268476588
8.496667070048847	0.03719437953302911
10.85840410938088	0.029106074661770353
13.8766105380591	0.022776385287669038
17.733758854914473	0.01782304589988784
22.663041688870816	0.013946842335620761
28.962469986962766	0.01091358374501809
37.012889940437425	0.008539981798243017
47.30100790297265	0.006682592688874537
60.44881532454147	0.0052291590682222895
77.2511926518775	0.004091831940616092
98.72396562442904	0.0032018648609242065
