# Table format: T1D
# table_unit = barA
# axis1_unit = m**3/kg
# axis2_unit = null
# This file was automatically generated by generate_data_files.py
0.1	100
0.002038762720400772	38.223284390103295
0.001960405881739698	38.2151426715305
0.0018836001035555014	38.17437744244554
0.001829535216051614	38.09897955156585
0.0017886243253377012	37.990277617976645
0.0017558742408270828	37.8491800491064
0.0017282849697092667	37.67646044367091
0.0017046948646110992	37.47274748819818
0.0016841937249446805	37.23866030053641
0.001666151148728538	36.97487353952785
0.00165025015583409	36.68205239055364
0.0016362443440766305	36.360899084660126
0.0016239463142144887	36.01215008322834
0.0016132156867338303	35.63657821983129
0.0016039485204901464	35.23498929382756
0.001596069196473533	34.8082188408016
0.0015895246069397638	34.35713795572857
0.0015842801874214026	33.88264742475291
0.0015802963668132407	33.385669135957684
0.0015775457726753303	32.867157015349065
0.0015760312343378415	32.32808504830213
0.001575768593389986	31.769465517154806
0.0015767662247348846	31.192321847177265
0.0015790051281693814	30.597681677617445
0.001582531836499706	29.986612796707934
0.0015874035020595288	29.36022080654842
0.0015936271981257168	28.719459351717823
0.0016011659530806687	28.065849143650258
0.0016102556556313664	27.399962696373517
0.0016208302942921887	26.723187110711052
0.0016329547892988442	26.03674482998481
0.0016467413592559626	25.341663067198414
0.001662267277520663	24.639125539122805
0.0016796281886003875	23.930282764655296
0.0016989319246814426	23.216289511165392
0.001720300142123549	22.49829773055007
0.0017438675303956762	21.777459847748368
0.0017697839854774933	21.05492620906704
0.001798216370785737	20.33183769030775
0.0018293483929099773	19.609250828452204
0.0018634199049438148	18.88854480859546
0.0019005410917125065	18.170649954982913
0.0019411699458681572	17.456410413502265
0.001985418591816932	16.7474071789839
0.002033689513307778	16.044398907768777
0.002086317465263558	15.348511887923172
0.0021437214927121765	14.660715873939312
0.002206344092187814	13.982027728549722
0.0022746736201301495	13.313483818900373
0.0023492998268519363	12.65592812951946
0.0024308859075797043	12.010255386346492
0.0025201337887392687	11.377390609767058
0.002617890695994537	10.758103999401099
0.002725077807268668	10.153256922475347
0.002842760887951092	9.563586281775773
0.002972192002766443	8.989726279173746
0.0031147643195789886	8.432353479842327
0.0032720799557752352	7.892122619947515
0.003446011428153994	7.369516865398138
0.003638737586203641	6.8650227303511135
0.0038527002388521964	6.379135959568637
0.004090827546763163	5.912216786416831
0.004356498199662285	5.464599150667963
0.00465369031543866	5.036521829586517
0.004987095013921578	4.62818642208407
0.005362178397995349	4.239736432480062
0.0057856914255725676	3.871175190165209
0.0062651838008869675	3.5226072317566377
0.006810198821429305	3.1938852237827815
0.007431959374710018	2.8849016220623436
0.008144069218621378	2.595456155911795
0.008963156700599747	2.3252704185309536
0.009909462759239908	2.07400589007407
0.011007994809541776	1.8412569230948856
0.012289427551015412	1.6266026297216083
0.013792265707199651	1.4294830412598918
0.015564858123621282	1.249309312321326
0.017667905928868636	1.085463888538027
0.0201791667098122	0.9372467182636618
0.023198052824182167	0.8039270496497007
0.026853141820863635	0.6847346868327138
0.03131246499029299	0.5788528644401645
0.03679787419057611	0.4854420280627937
0.04360157657098528	0.40366908064030926
0.05212970539113252	0.33257139869156005
0.06291243494590075	0.27133713855488567
0.07670035038442923	0.21906142905862425
0.09452947433401632	0.17488243629834865
0.11786596205869125	0.1379314390774426
0.14882930011788834	0.10737116799767675
0.19048674296642323	0.0824144727450256
0.24740375940608506	0.06230383017762336
0.3264482372520436	0.04633266606487005
0.43820407589516874	0.03385135178986149
0.5994454036414384	0.02424788504579523
0.8367867922031057	0.01701030172651497
1.1942647174311063	0.011662270103218427
1.7467409202133142	0.007797075895007734
2.623490181778771	0.005072019446844426
4.056517707444899	0.003201889119154583
0.2	100
0.0020456853073274744	38.222551667800225
0.001986231281437639	38.21223100573421
0.001929549125265171	38.16886296808117
0.0018921693011243303	38.091114132558644
0.001866093522377695	37.98020719280673
0.0018470338077000736	37.8370046526661
0.0018325882521368147	37.66222216423877
0.0018217864901798205	37.45648070156169
0.0018138969094216835	37.220393109119996
0.001808427152420716	36.954624563481865
0.001805151158328837	36.659841206081715
0.0018038964881908464	36.33674825567732
0.0018045377623663583	35.986085619905495
0.0018069889453494663	35.60863105409218
0.0018111960576305218	35.20519531907666
0.0018171315213711067	34.776620879118376
0.0018247902545233642	34.32378628958099
0.0018341872804845875	33.84760045911496
0.0018453146144631492	33.3489925795762
0.0018581785621609422	32.82891990753205
0.0018728378434033975	32.28836606440179
0.0018893707865366876	31.728355156056296
0.0019078355557871187	31.149920970127607
0.0019282312390397122	30.554083783058477
0.00195068436301527	29.941925606794154
0.001975339612541494	29.3145743171367
0.0020022388649134338	28.672905545047183
0.0020313336027581266	28.01868369973556
0.0020631190025613027	27.352174912660317
0.0020974846407144716	26.674915469495645
0.002134580345177854	25.988175806741676
0.0021746490864028886	25.292922021790062
0.0022178626244970605	24.590356677457308
0.0022644282585671735	23.881630796478518
0.0023145763532363816	23.167898194945003
0.0023685629586538267	22.450309895716593
0.002426670440202835	21.73001656961261
0.0024892109262894526	21.00816536889969
0.0025565296814561364	20.285892136939765
0.002629007077034361	19.564278888431055
0.0027071227366119326	18.844512702647176
0.002791125016734292	18.127947561609332
0.0028819230966903864	17.414914997226383
0.0029797545331957504	16.707326050788748
0.0030854318776715526	16.00579375067258
0.0031996323428799345	15.311466303267633
0.003323201232149788	14.625288637783937
0.003457029972210424	13.94827338670824
0.0036021018509131662	13.28146319482533
0.0037596027304116703	12.625666096280348
0.0039308647610477344	11.981764615367588
0.004117297343627992	11.350684545174625
0.00432060056785622	10.733171707701313
0.004542622061980576	10.130092410228963
0.004785498156171346	9.542168543435187
0.005051737997891112	8.970011235012484
0.005344132723175083	8.414293229228479
0.005665890851140778	7.8756682099125
0.0060207618669373035	7.35460049634624
0.006413107812027557	6.8515696358736635
0.0068478161690371155	6.367072469487125
0.007330747180599831	5.901462146539737
0.007868662108131048	5.455071188223414
0.008469520663097032	5.028132174831268
0.009142708490524482	4.620846240156007
0.009899161211009725	4.233359403259817
0.010752383845021973	3.8656701823867134
0.011717478717744211	3.517891987926961
0.012813535402401226	3.1898759514381014
0.014063002442472595	2.8815202904846275
0.015493089880127174	2.592627580253579
0.01713705703170676	2.3229241818298463
0.019035388294715745	2.072077537558681
0.02123810079526241	1.839686466721368
0.023806546310320087	1.6253367129903828
0.02681773665938806	1.4284732722634312
0.03036837178182998	1.2485126394492647
0.034579856142600306	1.0848424375507373
0.03960770720609579	0.9367676294996433
0.04565075194145348	0.8035626591893127
0.05296614757292518	0.6844613120748886
0.061889958859722795	0.5786505188204887
0.07286589169917149	0.48529463447205073
0.08647836257675388	0.4035639182957822
0.1035396398990258	0.3324971151041361
0.12511007443303618	0.2712856947253967
0.15269083852668036	0.21902656575019097
0.18835397934287165	0.1748592840450647
0.23503180934706097	0.1379163890346833
0.2969633036372469	0.10736162125770565
0.38028297301312175	0.082408570457525
0.494121756928182	0.06230029501469799
0.6522154328332783	0.04633060923553956
0.8757318013021337	0.03385020417815025
1.1982191207112656	0.024247257770316555
1.672906536216481	0.017009975565182942
2.38786700123619	0.011662106778765205
3.492823999247923	0.007796998067536399
5.246327094386824	0.00507198408287607
8.11238669894801	0.0032018739584880286
0.3	100
0.0020526078942541765	38.22182388782817
0.0020120566811355793	38.2093940842865
0.001975498146974841	38.16360502111742
0.0019548033861970467	38.08375274718133
0.0019435627194176893	37.97093956936168
0.0019381933745730644	37.82597455357391
0.001936891534564363	37.64951737210253
0.001938878115748542	37.44217866399794
0.0019436000938986863	37.20456398395559
0.001950703156112894	36.93732933606919
0.001960052160823585	36.64114067791788
0.0019715486323050617	36.31670479507971
0.001985129210518228	35.96476343648245
0.0020007622039651023	35.58609723868885
0.002018443594770897	35.18151965043521
0.0020381938462686803	34.7518771417127
0.002060055902106965	34.298052379171175
0.002084094373547772	33.82095856899991
0.002110332862113057	33.32152779909657
0.0021388113516465543	32.80071695838011
0.0021696444524689535	32.25951416696216
0.0022029729796833888	31.69894925027379
0.0022389048868393527	31.12005982183853
0.0022774573499100433	30.523856521464005
0.002318836889530834	29.911428032324142
0.00236327572302346	29.283913740191334
0.0024108505317011497	28.64213241684571
0.002461501252435584	27.98800335663867
0.002515982349491239	27.321590219166804
0.002574138987136754	26.64452078652472
0.002636205901056863	25.958090516710026
0.0027025568135498152	25.263222777369045
0.0027734579714734577	24.561127143877815
0.0028492283285339575	23.852950323115877
0.002930220781791321	23.139841076343203
0.003016825775184104	22.422945544827225
0.003109473350009993	21.703409236806166
0.003208637867101411	20.982373556453613
0.003314842992126537	20.26096786558593
0.0034286657611587446	19.540284322633564
0.0035508255682800503	18.82140531505439
0.0036817089417560786	18.105904088155878
0.003822676247512615	17.393843462586627
0.0039740904745745684	16.687301892403635
0.004137174242035326	15.986816811691273
0.004312947220496311	15.293546109412615
0.004502680971587399	14.608421769344245
0.0047077158522330345	13.932453890577792
0.004929530081696183	13.266687654829328
0.005169905633971404	12.611914474010558
0.005430843614515764	11.969011934829412
0.005714460898516715	11.33890690648939
0.006023310439717902	10.72233547152788
0.006360166316692484	10.12016733986199
0.006728235424391598	9.533119289801425
0.007131283993015783	8.961794356166024
0.007573501126771175	8.406865564892916
0.00805970174650632	7.868988043951889
0.008595512305720612	7.348620401572227
0.009187478037851471	6.846241483760085
0.009842932099222037	6.362350603009745
0.0105706668144365	5.897300121774691
0.011380826016599805	5.451423952849147
0.0122853510107554	5.0249541740521115
0.013298321967127383	4.618093548140789
0.014436144024024097	4.230990711989399
0.01571907626447138	3.8636439643211054
0.017169773634601454	3.516171413743071
0.018816871983373146	3.188424916334039
0.020694045510235175	2.8803059354226566
0.022842110541632966	2.591619086931186
0.025310957362813774	2.322093328736963
0.028161313830191582	2.071398984791109
0.03146820678098305	1.8391371003170913
0.03532366506962475	1.624896288931233
0.03984320761157646	1.428123727055178
0.04517188544003868	1.2482381302029986
0.051491806356331965	1.0846292048374226
0.059036247702379384	0.9366038722756636
0.06810345105872477	0.803438537004353
0.07907915332498672	0.6843684814003876
0.09246745272915258	0.5785819980605343
0.10893390920776685	0.48524484491755754
0.12935514858252248	0.4035284713571212
0.1549495744069191	0.33247212386719577
0.18730771392017156	0.2712684159037809
0.22868132666893148	0.2190148724999753
0.28217848435172693	0.1748515280662997
0.3521976566354307	0.13791135240898342
0.44509730715660534	0.10735842906892926
0.5700792030598202	0.08240659826223001
0.7408397544502788	0.06229911444549582
0.9779826284145131	0.04632992267088109
1.3132595267090985	0.0338498212468871
1.796992837781093	0.024247048522180112
2.509026280229856	0.01700986678693023
3.581469285041273	0.011662052317141649
5.238907078282532	0.00779697211853084
7.869164006994875	0.0050719722929294265
12.168255690451117	0.0032018689043936785
0.4	100
0.002059530481180879	38.22110100034999
0.00203788208083352	38.20662906555681
0.0020214471686845112	38.15858610836929
0.002017437471269763	38.07684845020902
0.002021031916457683	37.962382429844084
0.002029352941446055	37.81593540981065
0.0020411948169919113	37.6381109876551
0.002055969741317263	37.4295056862337
0.0020733032783756896	37.190715358183354
0.002092979159805072	36.92238548977534
0.0021149531633183317	36.625179435531145
0.0021392007764192774	36.29980300232525
0.002165720658670097	35.94699720933355
0.0021945354625807385	35.56754280836651
0.002225691131911272	35.1622531506544
0.0022592561711662538	34.73197562466906
0.002295321549690565	34.27759381251287
0.002334001466610957	33.80002190007484
0.0023753511097629656	33.30019151723333
0.002419444141132166	32.779056563493164
0.0024664510615345094	32.23760620121265
0.0025165751728300906	31.67687215917914
0.0025699742178915863	31.09789222185021
0.0026266834607803747	30.501666885389703
0.002686989416046398	29.88928758723222
0.002751211833505426	29.261899785669193
0.0028194621984888664	28.620278904032883
0.002891668902113042	27.96645109253564
0.002968845696421175	27.300336213810436
0.0030507933335590367	26.62362380212737
0.003137831456935873	25.93762432224997
0.003230464540696741	25.243230162086203
0.003329053318449856	24.541654013273945
0.003434028398500744	23.834038168988144
0.00354586521034626	23.121526690600007
0.003665088591714382	22.405261337124664
0.0037922762598171515	21.68638325462808
0.003928064807913371	20.966029309479826
0.0040731563027969365	20.245324066338405
0.004228324445283128	19.525365438307567
0.004394528399948168	18.807170674009203
0.004572292866777864	18.09244780002991
0.004763429398334845	17.381094970422083
0.004968426415953388	16.675292642044226
0.0051889166063991	15.97553275050568
0.005426262098112687	15.282979345254812
0.005682160711025011	14.59855721238574
0.0059584017322556445	13.923275511085158
0.0062569583124792005	13.258181445052973
0.006580208537531138	12.604057483409392
0.006930822467983795	11.96177916227349
0.00731162445340544	11.332274722248806
0.007726020311579587	10.716275553707808
0.008177710571404392	10.114654079980504
0.008670972692611852	9.528125018903074
0.009210829988140453	8.957287756962026
0.00980286953036727	8.40281629912339
0.010453512641871861	7.86536733840563
0.01117026274450392	7.345397135710037
0.011961848263675388	6.8433849006309515
0.012838048029406957	6.359831958934122
0.013810586448273168	5.8950908925412895
0.014892989925068567	5.449496948068151
0.016101181358413773	5.023282486573582
0.01745393544373029	4.6166516348977575
0.018973126837038473	4.229754855773059
0.02068576868392079	3.862590743881099
0.0226220685514587	3.515280213571161
0.024820208564345064	3.1876758134557197
0.02732508857799775	2.8796809611191416
0.030191131203138766	2.5911015615167776
0.03348485769392078	2.321668110360112
0.03728723936566743	2.0710525790064778
0.04169831276670369	1.8388572928550286
0.04684078382892942	1.6246724460553619
0.05286867856376486	1.4279464195907179
0.059975399098247395	1.2480991332313485
0.06840375657006363	1.0845214102231933
0.07846478819866297	0.9365212103794274
0.0905561501759961	0.8033759650965917
0.10519215907704829	0.6843217394830428
0.12304494659858234	0.5785475330367212
0.14500192671636222	0.4852198248342552
0.17223193458829109	0.4035106733034613
0.20635950891481233	0.33245958466467956
0.24950535340730703	0.2712597517423553
0.3046718148111826	0.219009012252674
0.3760029893605823	0.17484764280606127
0.4693635039238004	0.13790883033975274
0.5932313106759639	0.10735683110383905
0.7598754331065186	0.08240561126849728
0.987557751972376	0.06229852375100005
1.303749823995748	0.04632957920923097
1.750787252116064	0.03384962970729001
2.3957665548509204	0.024246943868779073
3.345146024243231	0.01700981238695826
4.775071568846357	0.011662025082552211
6.9849901573171405	0.007796959142806132
10.49200091960293	0.005071966397589062
16.22412468195423	0.00320186637724546
0.5	100
0.0020664530681075814	38.220382956196325
0.0020637074805314607	38.20393325015612
0.002067396190394181	38.15379029183455
0.0020800715563424796	38.07035995078234
0.002098501113497677	37.95445708863541
0.0021205125083190463	37.80675941964223
0.0021454980994194592	37.62781364482259
0.0021730613668859847	37.41819843112214
0.0022030064628526923	37.17849742291846
0.00223525516349725	36.909344022024385
0.0022698541658130794	36.61139667005629
0.002306852920533493	36.285357908712236
0.0023463121068219663	35.93196585166744
0.0023883087211963743	35.55199917174384
0.002432938669051647	35.146269047326626
0.002480318496063827	34.71562161624873
0.0025305871972741657	34.26093926251811
0.0025839085596741414	33.783135081946455
0.0026403693574128737	33.28313835130224
0.002700076930617778	32.76189871960359
0.002763257670600066	32.2204045855765
0.0028301773659767924	31.659687640732987
0.00290104354894382	31.080784189135073
0.0029759095716507056	30.484685203469443
0.0030551419425619616	29.872483104234384
0.003139147943987392	29.24532680305792
0.003228073865276583	28.603957854644563
0.0033218365517904995	27.950480732689417
0.0034217090433511107	27.284708145597993
0.0035274476799813203	26.608374322296363
0.003639457012814883	25.92279982991009
0.003758372267843667	25.228853944191123
0.003884648665426253	24.52775110622767
0.004018828468467529	23.820630021385643
0.004161509638901199	23.10863108338843
0.0043133514082446586	22.392892724284813
0.00447507916962431	21.674552885637098
0.004647491748725329	20.954745207735325
0.004831469613467336	20.23459094733847
0.005027983129407511	19.515192001649822
0.005238231231616285	18.79752147657144
0.00546287679179965	18.083378926942643
0.0057041825491570735	17.372551527471405
0.005962762357332206	16.667288659225523
0.006240658970762875	15.968052109839157
0.006539576975729063	15.276010408842994
0.006861640450462622	14.592083985869303
0.007209087612278254	13.917281798016434
0.0075843865432622184	13.252652768905659
0.007990511441090873	12.598973966506314
0.008430801321451825	11.957120049200736
0.008908788008294161	11.328020568094583
0.009428730183441269	10.71240432549793
0.0099952548261163	10.111145890304162
0.010613709960832107	9.524959054268532
0.011290375983265122	8.954441276134988
0.012032237933963363	8.400267553076612
0.012847323537237405	7.863095907571792
0.013745013183287228	7.34338145038376
0.014736218489499303	6.841603928478502
0.015833163959591876	6.358266204756263
0.017050506082109836	5.893721254242547
0.018405153833537323	5.4483053847514835
0.019917011706072144	5.022251344565078
0.02160954892033319	4.615764294462045
0.02351010965005285	4.228995990816765
0.025652461103370192	3.861945361266424
0.028074363468315943	3.514735171642353
0.030823545145316985	3.1872185080777284
0.03395613164576033	2.879300080080789
0.037540151864644565	2.5907866620787936
0.041658758025027796	2.321409756901761
0.046413164901143264	2.070842396356052
0.05192841875242433	1.8386877317690837
0.05835790258823408	1.6245369553947175
0.06589414951595328	1.4278392097978991
0.07477891275645608	1.2480151689819572
0.0853157067837953	1.0844563514009504
0.09789332869494657	0.9364713597078157
0.11300884929326739	0.803338256873877
0.13130516482910984	0.6842935889433954
0.15362244046801213	0.5785267880664515
0.1810699442249576	0.4852047724438957
0.2151087205940597	0.4034999704836533
0.2577694434227056	0.33245204713785914
0.3117029928944424	0.2712545452980585
0.38066230295343373	0.219005491732998
0.46982749436943755	0.1748453093180076
0.5865293512121701	0.13790731589402028
0.7413653141953224	0.10735587172531816
0.949671663153217	0.08240501878519763
1.2342757494944727	0.06229816920302697
1.6295170195769826	0.046329373074822246
2.188314977523029	0.033849514759851825
2.9945402719207475	0.02424688106734879
4.181265768256607	0.01700977974350365
5.96867385265144	0.011662008740589494
8.731073236351747	0.007796951356980245
13.11483783221098	0.005071962860267382
20.279993673457337	0.003201864860924194
0.6	100
0.002073375655034284	38.219669706854496
0.002089532880229402	38.20130407214686
0.002113345212103851	38.14920301962734
0.0021427056414151957	38.06425078598495
0.0021759703105376713	37.947096065622375
0.0022116720751920375	37.798339852000254
0.002249801381847007	37.61847109441431
0.002290152992454706	37.408047417437324
0.002332709647329696	37.16763816948814
0.0023775311671894277	36.897863406925545
0.0024247551683078262	36.59937487757953
0.0024745050646477083	36.27287017695776
0.0025269035549738356	35.919083000732634
0.00258208197981201	35.538788490575456
0.002640186206192022	35.13279436249389
0.0027013808209614006	34.70194420573324
0.0027658528448577663	34.2471180111184
0.0028338156527373264	33.76922667606975
0.0029053876050627813	33.269196233373194
0.0029807097201033903	32.747971685852846
0.0030600642796656213	32.206539862724824
0.0031437795591234942	31.64593154503183
0.003232112879996055	31.067180950439774
0.003325135682521036	30.47127056199461
0.003423294469077526	29.859293041747733
0.003527084054469357	29.232399471252815
0.003636685532064299	28.59130441475147
0.0037520042014679567	27.93817237948853
0.003874572390281047	27.27273332144133
0.004004102026403602	26.59675548463891
0.004141082568693892	25.911566835246127
0.004286279994990593	25.21801893989984
0.0044402440124026495	24.517327463133004
0.004603628538434315	23.810628354384527
0.004777154067456138	23.099059257918256
0.004961614224774936	22.3837561691717
0.005157882079431469	21.665854736517268
0.005366918689537288	20.946486337885496
0.005589782924137735	20.226769951085746
0.005827641813531894	19.507810526897444
0.006081934063284402	18.790549406217547
0.006353460716821436	18.07685247693771
0.006644935699979301	17.366427151081368
0.006957098298711022	16.66157259802273
0.007292401335126648	15.962729251318732
0.00765289185334544	15.271069103485456
0.008041120189900233	14.587509758334253
0.008459773492300864	13.913060296062056
0.008911814774045233	13.248771102033755
0.009400814344650605	12.595415700158318
0.009930780174919855	11.953868392735005
0.010505951563182887	11.325059886488972
0.01113144005530295	10.70971741458329
0.01181279908082821	10.108717256785008
0.01255644722905236	9.522772767623024
0.013369921978389791	8.952480273594755
0.014261606337559452	8.398515644885398
0.015241134432602946	7.861537990013773
0.016319763622070535	7.342001789793925
0.017510588715323218	6.84038730926622
0.018828279889776797	6.357198596485339
0.020290425715946504	5.892789016132196
0.021917317742006084	5.447495708098569
0.023732842053730517	5.021551782142354
0.025765162396936093	4.615163188889997
0.028047092463067223	4.228482638458158
0.030619153522819603	3.861509351973422
0.033526658385173186	3.51436740531935
0.03682688172628891	3.1869102980331285
0.040587174713522904	2.8790436540500512
0.04488917252615036	2.5905748700204208
0.049832658356134804	2.3212361573172116
0.0555390904366191	2.070701286180582
0.06215852473814497	1.8385739837156259
0.06987502134753876	1.6244461291076742
0.07891962046814167	1.4277673893805962
0.08958242641466478	1.2479589549501569
0.10222765699752696	1.0844128184865696
0.11732186919123015	0.9364380196117489
0.13546154841053867	0.803313048897746
0.15741817058117136	0.6842747777983175
0.1841999343374419	0.578512930494959
0.217137961733553	0.485194720652001
0.2579855065998283	0.4034928252475298
0.30917937793059885	0.33244701627084755
0.3739006323815778	0.2712510710174294
0.45665279109568496	0.21900314289567632
0.5636519993782928	0.1748437526864605
0.7036951985005399	0.1379063057612852
0.8894993177146808	0.1073552318896645
1.1394678931999154	0.08240462367665036
1.4809937470165697	0.062297932782988084
1.9552842151582173	0.04632923562795032
2.6258427029299938	0.03384943811835718
3.5933139889905754	0.024246839195815516
5.017385512269981	0.017009757979753955
7.162276136456523	0.011661997845443865
10.477156315386356	0.007796946166266702
15.737674744819033	0.005071960502003984
24.335862664960445	0.0032018638500298765
0.7	100
0.002080298241960986	38.21896120445757
0.002115358279927342	38.19873909089672
0.0021592942338135206	38.144810978497915
0.002205339726487912	38.058488635248985
0.0022534395075776647	37.94024116007137
0.0023028316420650283	37.79058687598007
0.002354104664274555	37.60995642450653
0.0024072446180234274	37.398883921751
0.002462412831806699	37.15792289949778
0.0025198071708816055	36.88767925296473
0.002579656170802574	36.58879683386861
0.002642157208761924	36.261967207076516
0.002707495003125705	35.90791873668641
0.0027758552384276464	35.52742219718572
0.0028474337433323973	35.12128115982162
0.0029224431458589745	34.69033599555202
0.0030011184924413664	34.23546372891312
0.0030837227458005104	33.75757256447843
0.00317040585271269	33.25758499409738
0.003261342509589002	32.736441445642946
0.0033568708887311773	32.195126912081044
0.003457381752270195	31.634670945686082
0.003563182211048288	31.05610557300345
0.003674361793391366	30.460405883389196
0.0037914469955930893	29.848664510431114
0.003915020164951323	29.22203405668343
0.004045297198852016	28.581207198992804
0.004182171851145415	27.928396038627774
0.004327435737210984	27.263264812467973
0.004480756372825885	26.587608626713887
0.004642708124572902	25.90276119851263
0.00481418772213752	25.209560196286027
0.0049958393593790475	24.509222280335134
0.0051884286084011005	23.80288131050863
0.005392798496011076	23.09167288069955
0.005609877041305214	22.376731207203107
0.005840684989238627	21.659190294587574
0.006086345630349248	20.940179921554247
0.006348096234808136	20.220817472682082
0.006627300497656278	19.502210368803176
0.00692563689495252	18.785276054866507
0.00724404464184322	18.07193075240017
0.007585688850801531	17.36182182628943
0.00795143424008984	16.65728613679535
0.00834414369949042	15.958748238290683
0.008766206730961816	15.267382897154947
0.009220599929337844	14.584105781920067
0.009710459372323474	13.909926234502493
0.01023924300482825	13.245895883428746
0.01081111724821034	12.592785780667917
0.011430759028387884	11.95147012070774
0.012103115118071607	11.322880605822206
0.012834149927164631	10.70774344995105
0.013630343335540118	10.106936317720923
0.014499184497272614	9.521172359520692
0.015449467973514461	8.951047185023592
0.01649097474115555	8.397237407757151
0.01763494532796849	7.860403023585471
0.018894514060853844	7.3409981411721805
0.020284958941147135	6.839503483640409
0.021823395819961715	6.356424032483584
0.023530345349783172	5.8921134998431555
0.025429481650474848	5.446909686583969
0.027548672401388887	5.021046015738823
0.029920775873538995	4.6147290550854345
0.0325840752760816	4.228112243713556
0.035585845942269004	3.861195049723938
0.03897895330203043	3.51410252377306
0.04283021830726083	3.1866884890720852
0.04721821778128548	2.878859249884323
0.05223819318765615	2.590422669005227
0.05800655868724182	2.321111482741618
0.06466501597209492	2.0706000046801467
0.0723886307238656	1.8384923858667208
0.08139214010684342	1.6243810069520852
0.09194509142033007	1.427715917950823
0.10438594007287348	1.2479186849274244
0.11913960721125863	1.0843816446272152
0.13675040968751373	0.9364141529703951
0.15791424752781	0.8032950092058234
0.1835311763332329	0.684261319591628
0.2147774282068717	0.5785030186808107
0.2532059792421483	0.4851875325223873
0.3008622926055969	0.4034877165893874
0.3605893124384922	0.332443419925241
0.4360982718687132	0.2712485877613835
0.532643279237936	0.21900146426035136
0.6574765043871481	0.17484264032990549
0.8208610457889096	0.1379055839917473
1.0376333212340394	0.10735477474170027
1.329264123246614	0.08240434139761743
1.7277117445386663	0.06229776388472041
2.281051410739452	0.04632913743988843
3.0633704283369583	0.03384938336959775
4.192087706060402	0.02424680928566061
5.8535052562833565	0.01700974243350985
8.355878420261606	0.011661990062950203
12.223239394420963	0.007796942458534354
18.360511657427086	0.0050719588175061545
28.391731656463556	0.0032018631279559077
0.8	100
0.0020872208288876884	38.21825740177365
0.0021411836796252828	38.196235983521895
0.0022052432555231907	38.14060196478978
0.002267973811560628	38.053044748363824
0.0023309087046176585	37.93384190859877
0.002393991208938019	37.78342434317733
0.0024584079467021036	37.60216426122858
0.002524336243592149	37.39057052565701
0.0025921160162837016	37.14917988649583
0.0026620831745737834	36.878583690630485
0.0027345571732973212	36.57941719229113
0.0028098093528761397	36.252365326378374
0.002888086451277575	35.89815067088125
0.0029696284970432826	35.51753924335224
0.0030546812804727727	35.111330203864696
0.003143505470756547	34.680360445440535
0.003236384140024967	34.22550383904912
0.0033336298388636954	33.74766576455085
0.0034354241003625983	33.247765201930285
0.0035419752990746146	32.72673830088138
0.0036536774977967332	32.18556822426262
0.0037709839454168974	31.62528325203396
0.003894251542100523	31.046913339354507
0.004023587904261698	30.45142719785539
0.004159599522108654	29.839917372088294
0.004302956275433289	29.213537644889893
0.004453908865639733	28.5729626660283
0.004612339500822873	27.92044326932751
0.004780299084140921	27.255590308676567
0.004957410719248169	26.580220707006003
0.005144333680451912	25.895672842459454
0.005342095449284446	25.202773244634027
0.0055514347063554455	24.5027394535901
0.005773228678367887	23.79670374258911
0.006008442924566016	23.085800167516265
0.006258139857835492	22.371161636687958
0.006523487899045786	21.65392096533755
0.006805772571161208	20.93520678686332
0.007106409545478536	20.216135352699524
0.007426959181780664	19.497816145720247
0.00776933972662064	18.781148010999452
0.00813462856686501	18.068086694463016
0.00852644200162376	17.358232745742804
0.008945770181468662	16.65395256891829
0.009395886063854197	15.95565846639226
0.009879521608578194	15.26452748172957
0.010400079668775456	14.58147389982476
0.010961145252346085	13.907507376774177
0.011566671235611269	13.243680603412502
0.012221420151770076	12.590762825515107
0.012930737881855916	11.949628252709175
0.013700278672960333	11.32120944148503
0.014536859799026318	10.706231908305957
0.015447887590252025	10.10557445674049
0.01644192176549287	9.519950152033726
0.017529013968639134	8.949954123975274
0.01872034314475164	8.39626361605963
0.02002875622333403	7.859539356580023
0.021469264499637156	7.340235222243738
0.02305932916697105	6.838832331981244
0.024818511750146637	6.35583641836859
0.02677026498361984	5.891601494710183
0.02894164555894361	5.44646589634706
0.03136450274904726	5.020663313221039
0.0340763893501419	4.614400806459629
0.03712105808909598	4.227832389200123
0.04055253836171842	3.860957736124881
0.04443124821888767	3.5139026510827573
0.048833554888232746	3.186521216130502
0.05384926084904806	2.878720261085325
0.05958721384916195	2.590308010554389
0.06618045901834883	2.3210176050982256
0.07379094150757079	2.0705237746944967
0.08261873670958622	1.8384309954108542
0.0929092588661481	1.6243320300033133
0.1049705623725185	1.4276772203806578
0.11918945373108218	1.2478884181023386
0.1360515574249903	1.0843582209291576
0.15617895018379732	0.9363962243124574
0.18036694664508132	0.8032814607999423
0.20964418208529448	0.6842512140582653
0.24535492207630155	0.578495577397384
0.2892739967507437	0.4851821368911501
0.34373907861136554	0.403483882402817
0.41199924694638546	0.33244072109531436
0.4982959113558487	0.2712467244288038
0.6086337673801872	0.21900020479440077
0.7513010093960034	0.17484180580154945
0.9380268930772793	0.13790504252991714
1.1857673247533982	0.10735443181371282
1.5190603532933125	0.08240412965626415
1.9744297420607635	0.06229763719635415
2.606818606320687	0.04632906379242901
3.500898153743923	0.03384934230538391
4.79086142313023	0.02424678685199607
6.689625000296734	0.017009730773439227
9.54948070406669	0.01166198422594499
13.96932247345557	0.007796939677691442
20.98334857003514	0.005071957554119671
32.447600647966674	0.0032018625863968215
0.9	100
0.002094143415814391	38.21755825219535
0.0021670090793232235	38.19379253787073
0.0022511922772328603	38.136564771200455
0.0023306078966333446	38.047893465717046
0.002408377901657653	37.92785434075182
0.00248515077581101	37.77678727820083
0.002562711229129651	37.5950063857298
0.0026414278691608705	37.38299417718336
0.002721819200760705	37.141270137237456
0.0028043591782659616	36.8704110345133
0.0028894581757920685	36.571043217378474
0.0029774614969903554	36.24384475328955
0.0030686778994294442	35.889532304853795
0.003163401755658919	35.508867044469895
0.0032619288176131468	35.102643721309605
0.0033645677956541217	34.671695743220205
0.0034716497876085676	34.216893866418744
0.0035835369319268807	33.73914071657309
0.0037004423480125064	33.239351957341924
0.0038226080885602263	32.7184598486429
0.00395048410686229	32.17744585748322
0.004084586138563599	31.617337075939812
0.004225320873152756	31.039161595900936
0.004372814015132029	30.443882642114822
0.004527752048624219	29.832592697275327
0.004690892385915254	29.206446537108082
0.004862520532427449	28.566103756973884
0.00504250715050033	27.913847374286902
0.0052331624310708565	27.249244065384914
0.005434065065670451	26.57412886454314
0.005645959236330921	25.889844042275044
0.0058700031764313725	25.19720703651936
0.006107030053331843	24.49743619476706
0.006358028748334671	23.791662577883397
0.006624087353120955	23.081019077362406
0.00690640267436577	22.366637630886963
0.0072062908088529444	21.649650184006315
0.007525199511973167	20.93118453914124
0.007864722856148936	20.212356128844363
0.008226617865905046	19.49427619317851
0.008613042558288755	18.777828703946668
0.009025212491886793	18.06500127931876
0.00946719515244599	17.35535695752372
0.00994010612284748	16.651285932824894
0.01044762842821797	15.953190777107917
0.010992836486194571	15.26225043867948
0.011579559408213069	14.579378178303193
0.012211831132368695	13.905583978109089
0.012894099466394285	13.24192144291671
0.01363172305532981	12.589158449805883
0.014430716735323946	11.948169285033497
0.015297442227849055	11.319887240423391
0.016239569670888	10.705037335266931
0.017265431844963933	10.104499323902502
0.01838465903371312	9.518986249912128
0.019608559963763803	8.949092907665136
0.020949711548347738	8.395497076899895
0.022422567118699572	7.858860098030276
0.02404401493842046	7.3396356974781085
0.025833699392794965	6.838305334912708
0.02781362768033156	6.355375358935123
0.030010184617456512	5.891200042411461
0.03245380946741237	5.446118160414934
0.035180333096705624	5.020363630262932
0.03823200282674481	4.614143915560976
0.041658040902110345	4.227613492671756
0.04551923078116782	3.860772210028963
0.04988354313574492	3.5137464707520936
0.054836891469204674	3.1863905680136413
0.06048030391681065	2.8786117496699513
0.06693623451066776	2.590218529119569
0.07435435934945585	2.320944367710687
0.08291686704304663	2.070464324628239
0.09284884269530685	1.8383831329829476
0.10442637762545275	1.6242938563275893
0.1179960333247069	1.4276470663871184
0.13399296738929087	1.2478648390216514
0.15296350763872196	1.0843399767725668
0.1756074906800809	0.9363822627706765
0.20281964576235262	0.8032709120865182
0.23575718783735597	0.6842433471489143
0.2759324159457313	0.5784897853279329
0.3253420142593391	0.4851779375992321
0.38661586461713415	0.40348089866038067
0.46340918145427873	0.33243862107385047
0.5604935508429841	0.27124527464206377
0.6846242555224383	0.2189992249195737
0.8451255144048587	0.17484115656924373
1.0551927403656491	0.13790462131310322
1.3339013282727563	0.10735416505222227
1.708856583340011	0.08240396494953153
2.2211477395828605	0.062297538652266164
2.9325858019019218	0.04632900650727093
3.9384258791508886	0.0338493103649838
5.389635140200057	0.02424676940296903
7.525744744310109	0.017009721704265745
10.743082987871775	0.011661979685972067
15.71540555249018	0.007796937514787754
23.606185482643195	0.005071956571477971
36.50346963946978	0.0032018621651820605
