# Table format: T1D
# table_unit = barA
# axis1_unit = kJ/kg
# axis2_unit = degC
# This file was automatically generated by generate_data_files.py
-50	120
155.0738243487516	499.99999999999994
151.56448020048424	427.6319266490761
148.6017595010807	365.73812937920036
146.1012525071206	312.8026018309131
143.99104836422526	267.52875856359344
142.21005228325058	228.80767691717003
140.70649418380899	195.69093542437685
139.43661054435228	167.36738348657244
138.36348396413374	143.14327331715498
137.4560267522161	122.42526751094056
136.68809591442667	104.70590603246376
136.03772746120035	89.5511766563992
135.48647825664216	76.58988441453526
135.018863878014	65.50455966803553
134.62188129561702	56.0236821102826
134.28460568639727	47.915030237590976
133.9978513723844	40.97999339189947
133.75388769854243	35.048707056488766
133.5462015836971	29.975892250250617
133.36929943751085	25.637297111999562
133.2185420859914	21.9266535161583
133.09000724885848	18.753074176162993
132.9803749382021	16.03882648109118
132.88683188487065	13.717428538598488
132.80699174223523	11.732020789263743
132.73882836850433	10.033973307199739
132.68061995508847	8.581694674606439
132.63090215863207	7.339613255232123
132.5884287179717	6.277305914387998
132.55213830428607	5.3687528446707615
132.52112657202008	4.591700245338516
132.4946225580032	3.9271152450182907
132.4719687233794	3.358719716800255
132.45260405358553	2.8725915671390596
132.43604973043676	2.456823732663126
132.42189697157642	2.101232532471811
132.40979669932858	1.7971082323972698
132.3994507561085	1.5370017116339205
132.39060442912935	1.3145420064178799
132.3830400849642	1.1242802617312386
132.3825965788445	1.1131537822541833
132.46942366213574	1.0368472919744613
132.570976725162	0.9716058330786049
132.6897533121335	0.9158248904188573
132.8286745538192	0.8681326159561281
132.99115700834648	0.8273560902293656
133.18119668628808	0.7924924761728637
133.40346732650724	0.762684355853212
133.66343533970607	0.737198643570176
133.9674942465411	0.7154085567210733
134.3231219166075	0.6967782010292893
134.73906447534833	0.6808493910339001
135.22555140180012	0.6672303817102556
135.7945471071807	0.6555862340927502
136.4600451815131	0.645630577956818
137.2384125448377	0.6371185689757638
138.14879196689182	0.6298408671443355
139.21357285462034	0.6236184883774586
140.45894188582463	0.6182984026669837
141.91552703095383	0.6137497705397552
143.61915080178036	0.6098607252583762
145.61171125197498	0.6065356216277531
147.94221239645796	0.6036926837459748
150.6679693911358	0.6012619938495113
153.8560181125981	0.5991837727914155
157.58476380425816	0.5974069098634885
161.94590933489988	0.5958877058056035
167.04671049223734	0.5945887980884015
173.01261377702548	0.5934782420383107
179.99034157028544	0.5925287252065452
188.15150054867172	0.5917168956606774
197.69680209150772	0.5910227876791281
208.8609984740274	0.5904293307243981
221.91865624503947	0.5899219296189803
237.1909087765191	0.5894881055990119
255.05335405388578	0.5891171894179237
275.9452919411914	0.5888000589524343
300.3805280978046	0.5885289148577051
328.96001025260574	0.5882970887542337
362.38219896652356	0.5880981218284188
362.4112698097731	0.5822151210362677
362.43300658894947	0.5770301803202261
362.45452914777235	0.5718914143070705
362.47583989235636	0.566798411786082
362.49694119456353	0.5617507652085995
362.517835392659	0.5567480706554017
362.5385247919537	0.5517899278043877
362.55901166542833	0.5468759398985388
362.5792982543457	0.5420057137141749
362.5993867688451	0.5371788595294847
362.61927938852284	0.5323949910933418
362.63897826300024	0.5276537255943914
362.658485512476	0.5229546836304247
362.6778032282669	0.5182974891780135
362.6969334733359	0.5136817695624228
362.71587828280457	0.5091071554277848
362.73463966445894	0.5045732807075487
362.75321959923764	0.500079782595183
362.77162004171277	0.49562630151514614
362.78984292055816	0.49121248109410814
362.80789013900625	0.48683796813243957
362.82576357529456	0.4825024125759435
362.8434650831043	0.4782054674878462
362.86099649198525	0.47394678902103093
362.8783596077726	0.4697260363905282
362.89555621299667	0.46554287184624227
362.9125880672794	0.46139696064592556
362.9294569077234	0.4572879710283889
362.9461644492954	0.45321557418695857
362.9627123851958	0.4491794442431612
362.97910238722466	0.44517925822064847
362.9953361061369	0.441214696019349
363.0114151719911	0.4372854403898579
363.0273411944905	0.4333911769080472
363.0431157633152	0.4295315939499068
363.0587404484499	0.4257063826666046
363.07421680050254	0.4219152369597769
363.0895463510168	0.41815785345703144
363.10473061277696	0.41443393148766916
363.119771080109	0.41074317305862845
-30	119
179.43281591090258	499.99999999999994
176.4836258959265	436.92158803090774
173.9501850249511	381.80094817489913
171.77548953833048	333.6341531765665
169.90981413689562	291.5439280545041
168.30989228122135	254.76367205268528
166.93817529584888	222.6234963316885
165.76216238235472	194.53802310046862
164.75379502618986	169.99572397089972
163.88891042643866	148.5496033516587
163.14674946472735	129.8090571955359
162.50951536118467	113.43275882133696
161.96197956630118	99.12244223789067
161.49113165082437	86.61746974416222
161.08587003553436	75.69008486367679
160.73673040491573	66.14126415366356
160.43564862398352	57.79709233678077
160.17575496524287	50.505594734710435
159.9511964792233	44.133969311870196
159.75698441989408	38.56616791569928
159.58886376739315	33.700782659987944
159.44320206842232	29.449198955372776
159.31689502828726	25.733981547639203
159.2072865247918	22.487464168305156
159.11210096035938	19.65051711040801
159.02938611368796	17.171470283015957
158.95746488733027	15.00517212976172
158.89489456669898	13.112167271225195
158.84043240533532	11.45797789334119
158.7930065291143	10.012475793563318
158.75169130812404	8.7493336476894
158.71568648006397	7.645545503121417
158.6842994247281	6.681007765172726
158.65693008730773	5.838153044812187
158.63305813100584	5.101630199013622
158.61223196877154	4.458024736198936
158.5940593818031	3.895614494442201
158.57819948061712	3.404156142535817
158.56435580440947	2.9746986154038315
158.5522703876158	2.5994200859111642
158.55115467909587	2.573658632330373
158.7281196288589	2.444603522542697
158.9297939355816	2.3315257559725953
159.1600027364392	2.232464034206
159.42278331991312	2.1456810615932658
159.72274420235402	2.069654881135314
160.06514594986987	2.0030521831519423
160.4559934355417	1.944704922353835
160.9021411499277	1.893589833239992
161.41141341174028	1.848810484571736
161.9927415868911	1.8095815582034915
162.6563207223841	1.7752150765602215
163.41378834202496	1.74510833722582
164.27842853957748	1.7187333430452
165.26540494865233	1.6956275423704372
166.3920266750395	1.6753857170579542
167.6780518552739	1.6576528759524474
169.14603416509533	1.6421180292269775
170.82171835469728	1.6285087343966702
172.7344917474661	1.6165863183566993
174.9178996203743	1.6061416916510152
177.41023350451326	1.596991681564523
180.25520272309245	1.58897581973029
183.5027009440057	1.5819535279144181
187.20968119038665	1.57580165262427
191.4411546546566	1.5704123053032153
196.27133083277394	1.5656909702343016
201.78491897379698	1.5615548469701972
208.07861366894124	1.557931398219756
215.26279063366064	1.5547570777247612
223.46344242254156	1.5519762158169679
232.82438802462426	1.5495400431109005
243.5097950899462	1.5474058352104088
255.7070590208709	1.5455361634292681
269.6300894202894	1.543898238385326
285.5230615328008	1.5424633349564811
303.6646984698011	1.5412062885136506
324.37315931802954	1.5401050535959078
348.0116188568151	1.5391403172880551
375.045652848846	1.5229131247202796
375.211713699998	1.4725928903051224
375.3714326051866	1.4239353416666511
375.52509408596575	1.3768855401897262
375.6729660973536	1.3313903625459524
375.81530132719314	1.287398440712789
375.9523383656231	1.2448601039745892
376.0843027600356	1.203727322840025
376.2114079688333	1.1639536548125955
376.33385622554766	1.1254941919530161
376.45183932337324	1.0883055101742207
376.5655393289002	1.0523456202117958
376.6751292327099	1.0175739202144338
376.78077354357515	0.983951149900897
376.88262883216095	0.9514393462317494
376.98084422943424	0.9200018005457608
377.07556188437235	0.8896030171126413
377.16691738502084	0.860208673055254
377.25504014649636	0.8317855795961033
377.3400537691189	0.8043016445843089
377.42207636950263	0.7777258362607627
377.5012208871336	0.7520281482205787
377.57759536867707	0.7271795655332329
377.65130323202317	0.7031520319821873
377.7224435118769	0.67991841838697
377.79111108849366	0.6574524919719624
377.8573969010154	0.6357288867473156
377.92138814670324	0.6147230748685274
377.9831684672422	0.5944113389423746
378.04281812317015	0.5747707452479051
378.10041415739	0.5557791178422634
378.1560305486244	0.5374150135221254
378.2097383555996	0.519657697612444
378.2616058526598	0.5024871205552001
378.31169865746796	0.4858838952716967
378.360079851365	0.46982927527286245
378.4068100929358	0.4543051334928282
378.4519477252574	0.43929394182188686
378.4955488772788	0.42477875131573456
378.5376675597399	0.41074317305862845
-10	119
204.27561309107804	499.99999999999994
201.80713275266464	444.82652470904446
199.65899551415947	395.7412741694537
197.79223789461332	352.07243134545445
196.1721505308528	313.22231216252436
194.76787470030104	278.6591851611744
193.5520339550886	247.90999382699954
192.50039714910233	220.55388198940977
191.59156961543135	196.21643367287572
190.80670971176386	174.5645485630161
190.1292683854895	155.30188294937992
189.54474980679655	138.16479374628696
189.04049146552558	122.9187300786055
188.60546241707368	109.35502304503073
188.23007858904552	97.288029721197
187.90603422326407	86.55259231334058
187.62614863140402	77.00177768660423
187.3842274951858	68.50486632950134
187.17493795486146	60.94556323001944
186.99369671503612	54.22040617608984
186.83657036705273	48.237349695245804
186.7001870932368	42.91450525222215
186.58165888909858	38.17902046190803
186.4785134213552	33.96608197773216
186.38863463600708	30.218028408274265
186.3102112428989	26.88356112082364
186.24169223058072	23.91704213035837
186.1817486058466	21.27786946433423
186.12924060328518	18.929921454065024
186.08318966844058	16.841062346853853
186.04275458063816	14.982702472318715
186.00721114553323	13.329406943022308
185.9759349506175	11.858547533794447
185.94838673755487	10.549992975109607
185.92410000202335	9.385833421645678
185.9026704839406	8.350135324897307
185.88374725808154	7.428723354848596
185.86702517710484	6.60898638592444
185.8522384559534	5.879704891800324
185.83915521876355	5.230897386668613
185.83811165198264	5.179104786210139
186.14861671614656	4.99020156406753
186.495757696416	4.821234457197491
186.8838571965221	4.670099485119152
187.31774783618587	4.534914713312125
187.80283242695805	4.413996819344832
188.34515124809445	4.3058401321230155
188.95145726018737	4.209097883254852
189.6293001931132	4.122565437074477
190.3871205553615	4.045165290503936
191.23435473534943	3.9759336559716876
192.18155250344626	3.914008460317974
193.24050837784256	3.858618610249297
194.42440849003518	3.809074390675297
195.7479947786979	3.7647588763680133
197.22774855648177	3.725120250001404
198.88209573552223	3.6896649309152516
200.73163626712196	3.6579514290427504
202.79940065259652	3.6295848474707912
205.11113671935843	3.6042119651787763
207.69563023317872	3.581516838726146
210.58506333889466	3.561216868120797
213.81541529287045	3.5430592778805243
217.42691047713754	3.5268179694696267
221.46451927389177	3.512290705917172
225.97851803724197	3.4992965935597677
231.02511513498627	3.487673829551448
236.66715085589553	3.477277687092658
242.97487989775695	3.467978713290377
250.0268461797305	3.4596611172091123
257.9108608721904	3.452221328040752
266.7250958224926	3.445566705439599
276.5793059920185	3.4396143859636505
287.59619612629564	3.434290251258008
299.9129486759903	3.4295280051322137
313.68293199445986	3.4252683480392756
329.0776100823649	3.421458238676986
346.2886776595013	3.4180502335169765
365.5304471497957	3.4150018960373214
387.13700584909355	3.3781467698550074
387.6251219169015	3.2004732567140706
388.0815810966618	3.032144475884216
388.5089031894562	2.8726689414910385
388.9093393157357	2.7215810173427704
389.28491045573423	2.5784395573671492
389.63743903526233	2.4428266175543993
389.9685750354718	2.3143462356455604
390.2798177491044	2.1926232750030605
390.57253404461795	2.0773023292878783
390.84797380583615	1.9680466847451545
391.10728306935863	1.864537337068395
391.3515152717414	1.7664720599716253
391.5816409341127	1.6735645227499856
391.79855604674196	1.5855434542521896
392.0030893653771	1.5021518508238125
392.1960087913895	1.4231462259087995
392.3780269763269	1.3482958991181329
392.5498062664563	1.277382322689919
392.711963082865	1.2101984433742823
392.86507181653883	1.1465480978799023
393.0096683047792	1.0862454401170116
393.14625294464855	1.0291143985645463
393.27529349043294	0.9749881621770337
393.39722757491757	0.9237086933301979
393.5124649883341	0.8751262663831754
393.62138974391974	0.8290990305100346
393.72436195489195	0.785492595524149
393.8217195442215	0.7441796394861381
393.9137798056643	0.7050395369496419
394.0008408320707	0.667958006759502
394.08318282492695	0.6328267783739845
394.16106929729284	0.59954327573677
394.2347481808179	0.5680103177756956
394.3044528462082	0.5381358346537443
394.37040304541455	0.5098325989438096
394.4328057828555	0.4830179709423125
394.4918561221531	0.4576136573780418
394.54773793415234	0.4335454828116894
394.60062459136515	0.41074317305862845
10	119
229.64981215848795	499.99999999999994
227.5981555800539	451.6467888072113
225.796237972959	407.9696436797329
224.21733038699665	368.5163589975472
222.8371809892273	332.87846032833653
221.633812095468	300.68697534076375
220.58733395924838	271.60861369761915
219.6797737453357	245.34231637781605
218.8949182290598	221.61613870112703
218.2181688765741	200.18443478443587
217.63640807599688	180.82531427915413
217.1378754059287	163.33834505847008
216.71205294571624	147.5424780694845
216.34955875006762	133.27417286548263
216.0420477273077	120.38570441126481
215.7821192735145	108.74363363128377
215.56323112113725	98.22742586559471
215.37961895805128	88.72820292998853
215.22622145868476	80.14761585992798
215.09861044112267	72.3968266673809
214.99292592164963	65.39558856830986
214.90581588065768	59.07141515806956
214.8343805817308	53.35882993287958
214.77612130027225	48.19868838739043
214.72889332117924	43.53756566976863
214.69086305929042	39.32720345446824
214.66046914417555	35.52401030595696
214.636387294999	32.08861036047954
214.61749879413526	28.985435653192848
214.6028623520192	26.182357869885205
214.5916891419842	23.650355710669785
214.5833207737831	21.36321442174464
214.57720996862363	19.29725438436178
214.57290369723498	17.431085950985786
214.57002854537683	15.745387990370478
214.56827807801585	14.22270784874894
214.56740198343368	12.847280656061159
214.5671967911252	11.604866106430093
214.56749797175684	10.482601023013594
214.56817324303486	9.468866180782573
214.56825519012816	9.37515783192616
215.05634398985055	9.130246034073762
215.59202665132594	8.90712931980198
216.17993959747076	8.703834331820369
216.8251754004978	8.518600104643202
217.53332317005783	8.349822117253636
218.3105169667756	8.196038394550877
219.16348893621625	8.055916843547122
220.0996276235347	7.928243714618853
221.12704197393714	7.811913087862536
222.2546315733335	7.705917293484216
223.4921637376145	7.609338183243316
224.85035811830917	7.521339177342836
226.34097955748808	7.441158017875153
227.97693999623118	7.368100166052908
229.7724103194052	7.301532786031016
231.7429431055618	7.240879263206936
233.9056073452324	7.185614209516051
236.2791362945641	7.1352589124574655
238.88408974502372	7.089377188429091
241.74303211476914	7.047571604453156
244.88072790433614	7.00948003556424
248.32435620970261	6.974772528039549
252.10374615086627	6.943148441300314
256.2516352552477	6.914333843727177
260.80395303406584	6.888079139831752
265.8001322080592	6.864156908230674
271.28345027842573	6.842359931694391
277.3014044017116	6.822499402206758
283.9061228158583	6.804403285487421
291.1548163812308	6.787914830810332
299.11027414792807	6.7728912132102135
307.84140724204065	6.759202296315642
317.42384578206133	6.746729505092241
327.9405939960122	6.7353647987315615
339.4827492139884	6.725009734788685
352.15029096412127	6.715574616461998
366.05294700720066	6.706977715628776
381.31114381165526	6.6991445649064145
398.222794572211	6.625084479005778
399.33264606026387	6.16917056494756
400.33820666507796	5.744630967351344
401.25232536116755	5.34930662130795
402.0856481801635	4.9811870408035155
402.84712162824536	4.638400094067153
403.5443547653622	4.319202482541524
404.1838858774626	4.021970875055518
404.77138299230603	3.745193652110591
405.31179743168053	3.4874632182949044
405.80948332675973	3.2474688437287487
406.2682920060115	3.023989998135421
406.69164752342976	2.815890143636702
407.0826078182585	2.6221109547053545
407.44391477814366	2.4416669358791907
407.7780356255356	2.2736404098641936
408.0871974417061	2.1171768505379736
408.3734162060142	1.971480537118726
408.6385214086526	1.8358105073982443
408.8841770585163	1.709476789458584
409.1118997305582	1.5918368927080604
409.3230741626457	1.4822925403912528
409.5189668091488	1.3802866269556417
409.7007376790716	1.2853003848010363
409.8694507246282	1.1968507460029019
410.02608299752404	1.1144878855921667
410.1715327516673	1.037792933897446
410.30662664029495	0.9663758463154684
410.4321261307825	0.8998734196760535
410.54873324044166	0.8379474451135327
410.6570956803266	0.7802829880507702
410.7578114807818	0.7265867865483474
410.85143316145843	0.6765857598734465
410.93847149949306	0.6300256197035426
411.01939894194777	0.5866695769019418
411.0946527023119	0.5462971372882537
411.1646375755501	0.5087029802795162
411.22972850167906	0.47369591469910577
411.2902729040797	0.4410979064430259
411.3465928254926	0.41074317305862845
30	118
255.55539079673804	499.99999999999994
253.86663888249063	457.6076101552147
252.37458020300593	418.8094497439325
251.06099749096052	383.30078281548293
249.9091088996981	350.80271038963105
248.90346268457427	321.05997987474194
248.02983982981576	293.838980213923
247.27516404803328	268.9259070122775
246.62741861328456	246.1250832334236
246.07556951949107	225.2574222753998
245.6094944842274	206.15902135433944
245.21991734385193	188.67987414779364
244.89834740981	172.6826925863171
244.63702337821945	158.04182853918437
244.42886140598614	144.64228692475223
244.26740698723765	132.3788224940415
244.14679028436578	121.15511319331897
244.06168458897355	110.88300361295845
244.00726760995974	101.48181258031556
243.9791853091143	92.87769945819524
243.97351802905683	85.00308417155786
243.98674868398234	77.79611640713817
244.01573281020936	71.20018981685465
244.05767030044782	65.16349740937692
244.11007867244183	59.638624637720994
244.17076774853533	54.58217698682273
244.23781564710453	49.954439136017726
244.30954600909203	45.71906301935434
244.3845064025497	41.842782333644706
244.46144786477345	38.295151251887994
244.53930555503015	35.04830528981776
244.61718050094535	32.07674244732776
244.6943224284152	29.357122905771927
244.77011366854256	26.86808570788636
244.84405413598355	24.590080980462673
244.91574737150296	22.50521638198541
244.98488763803283	20.597116569172666
245.051248054567	18.850794578614924
245.11466974627638	17.252534113293677
245.17505198288038	15.789781809411247
245.88253605970598	15.350931781518483
246.63848989265313	15.089038999435415
247.45395672705797	14.846259227059528
248.33362176615393	14.621197591507496
249.28253905912084	14.412561018115648
250.30616053874346	14.21915080117698
251.4103673450802	14.03985571686783
252.6015036151104	13.87364563879518
253.88641293249486	13.719565619483085
255.2724776468701	13.57673040379395
256.76766128858173	13.444319342761842
258.3805543225479	13.321571678615728
260.12042350412776	13.207782173903015
261.99726512056634	13.102297059600952
264.021862423909	13.004510278935971
266.2058475853637	12.913860005330164
268.5617685270637	12.82982541446905
271.1031610152084	12.751923691944715
273.84462642878805	12.679707259282019
276.80191565070584	12.612761202410212
279.99201956328886	12.550700887805418
283.43326666812146	12.493169752607697
287.1454283910698	12.439837256016023
291.14983267751927	12.390396980191019
295.4694865304766	12.34456486975436
300.12920819557195	12.302077599769998
305.15576975241834	12.2626910628306
310.5780509315775	12.226178966556834
316.4272050408744	12.192331533451556
322.7368379543804	12.16095429563902
329.5432011924287	12.131866977564346
336.8854002019926	12.104902460233909
344.8056190340834	12.07990582104577
353.34936270903603	12.05673344369352
362.5657186621739	12.035252193029642
372.5076387719681	12.015338650147534
383.23224359106456	11.996878403287495
394.801150528114	11.97976539049258
407.5679342343898	11.844238546330716
409.8343916266669	10.866079268506661
411.80189820916365	9.968701508975265
413.5265887983906	9.145433906695875
415.04960478373164	8.390156056577549
416.4022743546642	7.697253008650026
417.60917038008444	7.061573524931537
418.69002510220986	6.478391783663048
419.66098711231103	5.943372246207658
420.53547926578966	5.452537425425435
421.3248036213576	5.002238315904793
422.03857999055447	4.5891272662202125
422.6850715499115	4.210133091541134
423.2714316824211	3.8624382415720047
423.8038945560133	3.5434578540833956
424.28792466262865	3.2508205383123423
424.72833585747765	2.982350745370161
425.12938734820233	2.7360525945943093
425.4948619985647	2.510095035604909
425.82813087523544	2.3027982357563714
426.1322069588631	2.1126210917845647
426.4097902220022	1.9381497728076225
426.6633057560292	1.7780872095057616
426.8949362469308	1.6312434513397156
427.10664981546967	1.4965268201205655
427.3002240231565	1.372935794164154
427.4772666824937	1.2595515626945466
427.6392339846362	1.1555311951438492
427.7874463603096	1.0601013745670542
427.92310241359615	0.9725526485843239
428.0472912079638	0.8922341551105644
428.16100313594063	0.8185487836619038
428.26513956535393	0.7509487362668322
428.36052142393845	0.6889314549805473
428.4478968588097	0.6320358857265129
428.52794808657507	0.5798390506895609
428.6012975327834	0.5319529037787157
428.6685133452535	0.48802144578238926
428.7301143540485	0.4477180777691667
428.7865745409656	0.41074317305862845
50	120
281.96951254989636	499.99999999999994
280.59637226428157	462.87715123820794
279.37939142795295	428.5105142767978
278.30637328432493	396.69545224812725
277.3659565411778	367.2425216915314
276.5475602492976	339.97634450822375
275.84133223291104	314.7345636686924
275.2381008571682	291.36687645432943
274.7293299309493	269.73413947670986
274.30707655557734	249.70754014533784
273.9639517414602	231.16782965034892
273.6930836253806	214.00461289294572
273.4880831309815	198.1156911354444
273.34301192395105	183.4064534567264
273.25235252148394	169.7893133895056
273.2109804227926	157.18318738485138
273.2141381337773	145.51301199848288
273.25741096458484	134.70929692389788
273.3367044837842	124.7077112108715
273.4482235174343	115.44870020545068
273.58845258562803	106.87713093050584
273.75413767334686	98.94196379525103
273.9422692368102	91.59594867891943
274.1500663511373	84.79534357891865
274.3749619101066	78.49965414814989
274.6145887941789	72.6713925705604
274.8667669286804	67.27585433914894
275.12949116010344	62.280911607243794
275.4009198846989	57.656821882559306
275.6793643698267	53.37605092489565
275.9632787146932	49.41310879292243
276.25125040303885	45.74439806378316
276.5419914058772	42.348073321741104
276.8343297974405	39.20391107918855
277.12720185203176	36.29318935546164
277.4196445933867	33.59857619640994
277.7107887715352	31.104026470908195
277.99985224493497	28.794686329783598
278.28613374794617	26.65680475825601
278.569007025556	24.677651695229294
278.60501198542187	24.433246824265197
279.52823672151635	24.15060548507817
280.50684945144565	23.88395768705188
281.5444212855973	23.632461914935536
282.6445043706628	23.39525716822258
283.8108648617765	23.17153137200074
285.0474958160198	22.96051859679827
286.35863086272576	22.761496436410038
287.7487586973898	22.573783534726285
289.22263844880274	22.396737253097143
290.7853159720177	22.229751470247148
292.44214112293	22.072254507207653
294.1987860736093	21.923707170163105
296.06126473108725	21.783600904510916
298.03595332608177	21.651456053815167
300.1296122421424	21.52682021769381
302.3494091599507	21.409266703017444
304.7029435960101	21.298393063117334
307.19827291973326	21.193819720001727
309.84393993799796	21.09518866486339
312.64900214160724	21.002162232429775
315.62306271377935	20.914421944959585
318.7763034068264	20.831667421928238
322.11951939957464	20.75361535166949
325.6641562548622	20.679998521452628
329.4223491036393	20.61056490267464
333.4069641898166	20.54507678803557
337.63164291809363	20.483309977743097
342.11084855556464	20.425053011960323
346.8599157469848	20.370106446869062
351.8951030132158	20.318282171870155
357.23364841257717	20.26940276558331
362.89382855566356	20.22330088844167
368.89502117566525	20.179818709801637
375.257771468401	20.138807367606727
382.003862429184	20.1001264587555
389.15638942731476	20.063643558428897
396.7398392735131	20.029233766731394
404.78017405097495	19.996779281093854
413.30444998859684	19.966164870830827
413.82305427403173	19.766506744290396
418.3232487352953	17.897505315138616
421.97034557655144	16.20522536679074
425.01090685892603	14.672957183946206
427.5923492685608	13.285571021006726
429.8118687335099	12.029367709689136
431.7379335624473	10.891943392279307
433.42112571111863	9.862067044892305
434.9001701444315	8.92956958139293
436.20554257910226	8.0852434429793
437.36175500515344	7.3207516819688045
438.38887155084944	6.628545642071683
439.3035525596636	6.0017904223205605
440.11979684156825	5.43429738868038
440.84948375921186	4.920463066952632
441.50277842315506	4.455213813597362
442.08844074241813	4.033955718147823
442.61406535526436	3.6525292425501075
443.08627083389615	3.307168149532662
443.51085097162763	2.99446231446106
443.8928972556216	2.7113240534789833
444.236899114425	2.454957635456761
444.5468267896175	2.2228316767057987
444.8262004546895	2.012654145882
445.0781483257769	1.8223497322744577
445.30545586995106	1.650039354012039
445.51060774566446	1.4940216038500922
445.69582375809205	1.352755949331444
445.86308984622355	1.2248475214386727
446.01418491540545	1.1090333415394777
446.1507041722149	1.0041698506288752
446.27407949632305	0.9092216177308889
446.3855972878831	0.8232511159655452
446.48641415274017	0.7454094653291803
446.57757072679175	0.6749280507815175
446.6600038917143	0.6111109328757625
446.73455759442186	0.553327975993662
446.80199245003854	0.5010086263331297
446.8629942814046	0.4536362782117568
446.9181817259536	0.41074317305862845
70	119
308.8598956855028	499.99999999999994
307.75946953272506	467.56757475543964
306.7837278303502	437.2388739253688
305.9247357525664	408.87743974016826
305.17505678130306	382.3556657430477
304.5277256631785	357.5542226509567
303.97622308225107	334.36152145694984
303.5144519891819	312.67321135832987
303.13671553586494	292.3917102516186
302.83769657377746	273.425765681889
302.61243868448946	255.69004427106086
302.4563287223701	239.10474777786183
302.36508086295476	223.59525406201192
302.3347221663444	209.09178133720258
302.36157968417484	195.52907420226168
302.44226916222505	182.8461100378558
302.5736854200497	170.98582444773297
302.7529945261676	159.89485450917172
302.9776279350217	149.52329867745513
303.2452788140687	139.82449226410185
303.5539008714555	130.75479747867368
303.9017101047156	122.27340708948427
304.28719004046496	114.34216081982987
304.70910124136833	106.9253736536486
305.1664961459134	99.98967527811132
305.6587407189115	93.50385994074091
306.18554498951477	87.43874604552923
306.7470054406353	81.76704485632992
307.34366355706635	76.46323771678685
307.9765869244087	71.5034612343735
308.64748259664873	66.86539991195123
309.35885792376206	62.52818574376736
310.11425336730105	58.472304324141916
310.918588432642	54.67950704640218
311.77869283786214	51.13272899701858
312.7041563651293	47.81601217552624
313.7087611162208	44.71443369477475
314.8130623088108	41.81403863845756
316.0494710986059	39.10177727382777
317.4735884122081	36.56544633710203
317.7062595956872	36.20336190694477
318.7708159912196	35.989104010855456
319.8770049824069	35.782886555268114
321.0265972295938	35.58445491159655
322.22129573529276	35.393515123798025
323.4628703222927	35.20978433424266
324.75316025546897	35.03299036468899
326.09407696646474	34.86287131307991
327.48760688528046	34.69917516556178
328.93581438296485	34.54165942315187
330.44084482976854	34.39009074250103
332.0049277732885	34.244244590219616
333.6303802413138	34.10390491025438
335.31961017426306	33.96886380382365
337.07511999230076	33.83892122143675
338.8995103024143	33.713884666541226
340.79548375094623	33.593568910359096
342.76584902728564	33.47779571748941
344.8135250246528	33.36639358187094
346.94154516413835	33.25919747271357
349.15306188840475	33.156048590022195
351.4513513317051	33.05679412935087
353.8398181731383	32.96128705543877
356.32200068033126	32.869385884392585
358.9015759510172	32.78095447409274
361.5823653602777	32.6958618225128
364.3683402215161	32.61398187365355
367.26362766954935	32.535193330803914
370.27251677453313	32.45937947685246
373.3994648957774	32.38642800138295
376.64910428486553	32.31623083429809
380.02624894785765	32.24868398572475
383.5359017767446	32.18368739196373
387.1832619607176	32.121144767255664
390.9737326882313	32.06096346114359
394.9129291512709	32.00305432122084
399.0066868636811	31.947331561060935
403.2610703058783	31.89371263313385
407.6823819087542	31.842118106520296
413.40434293260216	31.474547077925568
423.078389136297	28.160594510141394
429.86509191021486	25.195567745620824
435.0928890231859	22.542728414187195
439.30411790855385	20.169206325748558
442.78692367285566	18.045592189923205
445.7174988730899	16.145573218183213
448.2135432175071	14.44560709341977
450.35860855599464	12.92463026722695
452.21468238079973	11.563796970541405
453.8293105819268	10.346245703831109
455.23991620441564	9.256890313513704
456.47656356861825	8.28223306592204
457.5638065475818	7.410197402697229
458.5219700559235	6.6299783053530446
459.36806610343956	5.931908414943482
460.1164659251155	5.307338247979919
460.7794043731677	4.748529024404851
461.3673659327187	4.248556779699835
461.88938527016717	3.801226573021891
462.35328481308346	3.4009957283585153
462.76586509072786	3.0429051576153583
463.13305905379303	2.7225179146905667
463.4600585207923	2.4358642191857607
463.75141876605016	2.179392268566153
464.01114575706055	1.949924229304385
464.24276946633915	1.7446168617133868
464.4494058935538	1.56092629058744
464.63380985026475	1.3965764851396596
464.7984201228222	1.249531057684358
464.9453982980849	1.1179680316339085
465.0766622831718	1.0002572661712275
465.19391535430043	0.8949402578766829
465.29867141645633	0.8007120690401263
465.39227703471903	0.7164051587395063
465.4759307018566	0.640974916343938
465.5506997296392	0.5734867181930897
465.6175350889301	0.5131043470777635
465.67728447281536	0.45907963103245647
465.7307038153868	0.41074317305862845
90	89
336.1930988068258	499.99999999999767
334.34858711384067	437.44102778107055
333.0111505390554	383.2769743056892
332.11568597669896	336.4280419138619
331.6044177710018	295.9477833935719
331.4261152132871	261.0070140495896
331.53539528073435	230.87970992795064
331.8921004384291	204.93062898015665
332.4607423862642	182.60442413204518
333.21000395444116	163.41604844232646
334.1122927882946	146.94228269382796
335.1433417677036	132.81424397749115
336.28185203052885	120.71075861197185
337.50917488814724	110.35250262742159
338.8090289030651	101.4968273521965
340.1672481788705	93.93319689627342
341.57155778093005	87.47917008620254
343.01137237094645	81.97686365815737
344.47761463994834	77.28983793860108
345.9625508317103	73.30035172583766
347.4596413415387	69.90693965695526
348.96340486957786	67.02227248590022
350.46929486959624	64.57126785708994
351.9735872050845	62.489426032811885
353.4732781947356	60.72137123799734
354.96599262044845	59.219583742956296
356.4499015451905	57.94330895728206
357.92364964453134	56.85762709845342
359.386291158424	55.932662182872185
360.8372328584378	55.14290560385631
362.27618207355	54.46663017748162
363.70309807332984	53.885375423873306
365.1181458422019	53.38349173676945
366.5216521263007	52.94773706654899
367.9140642514796	52.56692303313831
369.29591244734496	52.23160795506844
370.66777631896525	51.933833251010476
372.03025583988176	51.66689836919466
373.3839469486271	51.42516869690567
374.7294216061083	51.20391103743577
376.067212036474	50.99915200994521
377.3977988113238	50.80755575907169
378.7216024148279	50.6263183347949
380.0389779196673	50.45307683809595
381.3502123971137	50.28583188075632
390.14533940248725	49.194349437930846
398.6565802197933	47.992021869145596
406.8179578686881	46.52484446597697
414.55332570238966	44.73338944129874
421.80215730602674	42.623203541178086
428.52552966658044	40.24263241668683
434.7054157063472	37.66295959748809
440.34179615503785	34.96277154315931
445.4488801100059	32.21722633575026
450.05115159285026	29.491784391835647
454.1797718635824	26.839407661745454
457.86962510944414	24.300119124174852
461.1570765300997	21.90196420099269
464.0783777148387	19.66266509118319
466.6685985717422	17.591501905287856
468.9609585447791	15.6911458591969
470.98644635741476	13.95930279960854
472.7736408872665	12.39010967990932
474.3486680751598	10.975275839747468
475.7352470823324	9.704987014377137
476.95479281708594	8.568601778536161
478.0265520560469	7.555173605118459
478.96775754324347	6.65383069903351
479.79378945742764	5.8540425621049605
480.5183371259055	5.145798199416567
481.1535562948029	4.519716734859024
481.7102189669073	3.9671073461568174
482.1978540121909	3.4799920282257886
482.6248775948297	3.0511017993996794
482.9987130473435	2.673854564356246
483.3259002286244	2.342320895075289
483.61219467792296	2.051182428565218
483.86265705675	1.7956863468422781
484.0817334809754	1.5715984435873047
484.27332740511036	1.3751565419859844
484.4408637440415	1.203025465479984
484.5873459150139	1.052254340550849
484.71540646243966	0.920236697764381
484.82735189611816	0.8046736094016633
484.9252023342714	0.70353993929116
485.0107264996165	0.6150536672426156
485.08547257200684	0.5376481744543093
485.15079535664927	0.4699473278442629
485.20788018368484	0.410743173058628
110	89
363.9395876869927	500.0000000000003
362.57139071975763	447.5900355067872
361.5928596106628	401.62450015470057
360.9565998233841	361.3235077307693
360.6203186491584	325.9984188833229
360.5463071285973	295.04141922175796
360.7009763971137	267.91631921733557
361.0544420355989	244.1504182831838
361.58015071755153	223.32729632811635
362.2545441603739	205.08041526199483
363.0567560793559	189.08743020559996
363.96833847732444	175.0651253782645
364.9730141570597	162.76490269021912
366.0564528023578	151.9687619084277
367.2060683338575	142.48571995716554
368.4108355145775	134.1486236439405
369.66112397024887	126.81131515604658
370.948547915461	120.34611341489186
372.26582995831416	114.64157724055991
373.6066774291339	109.6005187964727
374.96566979914576	105.13823854538258
376.3381559879805	101.18095647720708
377.7201607394353	97.66441886235845
379.1082997194322	94.53266477592234
380.49970338844633	91.73694088734301
381.89194980304904	89.23475500909834
383.2830061966943	86.98905793793875
384.67117860086523	84.96754008830946
386.05506820686895	83.14202644584644
387.4335329395672	81.48795250452723
388.80565291813247	79.98390579028217
390.17069897522885	78.61122144042244
391.5281039349063	77.35362444849913
392.87743669673534	76.1969142192987
394.21837926565985	75.1286884944488
395.5507067613044	74.13810380220907
396.87427025502785	73.21566903577698
398.18898212361614	72.35306820513314
399.4948035306164	71.54300819483637
400.7917336540538	70.77908756252295
402.0798003453323	70.0556829159432
403.35905199252113	69.36785003727054
404.62955044308814	68.71123753537718
405.8913649005258	68.08201131356998
407.1445667424445	67.47678851398604
415.9037509500331	63.60575003466702
424.2303794369341	60.14789799782607
432.10726377535735	56.77572868747118
439.50237207513203	53.353060312087486
446.38496800604673	49.84475611164115
452.7353451499338	46.271110290434166
458.5482508457723	42.679639213004116
463.8322223881323	39.12676375209842
468.60692611840136	35.66659451363973
472.89993670276044	32.34493189906688
476.7437466766583	29.196841206669365
480.17333227410546	26.246451980013017
483.2243327181123	23.50798095244308
485.93177428729615	20.98730681847139
488.32922933460856	18.683685009466107
490.4483012372357	16.59137380017618
492.31834347548664	14.701061671247924
493.96634168113496	13.001057340338523
495.41690604128746	11.478243853087953
496.6923362299491	10.118818304061605
497.81273211949923	8.908847128873592
498.7961315519202	7.834668610309296
499.6586621681196	6.883172438866343
500.4146983420991	6.041982743503774
501.0770171339835	5.29956703933095
501.6569492142848	4.645289612949429
502.1645221668626	4.0694242780569585
502.6085946191199	3.563138308031555
502.9969803915373	3.118456716556515
503.336562385818	2.7282138884382525
503.6333962991108	2.385997812264643
503.89280450240494	2.0860907768004875
504.1194605847524	1.8234093058227143
504.3174651642299	1.5934452673511486
504.4904136187248	1.3922094550481914
504.64145640778753	1.216178460965561
504.7733526509268	1.0622453055881884
504.8885176053453	0.9276740352251828
504.989064652975	0.8100583156020035
505.0768423669908	0.7072839259989405
505.15346718488826	0.6174949762722376
505.22035217100984	0.5390636185303996
505.27873230760997	0.47056299758781794
505.32968671133773	0.410743173058628
