# Table format: T1D
# table_unit = barA
# axis1_unit = kJ/kg
# axis2_unit = null
# This file was automatically generated by generate_data_files.py
0.1	99
75.45343753736783	55.23949076483625
74.62441055587949	55.19500208570202
73.81219731853724	55.12090384704525
73.0270085060022	55.017284670518954
72.2751371070012	54.8842875199509
71.55852181776223	54.72211433403132
70.87573975311915	54.53102413286085
70.22342555868991	54.31132732178743
69.59743789412352	54.063379005317266
68.99358728651083	53.78757291892947
68.40800335605886	53.48433651454167
67.83727561354284	53.15412717242678
67.27847365599312	52.79742931928792
66.7291120301871	52.41475221513965
66.1870949866938	52.00662821407482
65.65065829657783	51.5736113548433
65.11831557124093	51.11627617987996
64.58881165680366	50.635216713062654
64.06108341060167	50.13104554864842
63.53422722267599	49.604393019025075
63.00747233596253	49.055906419126316
62.48015899703142	48.48624927226439
61.9517205637277	47.896100626747376
61.42166882614238	47.28615437575911
60.8895819272247	46.65711859506872
60.35509438494681	46.00971489452341
59.81788881533576	45.344677780210404
59.27768903538125	44.66275402478038
58.734254288965815	43.96470204381545
58.187374390144015	43.25129127636309
57.63686561873869	42.523301567908554
57.0825672354676	41.781522554136465
56.52433850939998	41.026753043855166
55.962056140144945	40.259800401382755
55.39561210047567	39.481479920789624
54.82491176797535	38.692614194874785
54.24987224645025	37.89403248065441
53.67042093156123	37.08657005387318
53.0864942549933	36.27106755291865
52.49803658046146	35.448370310478985
51.90499922930697	34.61932767130448
51.307339617082356	33.784792294433544
50.70502048551367	32.94561943827095
50.09800921668325	32.1026662269265
49.48627721831368	31.25679089624625
48.86979937070988	30.4088520180198
48.24855352731908	29.559707700860965
47.622520062031406	28.710214766331784
46.99168145731777	27.861227898903717
46.35602192811969	27.013598768413722
45.71552707708999	26.168175123736948
45.070183577361846	25.325799856433527
44.41997887951195	24.48731003322932
43.76490093979711	23.653535896234217
43.104937967094436	22.82529982989464
42.44007818627476	22.003415293768406
41.77030961599378	21.188685720299176
41.09561985910691	20.38190337688278
40.41599590409925	19.583848191646336
39.73142393608884	18.795286542484334
39.04188915610192	18.016970009071965
38.34737560744246	17.2496340877447
37.64786600809083	16.493996869329223
36.943341588159825	15.750757680256442
36.233781931528	15.020595687540204
35.519164820844146	14.30416846849993
34.799465993102245	13.602110539332323
34.07465905294881	12.915031863137875
33.34471542377864	12.243516330867237
32.60960411844049	11.588120200309213
31.869291589684384	10.949370516321203
31.123741580169437	10.327763509981452
30.372914971584077	9.723762981063544
29.61676963245079	9.137798669007939
28.85526026422637	8.570264618425059
28.088338245321776	8.021517546156511
27.315951472692962	7.491875217878009
26.538044200644674	6.981614843591551
25.75455687650171	6.490971502391825
24.96542597277609	6.020136608467426
24.170583815421743	5.569256431726623
23.36995840772923	5.138430688039609
22.56347324931874	4.727711215877352
21.751047149600172	4.337100757922346
20.932594034916143	3.966551868113834
20.108022748413486	3.6159659666367574
19.277236841455036	3.2851925673383042
18.440134355102025	2.974028704074329
17.596607589859282	2.6822185844762454
16.74654286145411	2.4094535014480334
15.88982023994038	2.1553720343783755
15.026313268844104	1.9195605733792804
14.155888660424292	1.70155420082299
13.278405962371615	1.5008379647820425
12.393717190485667	1.3168485786571356
11.501666420962783	1.148976579935637
10.602089335036458	0.9965689786187395
9.694803865309076	0.8589351085704678
8.779653832068625	0.7353368967878201
0.2	99
75.66093899183434	55.23949076483625
75.0371166893557	55.19500208570202
74.42558719579662	55.12090384704525
73.83503678831204	55.017284670518954
73.27092321354255	54.8842875199509
72.73500113908946	54.72211433403132
72.22613369545819	54.53102413286085
71.74150416757674	54.31132732178743
71.27762114313896	54.063379005317266
70.83094705443413	53.78757291892947
70.3982150230386	53.48433651454167
69.97654987892165	53.15412717242678
69.56348508701248	52.79742931928792
69.15693213146764	52.41475221513965
68.7551327997763	52.00662821407482
68.3566091442125	51.5736113548433
67.9601174756235	51.11627617987996
67.56460854759287	50.635216713062654
67.1691941496241	50.13104554864842
66.77311952727355	49.604393019025075
66.37574079215268	49.055906419126316
65.97650647443393	48.48624927226439
65.57494245789637	47.896100626747376
65.17063965359294	47.28615437575911
64.76324388264618	46.65711859506872
64.35244753981335	46.00971489452341
63.9379826942485	45.344677780210404
63.519615352995956	44.66275402478038
63.097140668181915	43.96470204381545
62.670378912980276	43.25129127636309
62.23917208635864	42.523301567908554
61.80338103425663	41.781522554136465
61.36288299673991	41.026753043855166
60.91756948806433	40.259800401382755
60.46734451160255	39.481479920789624
60.01212301649846	38.692614194874785
59.55182952126266	37.89403248065441
59.086396931798625	37.08657005387318
58.615765505971744	36.27106755291865
58.13988194262029	35.448370310478985
57.658698576647055	34.61932767130448
57.17217266488159	33.784792294433544
56.68026574989915	32.94561943827095
56.18294309102463	32.1026662269265
55.68017315344337	31.25679089624625
55.17192714772451	30.4088520180198
54.658178613222375	29.559707700860965
54.138903039776906	28.710214766331784
53.61407752293289	27.861227898903717
53.083680448567975	27.013598768413722
52.547691203376395	26.168175123736948
52.006089908129056	25.325799856433527
51.45885717102463	24.48731003322932
50.90597385878711	23.653535896234217
50.34742088344729	22.82529982989464
49.78317900299248	22.003415293768406
49.21322863427644	21.188685720299176
48.63754967676604	20.38190337688278
48.05612134585466	19.583848191646336
47.468922014613796	18.795286542484334
46.8759290629766	18.016970009071965
46.27711873345542	17.2496340877447
45.67246599259771	16.493996869329223
45.061944397474086	15.750757680256442
44.44552596658186	15.020595687540204
43.82318105462396	14.30416846849993
43.19487811755076	13.602110539332323
42.560583667364014	12.915031863137875
41.920262280046074	12.243516330867237
41.27387638383584	11.588120200309213
40.62138614538109	10.949370516321203
39.962749357625434	10.327763509981452
39.29792132933432	9.723762981063544
38.6268547762046	9.137798669007939
37.949499713572614	8.570264618425059
37.26580335077002	8.021517546156511
36.575709987245695	7.491875217878009
35.87916091056898	6.981614843591551
35.176094296497325	6.490971502391825
34.466445111272186	6.020136608467426
33.750145016298184	5.569256431726623
33.02712227534614	5.138430688039609
32.297301664328344	4.727711215877352
31.560604383617935	4.337100757922346
30.816947972718136	3.966551868113834
30.066246226904276	3.6159659666367574
29.308409115196156	3.2851925673383042
28.543342698689585	2.974028704074329
27.77094904788937	2.6822185844762454
26.99112615718984	2.4094535014480334
26.20376785410764	2.1553720343783755
25.408763700218124	1.9195605733792804
24.605998880068267	1.70155420082299
23.795354073553703	1.5008379647820425
22.97670530654793	1.3168485786571356
22.149923773792263	1.148976579935637
21.31487562750647	0.9965689786187395
20.471407572085226	0.8589351085704678
19.619417327076988	0.7353368967878201
0.3	99
75.86844044630085	55.23949076483625
75.44982282283189	55.19500208570202
75.03897707305603	55.12090384704525
74.64306507062186	55.017284670518954
74.26670932008389	54.8842875199509
73.91148046041671	54.72211433403132
73.57652763779723	54.53102413286085
73.25958277646359	54.31132732178743
72.9578043921544	54.063379005317266
72.66830682235744	53.78757291892947
72.38842669001835	53.48433651454167
72.11582414430045	53.15412717242678
71.84849651803182	52.79742931928792
71.58475223274817	52.41475221513965
71.32317061285882	52.00662821407482
71.06255999184717	51.5736113548433
70.80191938000608	51.11627617987996
70.54040543838208	50.635216713062654
70.27730488864654	50.13104554864842
70.0120118318711	49.604393019025075
69.74400924834286	49.055906419126316
69.47285395183646	48.48624927226439
69.19816435206502	47.896100626747376
68.91961048104349	47.28615437575911
68.63690583806765	46.65711859506872
68.34980069467989	46.00971489452341
68.0580765731612	45.344677780210404
67.76154167061067	44.66275402478038
67.460027047398	43.96470204381545
67.15338343581655	43.25129127636309
66.84147855397859	42.523301567908554
66.52419483304567	41.781522554136465
66.20142748407984	41.026753043855166
65.87308283598374	40.259800401382755
65.53907692272942	39.481479920789624
65.19933426502156	38.692614194874785
64.85378679607507	37.89403248065441
64.50237293203602	37.08657005387318
64.14503675695019	36.27106755291865
63.781727304779125	35.448370310478985
63.412397923987136	34.61932767130448
63.037005712680845	33.784792294433544
62.65551101428461	32.94561943827095
62.26787696536601	32.1026662269265
61.87406908857307	31.25679089624625
61.47405492473916	30.4088520180198
61.06780369912567	29.559707700860965
60.65528601752242	28.710214766331784
60.236473588547994	27.861227898903717
59.81133896901626	27.013598768413722
59.37985532966282	26.168175123736948
58.94199623889628	25.325799856433527
58.49773546253731	24.48731003322932
58.04704677777709	23.653535896234217
57.58990379980015	22.82529982989464
57.126279819710184	22.003415293768406
56.6561476525591	21.188685720299176
56.179479494425166	20.38190337688278
55.696246787610065	19.583848191646336
55.206420093138746	18.795286542484334
54.70996896985129	18.016970009071965
54.206861859468376	17.2496340877447
53.6970659771046	16.493996869329223
53.18054720678835	15.750757680256442
52.65727000163574	15.020595687540204
52.12719728840377	14.30416846849993
51.590290241999256	13.602110539332323
51.04650828177921	12.915031863137875
50.495809136313504	12.243516330867237
49.93814864923121	11.588120200309213
49.37348070107779	10.949370516321203
48.801757135081424	10.327763509981452
48.22292768708458	9.723762981063544
47.6369399199584	9.137798669007939
47.04373916291886	8.570264618425059
46.44326845621826	8.021517546156511
45.835468501798445	7.491875217878009
45.220277620493285	6.981614843591551
44.59763171649291	6.490971502391825
43.967464249768284	6.020136608467426
43.32970621717463	5.569256431726623
42.68428614296304	5.138430688039609
42.03113007933796	4.727711215877352
41.37016161763569	4.337100757922346
40.70130191052013	3.966551868113834
40.024469705395056	3.6159659666367574
39.33958138893727	3.2851925673383042
38.64655104227713	2.974028704074329
37.94529050591945	2.6822185844762454
37.23570945292556	2.4094535014480334
36.517715468274886	2.1553720343783755
35.79121413159215	1.9195605733792804
35.05610909971223	1.70155420082299
34.3123021847358	1.5008379647820425
33.55969342261019	1.3168485786571356
32.79818112662174	1.148976579935637
32.02766191997648	0.9965689786187395
31.248011278861362	0.8589351085704678
30.45918082208536	0.7353368967878201
0.4	99
76.07594190076738	55.23949076483625
75.86252895630807	55.19500208570202
75.65236695031541	55.12090384704525
75.45109335293168	55.017284670518954
75.26249542662524	54.8842875199509
75.08795978174395	54.72211433403132
74.92692158013628	54.53102413286085
74.77766138535044	54.31132732178743
74.63798764116983	54.063379005317266
74.50566659028074	53.78757291892947
74.37863835699808	53.48433651454167
74.25509840967925	53.15412717242678
74.13350794905118	52.79742931928792
74.01257233402872	52.41475221513965
73.89120842594134	52.00662821407482
73.76851083948182	51.5736113548433
73.64372128438868	51.11627617987996
73.51620232917128	50.635216713062654
73.38541562766898	50.13104554864842
73.25090413646866	49.604393019025075
73.112277704533	49.055906419126316
72.96920142923896	48.48624927226439
72.82138624623369	47.896100626747376
72.66858130849404	47.28615437575911
72.51056779348913	46.65711859506872
72.34715384954644	46.00971489452341
72.17817045207394	45.344677780210404
72.00346798822538	44.66275402478038
71.82291342661411	43.96470204381545
71.63638795865282	43.25129127636309
71.44378502159856	42.523301567908554
71.24500863183471	41.781522554136465
71.03997197141977	41.026753043855166
70.82859618390312	40.259800401382755
70.6108093338563	39.481479920789624
70.38654551354463	38.692614194874785
70.15574407088747	37.89403248065441
69.9183489322734	37.08657005387318
69.67430800792863	36.27106755291865
69.42357266693796	35.448370310478985
69.16609727132722	34.61932767130448
68.9018387604801	33.784792294433544
68.63075627867009	32.94561943827095
68.35281083970739	32.1026662269265
68.06796502370277	31.25679089624625
67.77618270175378	30.4088520180198
67.47742878502896	29.559707700860965
67.17166899526794	28.710214766331784
66.85886965416312	27.861227898903717
66.53899748946456	27.013598768413722
66.21201945594923	26.168175123736948
65.87790256966349	25.325799856433527
65.53661375405	24.48731003322932
65.18811969676709	23.653535896234217
64.832386716153	22.82529982989464
64.46938063642791	22.003415293768406
64.09906667084176	21.188685720299176
63.721409312084305	20.38190337688278
63.33637222936547	19.583848191646336
62.9439181716637	18.795286542484334
62.544008876725975	18.016970009071965
62.136604985481334	17.2496340877447
61.72166596161148	16.493996869329223
61.299150016102615	15.750757680256442
60.8690140366896	15.020595687540204
60.431213522183576	14.30416846849993
59.985702366447775	13.602110539332323
59.53243289619443	12.915031863137875
59.07135599258095	12.243516330867237
58.60242091462656	11.588120200309213
58.125575256774496	10.949370516321203
57.64076491253742	10.327763509981452
57.14793404483483	9.723762981063544
56.64702506371222	9.137798669007939
56.13797861226511	8.570264618425059
55.62073356166651	8.021517546156511
55.095227016351195	7.491875217878009
54.561394330417606	6.981614843591551
54.019169136488514	6.490971502391825
53.46848338826438	6.020136608467426
52.90926741805108	5.569256431726623
52.34145001057996	5.138430688039609
51.764958494347574	4.727711215877352
51.17971885165345	4.337100757922346
50.585655848322126	3.966551868113834
49.98269318388586	3.6159659666367574
49.37075366267837	3.2851925673383042
48.7497593858647	2.974028704074329
48.119631963949544	2.6822185844762454
47.480292748661306	2.4094535014480334
46.831663082442155	2.1553720343783755
46.173664562966174	1.9195605733792804
45.5062193193562	1.70155420082299
44.82925029591788	1.5008379647820425
44.14268153867246	1.3168485786571356
43.44643847945122	1.148976579935637
42.74044821244648	0.9965689786187395
42.02461498563752	0.8589351085704678
41.29894431709373	0.7353368967878201
0.5	99
76.28344335523387	55.23949076483625
76.27523508978429	55.19500208570202
76.26575682757479	55.12090384704525
76.25912163524153	55.017284670518954
76.25828153316658	54.8842875199509
76.2644391030712	54.72211433403132
76.27731552247533	54.53102413286085
76.29573999423727	54.31132732178743
76.31817089018529	54.063379005317266
76.34302635820406	53.78757291892947
76.36885002397784	53.48433651454167
76.39437267505805	53.15412717242678
76.41851938007055	52.79742931928792
76.44039243530926	52.41475221513965
76.45924623902386	52.00662821407482
76.47446168711649	51.5736113548433
76.48552318877124	51.11627617987996
76.49199921996049	50.635216713062654
76.49352636669141	50.13104554864842
76.48979644106622	49.604393019025075
76.48054616072316	49.055906419126316
76.46554890664149	48.48624927226439
76.44460814040235	47.896100626747376
76.4175521359446	47.28615437575911
76.3842297489106	46.65711859506872
76.34450700441297	46.00971489452341
76.29826433098665	45.344677780210404
76.24539430584008	44.66275402478038
76.18579980583019	43.96470204381545
76.1193924814891	43.25129127636309
76.04609148921851	42.523301567908554
75.96582243062375	41.781522554136465
75.8785164587597	41.026753043855166
75.78410953182252	40.259800401382755
75.68254174498315	39.481479920789624
75.57375676206776	38.692614194874785
75.45770134569987	37.89403248065441
75.33432493251082	37.08657005387318
75.20357925890707	36.27106755291865
75.06541802909679	35.448370310478985
74.9197966186673	34.61932767130448
74.76667180827937	33.784792294433544
74.60600154305556	32.94561943827095
74.43774471404876	32.1026662269265
74.26186095883246	31.25679089624625
74.07831047876842	30.4088520180198
73.88705387093226	29.559707700860965
73.68805197301344	28.710214766331784
73.48126571977822	27.861227898903717
73.26665600991284	27.013598768413722
73.04418358223563	26.168175123736948
72.8138089004307	25.325799856433527
72.57549204556265	24.48731003322932
72.32919261575707	23.653535896234217
72.07486963250584	22.82529982989464
71.81248145314562	22.003415293768406
71.54198568912442	21.188685720299176
71.26333912974343	20.38190337688278
70.97649767112088	19.583848191646336
70.68141625018865	18.795286542484334
70.37804878360066	18.016970009071965
70.06634811149429	17.2496340877447
69.74626594611836	16.493996869329223
69.41775282541685	15.750757680256442
69.08075807174346	15.020595687540204
68.73522975596339	14.30416846849993
68.38111449089628	13.602110539332323
68.0183575106096	12.915031863137875
67.64690284884837	12.243516330867237
67.26669318002192	11.588120200309213
66.8776698124712	10.949370516321203
66.47977268999342	10.327763509981452
66.07294040258508	9.723762981063544
65.65711020746605	9.137798669007939
65.23221806161135	8.570264618425059
64.79819866711476	8.021517546156511
64.35498553090393	7.491875217878009
63.90251104034191	6.981614843591551
63.440706556484116	6.490971502391825
62.96950252676048	6.020136608467426
62.48882861892751	5.569256431726623
61.998613878196856	5.138430688039609
61.49878690935718	4.727711215877352
60.989276085671214	4.337100757922346
60.470009786124116	3.966551868113834
59.94091666237666	3.6159659666367574
59.401925936419495	3.2851925673383042
58.852967729452246	2.974028704074329
58.29397342197963	2.6822185844762454
57.72487604439702	2.4094535014480334
57.14561069660941	2.1553720343783755
56.5561149943402	1.9195605733792804
55.95632953900017	1.70155420082299
55.34619840709997	1.5008379647820425
54.72566965473472	1.3168485786571356
54.09469583228069	1.148976579935637
53.45323450491648	0.9965689786187395
52.80121869241367	0.8589351085704678
52.1387078121021	0.7353368967878201
0.6	99
76.4909448097004	55.23949076483625
76.68794122326047	55.19500208570202
76.87914670483417	55.12090384704525
77.06714991755135	55.017284670518954
77.25406763970793	54.8842875199509
77.44091842439843	54.72211433403132
77.62770946481437	54.53102413286085
77.81381860312412	54.31132732178743
77.99835413920073	54.063379005317266
78.18038612612737	53.78757291892947
78.35906169095757	53.48433651454167
78.53364694043687	53.15412717242678
78.70353081108989	52.79742931928792
78.86821253658978	52.41475221513965
79.02728405210637	52.00662821407482
79.18041253475114	51.5736113548433
79.32732509315382	51.11627617987996
79.46779611074972	50.635216713062654
79.60163710571383	50.13104554864842
79.72868874566379	49.604393019025075
79.84881461691333	49.055906419126316
79.96189638404401	48.48624927226439
80.06783003457102	47.896100626747376
80.16652296339517	47.28615437575911
80.25789170433205	46.65711859506872
80.3418601592795	46.00971489452341
80.41835820989938	45.344677780210404
80.48732062345478	44.66275402478038
80.54868618504631	43.96470204381545
80.60239700432535	43.25129127636309
80.64839795683845	42.523301567908554
80.68663622941276	41.781522554136465
80.71706094609964	41.026753043855166
80.73962287974192	40.259800401382755
80.75427415611004	39.481479920789624
80.76096801059084	38.692614194874785
80.75965862051228	37.89403248065441
80.75030093274822	37.08657005387318
80.73285050988552	36.27106755291865
80.70726339125564	35.448370310478985
80.67349596600738	34.61932767130448
80.6315048560786	33.784792294433544
80.58124680744105	32.94561943827095
80.52267858839015	32.1026662269265
80.45575689396215	31.25679089624625
80.38043825578305	30.4088520180198
80.29667895683554	29.559707700860965
80.20443495075894	28.710214766331784
80.10366178539336	27.861227898903717
79.99431453036114	27.013598768413722
79.87634770852203	26.168175123736948
79.74971523119794	25.325799856433527
79.61437033707536	24.48731003322932
79.47026553474707	23.653535896234217
79.31735254885872	22.82529982989464
79.15558226986334	22.003415293768406
78.98490470740705	21.188685720299176
78.80526894740257	20.38190337688278
78.6166231128763	19.583848191646336
78.41891432871358	18.795286542484334
78.21208869047534	18.016970009071965
77.99609123750726	17.2496340877447
77.77086593062523	16.493996869329223
77.53635563473112	15.750757680256442
77.29250210679733	15.020595687540204
77.0392459897432	14.30416846849993
76.77652661534479	13.602110539332323
76.50428212502482	12.915031863137875
76.2224497051158	12.243516330867237
75.93096544541729	11.588120200309213
75.6297643681679	10.949370516321203
75.31878046744941	10.327763509981452
74.99794676033534	9.723762981063544
74.66719535121982	9.137798669007939
74.32645751095761	8.570264618425059
73.97566377256301	8.021517546156511
73.61474404545666	7.491875217878009
73.24362775026621	6.981614843591551
72.86224397647973	6.490971502391825
72.47052166525658	6.020136608467426
72.06838981980397	5.569256431726623
71.65577774581375	5.138430688039609
71.23261532436679	4.727711215877352
70.79883331968895	4.337100757922346
70.3543637239261	3.966551868113834
69.89914014086744	3.6159659666367574
69.4330982101606	3.2851925673383042
68.9561760730398	2.974028704074329
68.46831488000971	2.6822185844762454
67.96945934013274	2.4094535014480334
67.45955831077666	2.1553720343783755
66.93856542571422	1.9195605733792804
66.40643975864415	1.70155420082299
65.86314651828206	1.5008379647820425
65.30865777079698	1.3168485786571356
64.74295318511017	1.148976579935637
64.1660207973865	0.9965689786187395
63.57782239918981	0.8589351085704678
62.97847130711046	0.7353368967878201
0.7	99
76.69844626416689	55.23949076483625
77.10064735673666	55.19500208570202
77.49253658209355	55.12090384704525
77.87517819986118	55.017284670518954
78.24985374624927	54.8842875199509
78.61739774572567	54.72211433403132
78.97810340715343	54.53102413286085
79.33189721201096	54.31132732178743
79.67853738821618	54.063379005317266
80.01774589405068	53.78757291892947
80.34927335793734	53.48433651454167
80.67292120581567	53.15412717242678
80.98854224210925	52.79742931928792
81.29603263787033	52.41475221513965
81.5953218651889	52.00662821407482
81.8863633823858	51.5736113548433
82.1691269975364	51.11627617987996
82.44359300153891	50.635216713062654
82.70974784473627	50.13104554864842
82.96758105026134	49.604393019025075
83.2170830731035	49.055906419126316
83.45824386144652	48.48624927226439
83.69105192873968	47.896100626747376
83.91549379084572	47.28615437575911
84.13155365975355	46.65711859506872
84.33921331414605	46.00971489452341
84.53845208881211	45.344677780210404
84.72924694106949	44.66275402478038
84.9115725642624	43.96470204381545
85.08540152716162	43.25129127636309
85.2507044244584	42.523301567908554
85.40745002820178	41.781522554136465
85.55560543343958	41.026753043855166
85.69513622766131	40.259800401382755
85.8260065672369	39.481479920789624
85.94817925911394	38.692614194874785
86.06161589532469	37.89403248065441
86.16627693298561	37.08657005387318
86.26212176086398	36.27106755291865
86.34910875341447	35.448370310478985
86.42719531334747	34.61932767130448
86.49633790387787	33.784792294433544
86.5564920718265	32.94561943827095
86.60761246273151	32.1026662269265
86.64965282909186	31.25679089624625
86.68256603279767	30.4088520180198
86.70630404273882	29.559707700860965
86.72081792850445	28.710214766331784
86.72605785100848	27.861227898903717
86.72197305080941	27.013598768413722
86.70851183480845	26.168175123736948
86.68562156196515	25.325799856433527
86.65324862858802	24.48731003322932
86.61133845373708	23.653535896234217
86.55983546521156	22.82529982989464
86.49868308658105	22.003415293768406
86.42782372568972	21.188685720299176
86.34719876506169	20.38190337688278
86.25674855463168	19.583848191646336
86.15641240723856	18.795286542484334
86.04612859735003	18.016970009071965
85.9258343635202	17.2496340877447
85.79546591513213	16.493996869329223
85.65495844404538	15.750757680256442
85.50424614185118	15.020595687540204
85.343262223523	14.30416846849993
85.1719387397933	13.602110539332323
84.99020673944001	12.915031863137875
84.79799656138326	12.243516330867237
84.59523771081264	11.588120200309213
84.3818589238646	10.949370516321203
84.15778824490542	10.327763509981452
83.92295311808559	9.723762981063544
83.67728049497364	9.137798669007939
83.42069696030387	8.570264618425059
83.15312887801123	8.021517546156511
82.8745025600094	7.491875217878009
82.58474446019052	6.981614843591551
82.28378139647533	6.490971502391825
81.97154080375267	6.020136608467426
81.6479510206804	5.569256431726623
81.31294161343067	5.138430688039609
80.96644373937642	4.727711215877352
80.60839055370671	4.337100757922346
80.23871766172812	3.966551868113834
79.85736361935822	3.6159659666367574
79.4642704839017	3.2851925673383042
79.05938441662738	2.974028704074329
78.6426563380398	2.6822185844762454
78.21404263586848	2.4094535014480334
77.77350592494392	2.1553720343783755
77.32101585708823	1.9195605733792804
76.85654997828811	1.70155420082299
76.38009462946415	1.5008379647820425
75.89164588685927	1.3168485786571356
75.39121053793964	1.148976579935637
74.8788070898565	0.9965689786187395
74.35442610596596	0.8589351085704678
73.8182348021188	0.7353368967878201
0.8	99
76.90594771863341	55.23949076483625
77.51335349021286	55.19500208570202
78.10592645935296	55.12090384704525
78.68320648217099	55.017284670518954
79.24563985279062	54.8842875199509
79.7938770670529	54.72211433403132
80.32849734949247	54.53102413286085
80.8499758208978	54.31132732178743
81.3587206372316	54.063379005317266
81.85510566197397	53.78757291892947
82.33948502491708	53.48433651454167
82.81219547119449	53.15412717242678
83.2735536731286	52.79742931928792
83.72385273915087	52.41475221513965
84.1633596782714	52.00662821407482
84.59231423002045	51.5736113548433
85.01092890191899	51.11627617987996
85.41938989232813	50.635216713062654
85.81785858375872	50.13104554864842
86.2064733548589	49.604393019025075
86.58535152929365	49.055906419126316
86.95459133884904	48.48624927226439
87.31427382290835	47.896100626747376
87.66446461829626	47.28615437575911
88.00521561517499	46.65711859506872
88.3365664690126	46.00971489452341
88.65854596772483	45.344677780210404
88.97117325868422	44.66275402478038
89.2744589434785	43.96470204381545
89.56840604999789	43.25129127636309
89.85301089207837	42.523301567908554
90.12826382699083	41.781522554136465
90.3941499207795	41.026753043855166
90.6506495755807	40.259800401382755
90.89773897836379	39.481479920789624
91.13539050763706	38.692614194874785
91.3635731701371	37.89403248065441
91.582252933223	37.08657005387318
91.79139301184242	36.27106755291865
91.99095411557332	35.448370310478985
92.18089466068754	34.61932767130448
92.36117095167711	33.784792294433544
92.53173733621199	32.94561943827095
92.69254633707288	32.1026662269265
92.84354876422157	31.25679089624625
92.98469380981233	30.4088520180198
93.11592912864212	29.559707700860965
93.23720090624994	28.710214766331784
93.34845391662357	27.861227898903717
93.44963157125771	27.013598768413722
93.54067596109488	26.168175123736948
93.62152789273237	25.325799856433527
93.69212692010069	24.48731003322932
93.7524113727271	23.653535896234217
93.80231838156442	22.82529982989464
93.84178390329879	22.003415293768406
93.8707427439724	21.188685720299176
93.88912858272083	20.38190337688278
93.8968739963871	19.583848191646336
93.8939104857635	18.795286542484334
93.88016850422471	18.016970009071965
93.85557748953318	17.2496340877447
93.82006589963899	16.493996869329223
93.77356125335966	15.750757680256442
93.71599017690507	15.020595687540204
93.64727845730283	14.30416846849993
93.56735086424177	13.602110539332323
93.47613135385525	12.915031863137875
93.3735434176507	12.243516330867237
93.259509976208	11.588120200309213
93.1339534795613	10.949370516321203
92.99679602236141	10.327763509981452
92.84795947583585	9.723762981063544
92.68736563872747	9.137798669007939
92.5149364096501	8.570264618425059
92.3305939834595	8.021517546156511
92.13426107456215	7.491875217878009
91.92586117011484	6.981614843591551
91.70531881647092	6.490971502391825
91.4725599422488	6.020136608467426
91.22751222155686	5.569256431726623
90.9701054810476	5.138430688039609
90.70027215438603	4.727711215877352
90.4179477877245	4.337100757922346
90.1230715995301	3.966551868113834
89.81558709784902	3.6159659666367574
89.49544275764283	3.2851925673383042
89.16259276021492	2.974028704074329
88.81699779606988	2.6822185844762454
88.4586259316042	2.4094535014480334
88.08745353911117	2.1553720343783755
87.7034662884623	1.9195605733792804
87.30666019793209	1.70155420082299
86.89704274064624	1.5008379647820425
86.47463400292152	1.3168485786571356
86.03946789076912	1.148976579935637
85.5915933823265	0.9965689786187395
85.13102981274211	0.8589351085704678
84.65799829712718	0.7353368967878201
0.9	99
77.11344917309992	55.23949076483625
77.92605962368906	55.19500208570202
78.71931633661234	55.12090384704525
79.49123476448082	55.017284670518954
80.24142595933196	54.8842875199509
80.97035638838014	54.72211433403132
81.6788912918315	54.53102413286085
82.36805442978465	54.31132732178743
83.03890388624706	54.063379005317266
83.69246542989727	53.78757291892947
84.32969669189683	53.48433651454167
84.95146973657329	53.15412717242678
85.55856510414796	52.79742931928792
86.15167284043142	52.41475221513965
86.73139749135393	52.00662821407482
87.29826507765515	51.5736113548433
87.85273080630155	51.11627617987996
88.39518678311732	50.635216713062654
88.92596932278116	50.13104554864842
89.44536565945646	49.604393019025075
89.95361998548381	49.055906419126316
90.45093881625155	48.48624927226439
90.93749571707701	47.896100626747376
91.41343544574683	47.28615437575911
91.87887757059649	46.65711859506872
92.33391962387914	46.00971489452341
92.77863984663756	45.344677780210404
93.2130995762989	44.66275402478038
93.63734532269463	43.96470204381545
94.05141057283419	43.25129127636309
94.45531735969833	42.523301567908554
94.84907762577986	41.781522554136465
95.23269440811946	41.026753043855166
95.6061629235001	40.259800401382755
95.96947138949065	39.481479920789624
96.32260175616014	38.692614194874785
96.66553044494948	37.89403248065441
96.9982289334604	37.08657005387318
97.32066426282088	36.27106755291865
97.63279947773215	35.448370310478985
97.93459400802762	34.61932767130448
98.22600399947635	33.784792294433544
98.50698260059745	32.94561943827095
98.77748021141429	32.1026662269265
99.03744469935123	31.25679089624625
99.28682158682696	30.4088520180198
99.52555421454542	29.559707700860965
99.75358388399546	28.710214766331784
99.9708499822387	27.861227898903717
100.17729009170597	27.013598768413722
100.37284008738129	26.168175123736948
100.55743422349958	25.325799856433527
100.73100521161338	24.48731003322932
100.89348429171707	23.653535896234217
101.04480129791727	22.82529982989464
101.18488472001648	22.003415293768406
101.31366176225502	21.188685720299176
101.43105840037995	20.38190337688278
101.53699943814253	19.583848191646336
101.63140856428846	18.795286542484334
101.71420841109943	18.016970009071965
101.78532061554613	17.2496340877447
101.84466588414587	16.493996869329223
101.89216406267391	15.750757680256442
101.92773421195893	15.020595687540204
101.95129469108262	14.30416846849993
101.9627629886903	13.602110539332323
101.96205596827045	12.915031863137875
101.94909027391812	12.243516330867237
101.92378224160336	11.588120200309213
101.886048035258	10.949370516321203
101.83580379981743	10.327763509981452
101.77296583358608	9.723762981063544
101.69745078248124	9.137798669007939
101.60917585899635	8.570264618425059
101.50805908890774	8.021517546156511
101.3940195891149	7.491875217878009
101.26697788003916	6.981614843591551
101.12685623646652	6.490971502391825
100.9735790807449	6.020136608467426
100.80707342243329	5.569256431726623
100.62726934866448	5.138430688039609
100.43410056939564	4.727711215877352
100.22750502174225	4.337100757922346
100.00742553733211	3.966551868113834
99.7738105763398	3.6159659666367574
99.52661503138394	3.2851925673383042
99.26580110380249	2.974028704074329
98.99133925409996	2.6822185844762454
98.70320922733993	2.4094535014480334
98.40140115327844	2.1553720343783755
98.0859167198363	1.9195605733792804
97.75677041757605	1.70155420082299
97.41399085182832	1.5008379647820425
97.0576221189838	1.3168485786571356
96.6877252435986	1.148976579935637
96.30437967479654	0.9965689786187395
95.90763351951827	0.8589351085704678
95.49776179213558	0.7353368967878201
