# Table format: T1D
# table_unit = barA
# axis1_unit = kJ/kg
# axis2_unit = null
# This file was automatically generated by generate_data_files.py
0.1	99
332.07283588889015	73.82778685308915
329.3631728696693	73.78145056938914
326.8280572138808	73.70439032699241
324.46920598393785	73.5968280780156
322.2695950440694	73.4590357689677
320.20530826802275	73.2913194727033
318.2523054425362	73.09401008349207
316.3892030041172	72.86745823510539
314.5979615931507	72.6120315508277
312.8637011553838	72.328113113808
311.17423935831874	72.01610057212642
309.51960086645033	71.67640557890671
307.8915839578344	71.30945341322038
306.2834043284139	70.91568270037963
304.68941140022065	70.49554518746099
303.1048653270206	70.0495055491222
301.5257623815162	69.57804120948111
299.94869806960924	69.08164217123944
298.37075940227413	68.56081084690119
296.78943966126695	68.01606188855725
295.2025705526979	67.44792201414191
293.60826786029924	66.85692982851889
292.0048876367927	66.2436356385129
290.3909906728874	65.60860126090037
288.76531350906583	64.95239982295426
287.126744651847	64.27561555485295
285.4743049545697	63.578843573646566
283.80713134899406	62.862689658168
282.1244632861861	62.12777001460384
280.42563137681486	61.37471103203374
278.71004782246314	60.60414902758514
276.97719830818886	59.81672998042344
275.22663508758006	59.01310925400625
273.457970989825	58.193951307307174
271.6708743341815	57.35992938977221
269.86506445315064	56.51172522197925
268.0403076299845	55.650028663990774
266.19641350072845	54.7755373661878
264.33323177093894	53.88895640271232
262.4506491713765	52.99099788668235
260.54858658955243	52.082380565915464
258.626996324869	51.16382939825832
256.6858594245534	50.23607510535332
254.72518306642823	49.299853704045695
252.74499796234255	48.3559060145015
250.74535576349845	47.40497714437033
248.72632645504802	46.447815948460374
246.68799573377947	45.48517446344791
244.63046236734263	44.51780731759478
242.55383553833414	43.54647111530583
240.4582321801273	42.57192379692861
238.34377431429618	41.59492397417153
236.21058640165404	40.61623024187005
234.05879272023955	39.636600466824
231.88851478419124	38.656791055078905
229.6998688172038	37.67755619862236
227.49296360061552	36.69964710302086
225.26789656051577	35.72381119755792
223.02475454188985	34.750791329334476
220.7636085517104	33.78132494331497
218.48451319796422	32.816143249659426
216.18750439745503	31.855970380511373
213.87259749543497	30.90152253755772
211.53978549016708	29.953507132314996
209.18903735933048	29.0126219207623
206.8202964841451	28.079554133741798
204.4334791035987	27.15497960173759
202.02847296290466	26.239561883154177
199.60513607088927	25.33395139484657
197.1632954147038	24.4387845377916
194.7027458095579	23.55468282797229
192.22324883276593	22.68225203091698
189.7245318505467	21.822081301261345
187.20628715233823	20.97474232830193
184.66817121521495	20.14078848853855
182.10980413079886	19.320754006664636
179.530769238848	18.51515312576298
176.93061302580386	17.72447928808969
174.30884536350078	16.94920432779013
171.6649401825843	16.18977767669149
168.99833669808078	15.446625584912638
166.3084413296313	14.72015035734991
163.59463048761077	14.01072960834344
160.85625442552325	13.318715535531355
158.09264238995937	12.644434215178642
155.30310932645378	11.988184920346045
152.48696442151692	11.35023946427434
149.64352176894445	10.73084156976595
146.7721134358116	10.130206266818025
143.87210515623389	9.548519319369548
140.94291478341188	8.985936681586029
137.984033463863	8.442583984346134
134.99504923674903	7.918556051118401
131.97567238476643	7.413916441459114
128.92576135069967	6.9286970203679346
125.84534745882988	6.46289754963259
122.73465525919651	6.016485298067015
119.59411670162271	5.589394665906542
116.4243720493658	5.181526820894554
0.2	99
332.7939724345496	73.82778685308915
330.7870125068493	73.78145056938914
328.9229267600788	73.70439032699241
327.19825722426367	73.5968280780156
325.596313288012	73.4590357689677
324.096331709691	73.2913194727033
322.678360513382	73.09401008349207
321.32507492679804	72.86745823510539
320.0220780159171	72.6120315508277
318.75761563325	72.328113113808
317.5221358470895	72.01610057212642
316.3078608125639	71.67640557890671
315.1084232606696	71.30945341322038
313.91857436685103	70.91568270037963
312.73395447084397	70.49554518746099
311.5509147182199	70.0495055491222
310.3663784871125	69.57804120948111
309.17773342092977	69.08164217123944
307.9827468832343	68.56081084690119
306.7794993475005	68.01606188855725
305.5663315692825	67.44792201414191
304.34180240847405	66.85692982851889
303.10465493275717	66.2436356385129
301.85378900467435	65.60860126090037
300.5882389791143	64.95239982295426
299.3071554558678	64.27561555485295
298.0097902697452	63.578843573646566
296.69548408020376	62.862689658168
295.36365605832725	62.12777001460384
294.01379527271416	61.37471103203374
292.64545345530524	60.60414902758514
291.2582388897586	59.81672998042344
289.85181121250423	59.01310925400625
288.4258769411346	58.193951307307174
286.98018563794164	57.35992938977221
285.51452653437514	56.51172522197925
284.0287255108186	55.650028663990774
282.52264239141357	54.7755373661878
280.99616846407713	53.88895640271232
279.4492241660618	52.99099788668235
277.88175688544504	52.082380565915464
276.29373883751117	51.16382939825832
274.6851649825822	50.23607510535332
273.05605095900006	49.299853704045695
271.40643101129916	48.3559060145015
269.7363558996489	47.40497714437033
268.0458907817599	46.447815948460374
266.33511306374015	45.48517446344791
264.6041102202562	44.51780731759478
262.85297758839675	43.54647111530583
261.0818161425878	42.57192379692861
259.2907302603771	41.59492397417153
257.47982549065784	40.61623024187005
255.649206336931	39.636600466824
253.79897406867718	38.656791055078905
251.9292245735464	37.67755619862236
250.0400465353514	36.69964710302086
248.13151803997263	35.72381119755792
246.2037073411242	34.750791329334476
244.2566682591463	33.78132494331497
242.29043974822824	32.816143249659426
240.30504391936674	31.855970380511373
238.3004844242455	30.90152253755772
236.27674492754304	29.953507132314996
234.23378766520943	29.0126219207623
232.17155208528976	28.079554133741798
230.0899535330968	27.15497960173759
227.98888206194746	26.239561883154177
225.86820133727593	25.33395139484657
223.7277475428253	24.4387845377916
221.5673283822852	23.55468282797229
219.3867221531469	22.68225203091698
217.1856769005489	21.822081301261345
214.96390966447026	20.97474232830193
212.7211058405354	20.14078848853855
210.4569186835158	19.320754006664636
208.1709689929219	18.51515312576298
205.86284503270687	17.72447928808969
203.53210275211933	16.94920432779013
201.17826639185427	16.18977767669149
198.80082958010183	15.446625584912638
196.39925704518788	14.72015035734991
193.97298709729355	14.01072960834344
191.5214350573207	13.318715535531355
189.04399783876093	12.644434215178642
186.54005991222957	11.988184920346045
184.00900090219147	11.35023946427434
181.45020507195173	10.73084156976595
178.86307294232392	10.130206266818025
176.24703524715005	9.548519319369548
173.60156934223374	8.985936681586029
170.92621803677295	8.442583984346134
168.22061058443214	7.918556051118401
165.48448523687682	7.413916441459114
162.71771230806598	6.9286970203679346
159.92031627567502	6.46289754963259
157.09249347208058	6.016485298067015
154.23462564179223	5.589394665906542
151.34727995685668	5.181526820894554
0.3	99
333.51510898020905	73.82778685308915
332.2108521440292	73.78145056938914
331.01779630627664	73.70439032699241
329.9273084645896	73.5968280780156
328.9230315319547	73.4590357689677
327.98735515135934	73.2913194727033
327.10441558422764	73.09401008349207
326.2609468494789	72.86745823510539
325.4461944386835	72.6120315508277
324.6515301111162	72.328113113808
323.8700323358602	72.01610057212642
323.09612075867756	71.67640557890671
322.32526256350474	71.30945341322038
321.5537444052881	70.91568270037963
320.7784975414672	70.49554518746099
319.99696410941925	70.0495055491222
319.20699459270884	69.57804120948111
318.4067687722503	69.08164217123944
317.59473436419444	68.56081084690119
316.7695590337339	68.01606188855725
315.9300925858671	67.44792201414191
315.0753369566489	66.85692982851889
314.2044222287217	66.2436356385129
313.3165873364613	65.60860126090037
312.41116444916275	64.95239982295426
311.4875662598887	64.27561555485295
310.5452755849208	63.578843573646566
309.5838368114136	62.862689658168
308.60284883046836	62.12777001460384
307.60195916861346	61.37471103203374
306.58085908814735	60.60414902758514
305.5392794713283	59.81672998042344
304.47698733742834	59.01310925400625
303.3937828924442	58.193951307307174
302.2894969417017	57.35992938977221
301.1639886155997	56.51172522197925
300.01714339165267	55.650028663990774
298.8488712820987	54.7755373661878
297.65910515721527	53.88895640271232
296.4477991607471	52.99099788668235
295.2149271813376	52.082380565915464
293.9604813501534	51.16382939825832
292.68447054061096	50.23607510535332
291.3869188515719	49.299853704045695
290.0678640602558	48.3559060145015
288.7273560357994	47.40497714437033
287.3654551084718	46.447815948460374
285.9822303937009	45.48517446344791
284.5777580731698	44.51780731759478
283.1521196384594	43.54647111530583
281.7054001050483	42.57192379692861
280.237686206458	41.59492397417153
278.7490645796616	40.61623024187005
277.2396199536224	39.636600466824
275.7094333531631	38.656791055078905
274.15858032988905	37.67755619862236
272.5871294700872	36.69964710302086
270.9951395194295	35.72381119755792
269.3826601403585	34.750791329334476
267.7497279665822	33.78132494331497
266.0963662984922	32.816143249659426
264.42258344127845	31.855970380511373
262.728371353056	30.90152253755772
261.013704364919	29.953507132314996
259.27853797108844	29.0126219207623
257.5228076864345	28.079554133741798
255.74642796259494	27.15497960173759
253.94929116099024	26.239561883154177
252.13126660366262	25.33395139484657
250.29219967094681	24.4387845377916
248.43191095501257	23.55468282797229
246.55019547352788	22.68225203091698
244.64682195055113	21.822081301261345
242.7215321766023	20.97474232830193
240.77404046585582	20.14078848853855
238.80403323623278	19.320754006664636
236.81116874699583	18.51515312576298
234.79507703960988	17.72447928808969
232.75536014073788	16.94920432779013
230.69159260112426	16.18977767669149
228.60332246212286	15.446625584912638
226.49007276074437	14.72015035734991
224.35134370697634	14.01072960834344
222.18661568911816	13.318715535531355
219.99535328756247	12.644434215178642
217.7770104980053	11.988184920346045
215.53103738286603	11.35023946427434
213.25688837495895	10.73084156976595
210.95403244883627	10.130206266818025
208.62196533806625	9.548519319369548
206.26022390105553	8.985936681586029
203.86840260968285	8.442583984346134
201.44617193211522	7.918556051118401
198.99329808898713	7.413916441459114
196.50966326543232	6.9286970203679346
193.9952850925201	6.46289754963259
191.45033168496465	6.016485298067015
188.8751345819617	5.589394665906542
186.2701878643476	5.181526820894554
0.4	99
334.23624552586847	73.82778685308915
333.6346917812092	73.78145056938914
333.1126658524745	73.70439032699241
332.6563597049155	73.5968280780156
332.24974977589727	73.4590357689677
331.8783785930277	73.2913194727033
331.5304706550734	73.09401008349207
331.19681877215976	72.86745823510539
330.8703108614498	72.6120315508277
330.5454445889823	72.328113113808
330.2179288246309	72.01610057212642
329.8843807047911	71.67640557890671
329.54210186634	71.30945341322038
329.18891444372525	70.91568270037963
328.8230406120905	70.49554518746099
328.44301350061863	70.0495055491222
328.04761069830516	69.57804120948111
327.63580412357084	69.08164217123944
327.2067218451546	68.56081084690119
326.75961871996736	68.01606188855725
326.2938536024517	67.44792201414191
325.8088715048238	66.85692982851889
325.30418952468614	66.2436356385129
324.7793856682482	65.60860126090037
324.23408991921116	64.95239982295426
323.6679770639095	64.27561555485295
323.0807609000962	63.578843573646566
322.4721895426234	62.862689658168
321.8420416026095	62.12777001460384
321.1901230645128	61.37471103203374
320.5162647209895	60.60414902758514
319.82032005289796	59.81672998042344
319.1021634623524	59.01310925400625
318.3616888437538	58.193951307307174
317.5988082454619	57.35992938977221
316.81345069682425	56.51172522197925
316.0055612724868	55.650028663990774
315.17510017278386	54.7755373661878
314.32204185035346	53.88895640271232
313.44637415543247	52.99099788668235
312.5480974772303	52.082380565915464
311.6272238627956	51.16382939825832
310.6837760986397	50.23607510535332
309.7177867441438	49.299853704045695
308.7292971092123	48.3559060145015
307.71835617194995	47.40497714437033
306.6850194351837	46.447815948460374
305.6293477236615	45.48517446344791
304.5514059260833	44.51780731759478
303.451261688522	43.54647111530583
302.32898406750877	42.57192379692861
301.1846421525389	41.59492397417153
300.0183036686654	40.61623024187005
298.83003357031384	39.636600466824
297.619892637649	38.656791055078905
296.38793608623166	37.67755619862236
295.1342124048231	36.69964710302086
293.85876099888634	35.72381119755792
292.56161293959286	34.750791329334476
291.24278767401813	33.78132494331497
289.90229284875625	32.816143249659426
288.5401229631902	31.855970380511373
287.1562582818665	30.90152253755772
285.750663802295	29.953507132314996
284.32328827696733	29.0126219207623
282.87406328757913	28.079554133741798
281.4029023920931	27.15497960173759
279.909700260033	26.239561883154177
278.39433187004937	25.33395139484657
276.85665179906835	24.4387845377916
275.29649352773987	23.55468282797229
273.7136687939088	22.68225203091698
272.1079670005534	21.822081301261345
270.4791546887344	20.97474232830193
268.8269750911763	20.14078848853855
267.15114778894974	19.320754006664636
265.4513685010698	18.51515312576298
263.72730904651286	17.72447928808969
261.9786175293564	16.94920432779013
260.20491881039425	16.18977767669149
258.4058153441439	15.446625584912638
256.5808884763009	14.72015035734991
254.72970031665912	14.01072960834344
252.8517963209156	13.318715535531355
250.9467087363641	12.644434215178642
249.01396108378106	11.988184920346045
247.0530738635406	11.35023946427434
245.06357167796622	10.73084156976595
243.04499195534862	10.130206266818025
240.99689542898244	9.548519319369548
238.9188784598774	8.985936681586029
236.81058718259277	8.442583984346134
234.6717332797983	7.918556051118401
232.50211094109753	7.413916441459114
230.30161422279863	6.9286970203679346
228.07025390936528	6.46289754963259
225.80816989784873	6.016485298067015
223.5156435221312	5.589394665906542
221.19309577183844	5.181526820894554
0.5	99
334.9573820715279	73.82778685308915
335.0585314183891	73.78145056938914
335.2075353986724	73.70439032699241
335.3854109452413	73.5968280780156
335.5764680198399	73.4590357689677
335.7694020346961	73.2913194727033
335.95652572591916	73.09401008349207
336.1326906948406	72.86745823510539
336.2944272842162	72.6120315508277
336.4393590668485	72.328113113808
336.5658253134016	72.01610057212642
336.67264065090467	71.67640557890671
336.75894116917516	71.30945341322038
336.82408448216245	70.91568270037963
336.86758368271376	70.49554518746099
336.88906289181796	70.0495055491222
336.8882268039016	69.57804120948111
336.86483947489137	69.08164217123944
336.81870932611474	68.56081084690119
336.74967840620076	68.01606188855725
336.6576146190363	67.44792201414191
336.5424060529986	66.85692982851889
336.4039568206506	66.2436356385129
336.24218400003514	65.60860126090037
336.0570153892597	64.95239982295426
335.84838786793034	64.27561555485295
335.61624621527176	63.578843573646566
335.36054227383323	62.862689658168
335.0812343747506	62.12777001460384
334.7782869604122	61.37471103203374
334.4516703538316	60.60414902758514
334.10136063446765	59.81672998042344
333.7273395872765	59.01310925400625
333.3295947950634	58.193951307307174
332.908119549222	57.35992938977221
332.4629127780488	56.51172522197925
331.9939791533209	55.650028663990774
331.50132906346903	54.7755373661878
330.9849785434916	53.88895640271232
330.4449491501177	52.99099788668235
329.88126777312283	52.082380565915464
329.2939663754377	51.16382939825832
328.6830816566685	50.23607510535332
328.04865463671564	49.299853704045695
327.39073015816894	48.3559060145015
326.7093563081004	47.40497714437033
326.0045837618956	46.447815948460374
325.27646505362225	45.48517446344791
324.5250537789969	44.51780731759478
323.75040373858474	43.54647111530583
322.9525680299693	42.57192379692861
322.13159809861986	41.59492397417153
321.28754275766926	40.61623024187005
320.42044718700527	39.636600466824
319.5303519221349	38.656791055078905
318.6172918425743	37.67755619862236
317.68129533955886	36.69964710302086
316.72238247834315	35.72381119755792
315.74056573882723	34.750791329334476
314.735847381454	33.78132494331497
313.7082193990202	32.816143249659426
312.6576624851019	31.855970380511373
311.584145210677	30.90152253755772
310.48762323967094	29.953507132314996
309.36803858284634	29.0126219207623
308.2253188887238	28.079554133741798
307.05937682159123	27.15497960173759
305.87010935907585	26.239561883154177
304.657397136436	25.33395139484657
303.42110392718985	24.4387845377916
302.16107610046726	23.55468282797229
300.8771421142898	22.68225203091698
299.5691120505556	21.822081301261345
298.2367772008664	20.97474232830193
296.8799097164967	20.14078848853855
295.4982623416667	19.320754006664636
294.09156825514367	18.51515312576298
292.65954105341586	17.72447928808969
291.2018749179749	16.94920432779013
289.71824501966415	16.18977767669149
288.20830822616483	15.446625584912638
286.6717041918575	14.72015035734991
285.1080569263418	14.01072960834344
283.5169769527131	13.318715535531355
281.89806418516565	12.644434215178642
280.2509116695568	11.988184920346045
278.57511034421515	11.35023946427434
276.8702549809734	10.73084156976595
275.1359514618609	10.130206266818025
273.37182551989866	9.548519319369548
271.5775330186993	8.985936681586029
269.7527717555027	8.442583984346134
267.89729462748136	7.918556051118401
266.01092379320784	7.413916441459114
264.09356518016494	6.9286970203679346
262.1452227262104	6.46289754963259
260.16600811073283	6.016485298067015
258.1561524623007	5.589394665906542
256.1160036793293	5.181526820894554
0.6	99
335.67851861718725	73.82778685308915
336.4823710555691	73.78145056938914
337.30240494487026	73.70439032699241
338.11446218556716	73.5968280780156
338.9031862637825	73.4590357689677
339.66042547636437	73.2913194727033
340.38258079676484	73.09401008349207
341.0685626175214	72.86745823510539
341.7185437069826	72.6120315508277
342.3332735447148	72.328113113808
342.9137218021723	72.01610057212642
343.4609005970183	71.67640557890671
343.97578047201034	71.30945341322038
344.45925452059953	70.91568270037963
344.91212675333696	70.49554518746099
345.33511228301734	70.0495055491222
345.7288429094979	69.57804120948111
346.09387482621196	69.08164217123944
346.4306968070749	68.56081084690119
346.7397380924342	68.01606188855725
347.02137563562087	67.44792201414191
347.27594060117343	66.85692982851889
347.5037241166151	66.2436356385129
347.70498233182207	65.60860126090037
347.8799408593081	64.95239982295426
348.0287986719512	64.27561555485295
348.15173153044725	63.578843573646566
348.24889500504304	62.862689658168
348.32042714689175	62.12777001460384
348.36645085631153	61.37471103203374
348.3870759866737	60.60414902758514
348.38240121603735	59.81672998042344
348.35251571220067	59.01310925400625
348.29750074637303	58.193951307307174
348.2174308529821	57.35992938977221
348.1123748592733	56.51172522197925
347.982397034155	55.650028663990774
347.82755795415414	54.7755373661878
347.64791523662973	53.88895640271232
347.443524144803	52.99099788668235
347.21443806901533	52.082380565915464
346.9607088880799	51.16382939825832
346.68238721469726	50.23607510535332
346.3795225292875	49.299853704045695
346.05216320712555	48.3559060145015
345.7003564442508	47.40497714437033
345.32414808860744	46.447815948460374
344.92358238358287	45.48517446344791
344.4987016319105	44.51780731759478
344.0495457886473	43.54647111530583
343.57615199242974	42.57192379692861
343.07855404470075	41.59492397417153
342.55678184667295	40.61623024187005
342.01086080369663	39.636600466824
341.4408112066209	38.656791055078905
340.8466475989169	37.67755619862236
340.22837827429464	36.69964710302086
339.58600395779996	35.72381119755792
338.91951853806154	34.750791329334476
338.22890708888986	33.78132494331497
337.5141459492841	32.816143249659426
336.7752020070136	31.855970380511373
336.0120321394876	30.90152253755772
335.2245826770469	29.953507132314996
334.41278888872534	29.0126219207623
333.57657448986856	28.079554133741798
332.71585125108925	27.15497960173759
331.83051845811866	26.239561883154177
330.92046240282264	25.33395139484657
329.98555605531135	24.4387845377916
329.0256586731946	23.55468282797229
328.0406154346707	22.68225203091698
327.0302571005578	21.822081301261345
325.9943997129984	20.97474232830193
324.9328443418172	20.14078848853855
323.84537689438355	19.320754006664636
322.73176800921755	18.51515312576298
321.5917730603188	17.72447928808969
320.4251323065935	16.94920432779013
319.2315712289342	16.18977767669149
318.0108011081859	15.446625584912638
316.762519907414	14.72015035734991
315.48641353602454	14.01072960834344
314.18215758451055	13.318715535531355
312.8494196339671	12.644434215178642
311.48786225533246	11.988184920346045
310.0971468248897	11.35023946427434
308.67693828398063	10.73084156976595
307.22691096837326	10.130206266818025
305.7467556108148	9.548519319369548
304.23618757752104	8.985936681586029
302.69495632841256	8.442583984346134
301.1228559751645	7.918556051118401
299.5197366453182	7.413916441459114
297.8855161375312	6.9286970203679346
296.2201915430556	6.46289754963259
294.52384632361685	6.016485298067015
292.7966614024702	5.589394665906542
291.0389115868203	5.181526820894554
0.7	99
336.3996551628467	73.82778685308915
337.9062106927491	73.78145056938914
339.3972744910682	73.70439032699241
340.84351342589304	73.5968280780156
342.2299045077251	73.4590357689677
343.55144891803275	73.2913194727033
344.8086358676105	73.09401008349207
346.00443454020234	72.86745823510539
347.142660129749	72.6120315508277
348.227188022581	72.328113113808
349.2616182909431	72.01610057212642
350.2491605431319	71.67640557890671
351.1926197748455	71.30945341322038
352.09442455903667	70.91568270037963
352.95666982396034	70.49554518746099
353.78116167421666	70.0495055491222
354.56945901509425	69.57804120948111
355.3229101775326	69.08164217123944
356.04268428803505	68.56081084690119
356.7297977786677	68.01606188855725
357.3851366522054	67.44792201414191
358.0094751493483	66.85692982851889
358.60349141257956	66.2436356385129
359.167780663609	65.60860126090037
359.70286632935654	64.95239982295426
360.20920947597205	64.27561555485295
360.6872168456228	63.578843573646566
361.13724773625285	62.862689658168
361.5596199190329	62.12777001460384
361.95461475221083	61.37471103203374
362.3224816195159	60.60414902758514
362.66344179760705	59.81672998042344
362.9776918371247	59.01310925400625
363.2654066976826	58.193951307307174
363.5267421567423	57.35992938977221
363.7618369404979	56.51172522197925
363.9708149149891	55.650028663990774
364.15378684483926	54.7755373661878
364.31085192976786	53.88895640271232
364.4420991394883	52.99099788668235
364.5476083649079	52.082380565915464
364.62745140072207	51.16382939825832
364.6816927727261	50.23607510535332
364.71039042185936	49.299853704045695
364.7135962560821	48.3559060145015
364.6913565804013	47.40497714437033
364.6437124153193	46.447815948460374
364.5706997135436	45.48517446344791
364.47234948482395	44.51780731759478
364.34868783871	43.54647111530583
364.19973595489023	42.57192379692861
364.02550999078164	41.59492397417153
363.8260209356768	40.61623024187005
363.60127442038805	39.636600466824
363.35127049110673	38.656791055078905
363.07600335525945	37.67755619862236
362.7754612090305	36.69964710302086
362.4496254372568	35.72381119755792
362.0984713372959	34.750791329334476
361.72196679632583	33.78132494331497
361.3200724995482	32.816143249659426
360.8927415289253	31.855970380511373
360.439919068298	30.90152253755772
359.96154211442285	29.953507132314996
359.45753919460424	29.0126219207623
358.9278300910131	28.079554133741798
358.37232568058744	27.15497960173759
357.79092755716135	26.239561883154177
357.1835276692094	25.33395139484657
356.5500081834328	24.4387845377916
355.8902412459219	23.55468282797229
355.2040887550517	22.68225203091698
354.49140215056	21.822081301261345
353.7520222251304	20.97474232830193
352.98577896713755	20.14078848853855
352.1924914471005	19.320754006664636
351.3719677632914	18.51515312576298
350.5240050672218	17.72447928808969
349.6483896952121	16.94920432779013
348.7448974382042	16.18977767669149
347.8132939902069	15.446625584912638
346.85333562297046	14.72015035734991
345.86477014570744	14.01072960834344
344.84733821630795	13.318715535531355
343.8007750827688	12.644434215178642
342.7248128411083	11.988184920346045
341.6191833055642	11.35023946427434
340.48362158698785	10.73084156976595
339.3178704748856	10.130206266818025
338.12168570173105	9.548519319369548
336.89484213634285	8.985936681586029
335.63714090132254	8.442583984346134
334.34841732284764	7.918556051118401
333.0285494974285	7.413916441459114
331.67746709489757	6.9286970203679346
330.29516035990076	6.46289754963259
328.88168453650087	6.016485298067015
327.43717034263966	5.589394665906542
325.9618194943111	5.181526820894554
0.8	99
337.1207917085062	73.82778685308915
339.33005032992907	73.78145056938914
341.49214403726603	73.70439032699241
343.57256466621897	73.5968280780156
345.55662275166776	73.4590357689677
347.442472359701	73.2913194727033
349.2346909384562	73.09401008349207
350.94030646288314	72.86745823510539
352.56677655251536	72.6120315508277
354.1211025004472	72.328113113808
355.6095147797138	72.01610057212642
357.0374204892455	71.67640557890671
358.4094590776807	71.30945341322038
359.72959459747386	70.91568270037963
361.00121289458355	70.49554518746099
362.22721106541604	70.0495055491222
363.4100751206906	69.57804120948111
364.5519455288531	69.08164217123944
365.65467176899523	68.56081084690119
366.71985746490117	68.01606188855725
367.7488976687901	67.44792201414191
368.7430096975232	66.85692982851889
369.70325870854407	66.2436356385129
370.6305789953959	65.60860126090037
371.525791799405	64.95239982295426
372.3896202799929	64.27561555485295
373.22270216079835	63.578843573646566
374.02560046746265	62.862689658168
374.7988126911741	62.12777001460384
375.5427786481102	61.37471103203374
376.25788725235793	60.60414902758514
376.9444823791767	59.81672998042344
377.60286796204883	59.01310925400625
378.2333126489922	58.193951307307174
378.83605346050234	57.35992938977221
379.41129902172247	56.51172522197925
379.95923279582314	55.650028663990774
380.48001573552443	54.7755373661878
380.97378862290606	53.88895640271232
381.4406741341736	52.99099788668235
381.88077866080056	52.082380565915464
382.2941939133643	51.16382939825832
382.6809983307548	50.23607510535332
383.04125831443116	49.299853704045695
383.37502930503877	48.3559060145015
383.68235671655174	47.40497714437033
383.96327674203127	46.447815948460374
384.2178170435043	45.48517446344791
384.4459973377375	44.51780731759478
384.6478298887726	43.54647111530583
384.82331991735066	42.57192379692861
384.9724659368626	41.59492397417153
385.0952600246806	40.61623024187005
385.19168803707953	39.636600466824
385.2617297755927	38.656791055078905
385.30535911160206	37.67755619862236
385.3225441437663	36.69964710302086
385.3132469167137	35.72381119755792
385.27742413653027	34.750791329334476
385.21502650376175	33.78132494331497
385.1259990498122	32.816143249659426
385.010281050837	31.855970380511373
384.86780599710863	30.90152253755772
384.69850155179876	29.953507132314996
384.50228950048324	29.0126219207623
384.2790856921578	28.079554133741798
384.0288001100855	27.15497960173759
383.7513366562043	26.239561883154177
383.4465929355961	25.33395139484657
383.1144603115543	24.4387845377916
382.7548238186493	23.55468282797229
382.3675620754327	22.68225203091698
381.95254720056226	21.822081301261345
381.5096447372626	20.97474232830193
381.03871359245807	20.14078848853855
380.5396059998175	19.320754006664636
380.0121675173654	18.51515312576298
379.45623707412494	17.72447928808969
378.8716470838306	16.94920432779013
378.25822364747415	16.18977767669149
377.6157868722279	15.446625584912638
376.9441513385271	14.72015035734991
376.2431267553902	14.01072960834344
375.5125188481054	13.318715535531355
374.7521305315703	12.644434215178642
373.9617634268841	11.988184920346045
373.14121978623876	11.35023946427434
372.2903048899951	10.73084156976595
371.40882998139796	10.130206266818025
370.4966157926473	9.548519319369548
369.5534966951647	8.985936681586029
368.57932547423246	8.442583984346134
367.57397867053066	7.918556051118401
366.53736234953897	7.413916441459114
365.46941805226396	6.9286970203679346
364.3701291767459	6.46289754963259
363.239522749385	6.016485298067015
362.0776792828093	5.589394665906542
360.8847274018021	5.181526820894554
0.9	99
337.8419282541656	73.82778685308915
340.75388996710893	73.78145056938914
343.5870135834639	73.70439032699241
346.30161590654484	73.5968280780156
348.88334099561035	73.4590357689677
351.3334958013694	73.2913194727033
353.660746009302	73.09401008349207
355.876178385564	72.86745823510539
357.9908929752816	72.6120315508277
360.0150169783133	72.328113113808
361.95741126848446	72.01610057212642
363.825680435359	71.67640557890671
365.62629838051595	71.30945341322038
367.36476463591106	70.91568270037963
369.0457559652068	70.49554518746099
370.67326045661537	70.0495055491222
372.2506912262869	69.57804120948111
373.7809808801736	69.08164217123944
375.2666592499553	68.56081084690119
376.70991715113456	68.01606188855725
378.11265868537464	67.44792201414191
379.47654424569805	66.85692982851889
380.80302600450847	66.2436356385129
382.0933773271828	65.60860126090037
383.34871726945346	64.95239982295426
384.57003108401375	64.27561555485295
385.75818747597384	63.578843573646566
386.91395319867246	62.862689658168
388.0380054633152	62.12777001460384
389.1309425440095	61.37471103203374
390.19329288520004	60.60414902758514
391.2255229607465	59.81672998042344
392.2280440869729	59.01310925400625
393.20121860030184	58.193951307307174
394.14536476426247	57.35992938977221
395.060761102947	56.51172522197925
395.94765067665725	55.650028663990774
396.8062446262096	54.7755373661878
397.63672531604425	53.88895640271232
398.43924912885893	52.99099788668235
399.2139489566931	52.082380565915464
399.9609364260065	51.16382939825832
400.68030388878356	50.23607510535332
401.372126207003	49.299853704045695
402.0364623539953	48.3559060145015
402.6733568527023	47.40497714437033
403.2828410687432	46.447815948460374
403.864934373465	45.48517446344791
404.4196451906511	44.51780731759478
404.94697193883525	43.54647111530583
405.44690387981115	42.57192379692861
405.9194218829435	41.59492397417153
406.3644991136844	40.61623024187005
406.7821016537709	39.636600466824
407.17218906007867	38.656791055078905
407.53471486794473	37.67755619862236
407.8696270785021	36.69964710302086
408.1768683961705	35.72381119755792
408.4563769357646	34.750791329334476
408.70808621119767	33.78132494331497
408.9319256000762	32.816143249659426
409.12782057274876	31.855970380511373
409.29569292591907	30.90152253755772
409.43546098917477	29.953507132314996
409.5470398063622	29.0126219207623
409.6303412933025	28.079554133741798
409.6852745395837	27.15497960173759
409.711745755247	26.239561883154177
409.7096582019828	25.33395139484657
409.67891243967574	24.4387845377916
409.6194063913767	23.55468282797229
409.53103539581366	22.68225203091698
409.41369225056445	21.822081301261345
409.26726724939454	20.97474232830193
409.0916482177785	20.14078848853855
408.8867205525344	19.320754006664636
408.65236727143935	18.51515312576298
408.3884690810279	17.72447928808969
408.0949044724491	16.94920432779013
407.77154985674406	16.18977767669149
407.418279754249	15.446625584912638
407.0349670540836	14.72015035734991
406.62148336507306	14.01072960834344
406.17769947990286	13.318715535531355
405.7034859803719	12.644434215178642
405.1987140126599	11.988184920346045
404.6632562669134	11.35023946427434
404.09698819300235	10.73084156976595
403.4997894879103	10.130206266818025
402.8715458835634	9.548519319369548
402.2121512539866	8.985936681586029
401.5215100471423	8.442583984346134
400.7995400182137	7.918556051118401
400.04617520164925	7.413916441459114
399.26136900963024	6.9286970203679346
398.44509799359093	6.46289754963259
397.5973609622691	6.016485298067015
396.7181882229787	5.589394665906542
395.80763530929295	5.181526820894554
