# Table format: T1D
# table_unit = barA
# axis1_unit = kJ/kg
# axis2_unit = degC
# This file was automatically generated by generate_data_files.py
-50	120
127.40700343349418	799.9999999999992
122.60187602009307	708.193312072373
118.49702993292223	626.9222090800475
114.99484119130967	554.977644575158
112.0094286627409	491.28932029725723
109.46579109165462	434.90976365887485
107.29888212565952	385.0002324727398
105.45263543514179	340.8182372293781
103.87897250223601	301.70649529767655
102.53683137514345	267.08315272326195
101.39124952162878	236.43312815727316
100.41252344881057	209.30045014166336
99.57545663258033	185.2814737550791
98.8586981982851	164.01887570532506
98.24416860736767	145.19633853517644
97.71656511284702	128.53384486001028
97.26293827294757	113.78351163100876
96.87233062740415	100.72590245148692
96.53546916583036	89.1667630857467
96.24450405479875	78.93413159558438
95.992787007031	69.87578011279189
95.7746835531166	61.856950189648614
95.58541426330018	54.75834803687887
95.42092065281584	48.474369824811184
95.27775209722266	42.911530646067696
95.15297059400271	37.987073767917245
95.04407064956688	33.62773948454862
94.9489119541331	29.768675253836783
94.86566284266291	26.35247090502693
94.79275283209957	23.328304564402313
94.72883278016383	20.651186593121434
94.67274143249651	18.281290289509084
94.62347731670474	16.183359398854922
94.58017510647318	14.326183616415808
94.54208572051014	12.682134280833088
94.50855954090532	11.226753350612219
94.47903223723193	9.93838954898709
94.45301276887703	8.797876264203289
94.4300732092375	7.788246413436298
94.40984009609215	6.894480028459046
94.40822677098853	6.826208946535283
95.01110075818656	6.826219228106437
95.6818069357512	6.826219228106437
96.42806721611802	6.826219228106437
97.25839266216548	6.826219228106437
98.18225309597425	6.826219228106437
99.2101851016959	6.826219228106437
100.35391219479234	6.826219228106437
101.62647852817015	6.826219228106437
103.0423976601217	6.826219228106437
104.61781808076492	6.826219228106437
106.37070738480224	6.826219228106437
108.32105719108051	6.826219228106437
110.49111114604995	6.826219228106437
112.90561861149001	6.826219228106437
115.59211692979926	6.826219228106437
118.58124548607111	6.826219228106437
121.9070951488184	6.826219228106437
125.60759707470146	6.826219228106437
129.72495531155954	6.826219228106437
134.30612813356203	6.826219228106437
139.40336359808387	6.826219228106437
145.07479543230622	6.826219228106437
151.38510604560017	6.826219228106437
158.40626422931845	6.826219228106437
166.21834595742564	6.826219228106437
174.91044764915893	6.826219228106437
184.58170230943753	6.826219228106437
195.3424101360517	6.826219228106437
207.31529648815396	6.826219228106437
220.63691156312265	6.826219228106437
235.45918774504523	6.826219228106437
251.95117238630763	6.826219228106437
270.3009557845786	6.826219228106437
290.71781634367824	6.826219228106437
313.43460738378326	6.826219228106437
338.71041282243095	6.826219228106437
366.83350201423144	6.826219228106437
398.1246174490986	6.826219228106437
432.94056221421766	6.82621780703403
433.1036587281422	6.757955671459855
433.21299566450773	6.712085064797949
433.32138726671747	6.66652581154792
433.4288437503503	6.6212757983531905
433.5353751801222	6.57633292620195
433.6409914730009	6.531695110329687
433.7457024011801	6.4873602801225765
433.84951759499336	6.443326379021346
433.9524465457652	6.399591364425945
434.05449860857004	6.356153207600773
434.1556830049229	6.313009893580532
434.25600882540385	6.270159421076839
434.35548503222225	6.2275998023853
434.4541204616875	6.185329063293401
434.551923826661	6.143345242988836
434.6489037188999	6.101646393968645
434.74506861138497	6.060230581948778
434.8404268605494	6.019095885774458
434.93498670849266	5.978240397331023
435.0287562850964	5.937662221455382
435.1217436101414	5.897359475848185
435.2139565953191	5.857330290986418
435.30540304623	5.817572810036769
435.3960906643191	5.778085188769413
435.48602704878016	5.73886559547253
435.5752196983797	5.6999122108673115
435.66367601329347	5.661223228023538
435.7514032968418	5.622796852275835
435.83840875722575	5.584631301140336
435.9246995091983	5.546724804232082
436.01028257571625	5.509075603182825
436.09516488953705	5.471681951559531
436.1793532947935	5.434542114783299
436.26285454851427	5.397654370048961
436.345675322135	5.36101700624514
436.42782220295356	5.324628323874849
436.5093016955676	5.288486634976722
436.5901202232609	5.252590263046637
436.6702841293942	5.216937542960022
436.7497996787183	5.18152682089455
-30	120
158.72089797448984	799.9999999999992
155.27242819581758	721.7037306848555
152.28345787988061	651.0703436055485
149.6949719357355	587.3498698979922
147.45535634710524	529.8657404033072
145.5196146779992	478.0076020139504
143.84857019982218	431.2248370864874
142.4081047848524	389.020717111609
141.1684676320481	350.94712856643156
140.10366939842632	316.59981494941434
139.1909639349972	285.6140844789092
138.4104113978206	257.66093788071055
137.7445123066496	232.44357515033468
137.1779009045427	209.6942441996528
136.69708673378256	189.17139792753764
136.290234780953	170.6571295289667
135.9469762672137	153.95485881128
135.65824383524492	138.88724495145132
135.416126351317	125.29430353250481
135.21373974399734	113.03170786621142
135.0451112442095	101.96925656590696
134.90507510164858	91.9894910984704
134.78917837096247	82.9864486369593
134.69359572505778	74.86453697197575
134.61505249923007	67.53751953583655
134.5507553287668	60.927599762768125
134.49832983885142	54.96459506307938
134.45576489972083	49.58519164075852
134.42136298738006	44.73227224232362
134.3936962020915	40.354309699119476
134.37156750223895	36.404819823833186
134.35397671489508	32.841867852213014
134.34009089084847	29.62762318950147
134.3292185818889	26.72795773398541
134.32078763319964	24.112083512755525
134.3143261031183	21.752225782175547
134.30944594566486	19.623328122119258
134.30582911738776	17.70278639273315
134.3032157980762	15.97020872894077
134.30139444330652	14.407199024365484
134.30125363485126	14.26455294073613
135.2769341476403	14.26455294073613
136.34057486475461	14.26455294073613
137.5001056335608	14.26455294073613
138.76417119834656	14.26455294073613
140.14219565018777	14.26455294073613
141.64445268714306	14.26455294073613
143.2821422085926	14.26455294073613
145.0674738147614	14.26455294073613
147.01375783394715	14.26455294073613
149.13550455609627	14.26455294073613
151.4485324125516	14.26455294073613
153.97008590849345	14.26455294073613
156.71896418730523	14.26455294073613
159.71566118535992	14.26455294073613
162.982518422135	14.26455294073613
166.5438915647642	14.26455294073613
170.4263320088288	14.26455294073613
174.65878482914192	14.26455294073613
179.27280457632511	14.26455294073613
184.30279052802234	14.26455294073613
189.78624314863958	14.26455294073613
195.76404366961492	14.26455294073613
202.2807588745966	14.26455294073613
209.38497336181905	14.26455294073613
217.12965176081994	14.26455294073613
225.57253360396098	14.26455294073613
234.77656379667206	14.26455294073613
244.81036189573675	14.26455294073613
255.74873369426956	14.26455294073613
267.67322892744454	14.26455294073613
280.67274925688554	14.26455294073613
294.84421106647346	14.26455294073613
310.293268010965	14.26455294073613
327.13509870429976	14.26455294073613
345.4952654201128	14.26455294073613
365.5106502063911	14.26455294073613
387.3304753933677	14.26455294073613
411.11741610292677	14.26455294073613
437.0488130537051	14.26455294073613
437.3667363532538	14.121907954576065
438.1577783648019	13.76348330559993
438.9183760928696	13.414155743887587
439.65018483931266	13.073694378519736
440.35472691344916	12.741874178762396
441.033406393947	12.418475825330926
441.68752181531096	12.103285565429076
442.3182771274065	11.796095071467471
442.92679120910975	11.496701303367617
443.5141061644501	11.204906374361038
444.0811945880451	10.920517420194319
444.62896595348354	10.64334647165386
445.15827225189037	10.373210330326177
445.66991298651396	10.109930447511353
446.1646396119104	9.853332806209762
446.64315949218394	9.60324780610421
447.10613944112407	9.359510151461153
447.55420889763025	9.121958741877084
447.9879627818057	8.890436565797994
448.40796407062567	8.664790596741247
448.81474612647844	8.444871692151422
449.20881480739564	8.230534494823434
449.5906503837445	8.021637336827363
449.9607092829767	7.818042145871983
450.31942568116904	7.619614354044707
450.6672129577376	7.426222808867767
451.0044650276221	7.237739686612004
451.3315575635406	7.0540404078106755
451.6488491193595	6.8750035549175985
451.956682164353	6.700510792055303
452.25538403698164	6.53044678679992
452.5452678258301	6.36469913395124
452.8266331845264	6.203158281237652
453.0997670866919	6.045717456906579
453.3649445263135	5.892272599152889
453.6224291683814	5.74272228733836
453.87247395413436	5.596967674956844
454.11532166477343	5.454912424300922
454.35120544715755	5.316462642786667
454.580349304622	5.18152682089455
-10	120
191.85533406646897	799.9999999999992
189.25689434759505	733.2226671823496
186.96775382894202	672.0193495874965
184.95645025846144	615.9247748783655
183.19500381978574	564.5125077750047
181.65842063112558	517.3917082607309
180.3242670994208	474.204160386207
179.17231342419103	434.621549084177
178.18423963259906	398.3429642930299
177.34339531162388	365.09261341532385
176.63460379501612	334.6177247211981
176.04400220271165	306.6866257582068
175.5589098653685	281.0869821594846
175.16771894534347	257.6241834615178
174.85980228731282	236.1198636604115
174.62543460364483	216.41054525977478
174.45572398926893	198.3463965021985
174.3425514737031	181.79009233668683
174.2785168738386	166.61577046303904
174.2568896371365	152.70807451693912
174.27156368699764	139.961277121989
174.31701552390393	128.27847614204103
174.3882650170583	117.57085802369309
174.4808384569044	107.75702262881208
174.590733542277	98.76236442440809
174.71438605444786	90.51850532562439
174.84863803259478	82.9627748802676
174.99070731449356	76.03773384319824
175.1381583460562	69.69073751876421
175.2888741965631	63.87353555176673
175.44102974306506	58.54190512454123
175.59306600928687	53.65531477169028
175.74366566113494	49.17661625675903
175.89172967306527	45.07176216847966
176.0363551874549	41.30954708972643
176.17681459241564	37.861370371530136
176.3125358432979	34.70101870874011
176.44308404918843	31.804466864458764
176.5681443390464	29.14969502833892
176.68750601311282	26.716521420288398
176.7007634091122	26.452000866211666
178.1060543555862	26.452000866211666
179.60928636663655	26.452000866211666
181.2172853968134	26.452000866211666
182.9373531322277	26.452000866211666
184.7773001464295	26.452000866211666
186.74548136706892	26.452000866211666
188.85083401438857	26.452000866211666
191.10291818382072	26.452000866211666
193.51196025696896	26.452000866211666
196.08889933809655	26.452000866211666
198.84543692698318	26.452000866211666
201.79409005370752	26.452000866211666
204.948248116632	26.452000866211666
208.3222336816834	26.452000866211666
211.93136751900934	26.452000866211666
215.79203817233278	26.452000866211666
219.92177637690884	26.452000866211666
224.3393346640042	26.452000866211666
229.0647725133724	26.452000866211666
234.11954744038826	26.452000866211666
239.52661243145673	26.452000866211666
245.3105201701337	26.452000866211666
251.49753452723655	26.452000866211666
258.11574982120186	26.452000866211666
265.1952183902364	26.452000866211666
272.7680870555471	26.452000866211666
280.86874309530754	26.452000866211666
289.53397039220994	26.452000866211666
298.8031164636437	26.452000866211666
308.71827113296104	26.452000866211666
319.3244576531478	26.452000866211666
330.6698371507668	26.452000866211666
342.80592731851976	26.452000866211666
355.78783634948167	26.452000866211666
369.67451317526644	26.452000866211666
384.5290151444192	26.452000866211666
400.41879435652356	26.452000866211666
417.41600395222355	26.452000866211666
435.59782574997837	26.452000866211666
436.2147146065731	26.187481392163868
438.6285006664901	25.121859563352274
440.8463306302629	24.099600052017248
442.89385623305805	23.118938357351826
444.7916601666689	22.178181779672098
446.5565791392526	21.275706498683714
448.2026102496921	20.409954770639715
449.74155113878203	19.57943223955129
451.1834640036118	18.782705357811246
452.53701954877386	18.01839891177748
453.80975695845314	17.285193648045222
455.00828379007913	16.581823996311364
456.13843202583746	15.907075884900058
457.2053815610163	15.259784645178767
458.21375912175097	14.63883300124813
459.16771837785575	14.043149141435428
460.0710054772784	13.471704868262664
460.9270131459884	12.923513823696448
461.73882572288636	12.397629786616035
462.50925693757677	11.893145039560672
463.24088182575474	11.40918880193749
463.9360638692886	10.944925726985373
464.5969782163956	10.499554459900208
465.22563166093687	10.07230625463316
465.8238799242884	9.662443646974205
466.3934426780249	9.269259181630446
466.9359166634343	8.892074191102349
467.4527871988664	8.53023762424998
467.94543831447453	8.183124922527135
468.41516171252437	7.85013694194391
468.8631647182605	7.530698918896804
469.2905773593703	7.224259478081178
469.69845869009225	6.930289680773895
470.08780245802353	6.64828211184326
470.45954219682307	6.377750003910279
470.8145558157003	6.118226397149686
471.1536697463745	5.8692633332803625
471.4776626995768	5.6304310823538355
471.7872690760373	5.4013174010064136
472.08318207079077	5.18152682089455
10	120
225.40822104022945	799.9999999999992
223.39399331580913	743.267646885228
221.60717101837474	690.558493632878
220.0308690175103	641.5872332488968
218.64956739983558	596.0887914106377
217.4489426623729	553.8168916580557
216.41572854144383	514.5427223349665
215.53760159126406	478.0536980647877
214.80308701870587	444.15230905674383
214.20148084494463	412.6550520140585
213.7227850796865	383.3914368572373
213.35765318508362	356.2030638860318
213.09734363752557	330.94276638484837
212.93367985113272	307.4738140306927
212.85901510541333	285.66917279177324
212.86620142711251	265.4108173107388
212.94856162198323	246.5890920505468
213.09986384579682	229.10211774496872
213.31429825536563	212.8552399409061
213.5864553975691	197.760516647585
213.91130608521547	183.73624231932132
214.28418257869208	170.70650559527016
214.70076094676423	158.60077840224517
215.1570445224715	147.35353419650295
215.649348404224	136.9038932780705
216.17428498004293	127.19529325777243
216.72875047740214	118.17518289322597
217.3099125632095	109.79473763659948
217.91519904078868	102.00859535442008
218.5422877142674	94.7746107889341
219.18909751825774	88.0536274319429
219.8537810436506	81.80926557631088
220.53471863214705	76.00772539789152
221.2305142666644	70.6176040019867
221.93999355700663	65.60972544403684
222.66220421846322	60.95698280446885
223.3964195759309	56.63419146287603
224.14214581504933	52.61795277732412
224.89913397010744	48.88652743089965
225.66739802609544	45.419717759943616
225.77220458741434	44.97001861349653
227.55964199505027	44.970017731452074
229.43429553285503	44.970017731452074
231.4004209716017	44.970017731452074
233.46248159396802	44.970017731452074
235.62515846418046	44.970017731452074
237.8933610544538	44.970017731452074
240.27223838993717	44.970017731452074
242.76719073746744	44.970017731452074
245.3838818646633	44.970017731452074
248.12825189719055	44.970017731452074
251.00653080338483	44.970017731452074
254.02525253684365	44.970017731452074
257.19126986909214	44.970017731452074
260.5117699459949	44.970017731452074
263.9942906032274	44.970017731452074
267.6467374778448	44.970017731452074
271.4774019547943	44.970017731452074
275.4949799891084	44.970017731452074
279.7085918465105	44.970017731452074
284.1278028072431	44.970017731452074
288.76264488011975	44.970017731452074
293.6236395760931	44.970017731452074
298.72182179303627	44.970017731452074
304.0687648659605	44.970017731452074
309.6766068395325	44.970017731452074
315.55807802253446	44.970017731452074
321.7265298868171	44.970017731452074
328.19596537634897	44.970017731452074
334.9810706951667	44.970017731452074
342.09724864638684	44.970017731452074
349.5606535979632	44.970017731452074
357.3882281545641	44.970017731452074
365.597741618818	44.970017731452074
374.2078303292389	44.970017731452074
383.2380399664009	44.970017731452074
392.70886992340206	44.970017731452074
402.6418198413425	44.970017731452074
413.0594384154545	44.970017731452074
423.9853719591648	44.97001730242221
425.35663309011903	44.52031740826155
431.97947657153173	42.13150345020996
437.4777586606609	39.870865400561115
442.18533172460144	37.73152576119947
446.2968091851325	35.70697605796195
449.937889334482	33.7910570400251
453.1956106964974	31.97793994172809
456.1333629581738	30.262108749824684
458.799116083437	28.638343422216273
461.23027947955126	27.10170400711251
463.45674162433494	25.64751561430557
465.50286138124847	24.271354192836686
467.3888229214782	22.96903307178594
469.13158730428563	21.736590223239475
470.7455790066582	20.570276208683808
472.24319282651805	19.4665427721571
473.635175770873	18.422032045454426
474.9309198949157	17.43356633254626
476.13869040214786	16.49813844213152
477.26580581829285	15.612902538914044
478.31878210600667	14.775165485769499
479.303449250821	13.982378650463186
480.225046551864	13.232130151992447
481.08830124083806	12.52213752296485
481.8974939052008	11.850240765689056
482.65651336147226	11.214395780853058
483.36890301562863	10.612668148797916
484.0379002953813	10.043227244467943
484.66647039927403	9.504340668133315
485.2573353493423	8.994368974941816
485.81299913607006	8.511760687265486
486.33576959098104	8.055047574668478
486.82777750237193	7.622840187136072
487.2909933953579	7.213823627976319
487.7272423225372	6.8267535535335355
488.13821695172015	6.460452387544253
488.5254891890393	6.113805738618305
488.8905205367652	5.785759009946126
489.2346713533872	5.47531419091801
489.55920915752813	5.18152682089455
30	120
258.84545749249605	799.9999999999992
257.321796003497	752.3061045321816
255.97266778449318	707.4555936454828
254.7888075546063	665.2789522311718
253.76152720119353	625.6167712253558
252.88267176821566	588.3191451131861
252.14458343199726	553.2451053522558
251.54007225097223	520.2620875738172
251.06239269754658	489.24543054804934
250.70522518883115	460.0779050197167
250.46266202676074	432.649270633388
250.32919733726752	406.85585927361893
250.29972076710374	382.60018324528744
250.36951486133535	359.7905668132017
250.53425621165235	338.340799708332
250.79002064617404	318.1698112910993
251.13329293721182	299.20136414018305
251.5609817521214	281.36376590877006
252.07044088648541	264.58959835916454
252.65949823198866	248.8154625516481
253.32649449099443	233.9817392245043
254.07033442859392	220.03236345956466
254.89055456215755	206.91461278159295
255.78741280256315	194.57890789063205
256.76200796501826	182.9786252741596
257.81644072987933	172.06992099082117
258.9540333601098	161.8115649597063
260.17963469117376	152.16478512886655
261.5000521993716	143.09312093409264
262.9246792842559	134.56228549409963
264.46643318974697	126.54003602126681
266.14320822909815	118.996051958152
267.9802276170782	111.9018203791831
270.0140614056641	105.23052822440401
272.29998167157754	98.95696095795655
274.92671175183375	93.05740726827942
278.0499894756147	87.5095694498304
281.98490114221056	82.29247912761296
287.55886620758105	77.38641800598803
299.37127993868654	72.7728433422301
305.063025551802	72.05232187727721
306.27815413203695	72.05232015119158
307.51077058260023	72.05232015119158
308.76112667457187	72.05232015119158
310.02947771435896	72.05232015119158
311.3160826827023	72.05232015119158
312.62120428755657	72.05232015119158
313.9451090177326	72.05232015119158
315.28806719731006	72.05232015119158
316.65035304083466	72.05232015119158
318.03224470930877	72.05232015119158
319.43402436698904	72.05232015119158
320.8559782389996	72.05232015119158
322.2983966697765	72.05232015119158
323.7615741823512	72.05232015119158
325.24580953848965	72.05232015119158
326.7514057996942	72.05232015119158
328.27867038908596	72.05232015119158
329.82791515417546	72.05232015119158
331.39945643053915	72.05232015119158
332.99361510640955	72.05232015119158
334.61071668819784	72.05232015119158
336.2510913669569	72.05232015119158
337.915074085803	72.05232015119158
339.6030046083055	72.05232015119158
341.315227587864	72.05232015119158
343.0520926380799	72.05232015119158
344.8139544041449	72.05232015119158
346.6011726352537	72.05232015119158
348.4141122580606	72.05232015119158
350.25314345119244	72.05232015119158
352.1186417208347	72.05232015119158
354.01098797740445	72.05232015119158
355.93056861332775	72.05232015119158
357.8777755819356	72.05232015119158
359.8530064774961	72.05232015119158
361.8566646163972	72.05232015119158
363.88915911949965	72.05232015119158
365.9509049956737	72.05232015119158
368.0423188893718	72.0523190389233
381.2701747344761	71.33179693941364
410.7165550426354	66.69334699273146
425.30887166270094	62.356518746763754
435.70121931035294	58.30169882820936
443.87182389515544	54.51054925082141
450.6136408107994	50.965924481577986
456.33869081933244	47.65179389974268
461.2937310268671	44.55316929813191
465.64063823227696	41.65603709871511
469.49259273796014	38.94729497598914
472.9325443905419	36.414692601507696
476.0235288289232	34.046776241579536
478.81484050493356	31.83283695757994
481.3459318343023	29.76286217460845
483.64898638884506	27.827490399463425
485.7506797608671	26.017968883142704
487.6734219262803	24.326114036400345
489.4362569739995	22.7442744193364
491.05552958475135	21.265296137641087
492.5453885739938	19.88249048899605
493.91817401490283	18.589603713314215
495.1847194987851	17.380788710012073
496.3545914250494	16.25057859440651
497.4362808131771	15.193861973643372
498.4373587980161	14.205859830343941
499.36460398032926	13.282103909424128
500.2241077041795	12.41841651034148
501.0213618330067	11.610891593379199
501.76133250940353	10.855877114520851
502.4485225853143	10.149958509024254
503.08702481560607	9.489943248999364
503.68056746124034	8.872846405151108
504.2325536085547	8.295877147390119
504.74609525026835	7.756426123260208
505.22404297156913	7.252053657101271
505.66901192651375	6.780478716578075
506.0834046653059	6.339568596675958
506.469431274049	5.9273292745092165
506.8291272093351	5.541896391321556
507.16436914628144	5.18152682089455
50	89
292.09011130204914	799.9999999999949
289.88364008221083	716.3528622026395
288.3059182284361	642.6646093612098
287.2854032372057	577.7856066524494
286.75658625214527	520.6908510884841
286.6596733626635	470.4675100128332
286.94036061584706	426.3043957912123
287.5496154240176	387.4824372513886
288.4434241706603	353.36571402107415
289.5824951419907	323.3929142792383
290.9319224878768	297.069228518697
292.46082475583836	273.95875316986144
294.1419737333956	253.67748546149056
295.9514281720807	235.88697039074532
297.86818408542246	220.28862903372007
299.8738498191362	206.61876499155593
301.9523506799661	194.6442181899466
304.0896649720734	184.15861499113973
306.27359100204484	174.97915105488948
308.49354300757784	166.94383782699362
310.7403729842541	159.90914358778429
313.006214926385	153.74796412423464
315.2843479407716	148.3478648388679
317.56907491698837	143.60954422419096
319.8556138380438	139.4454771294314
322.1399993034188	135.77870441606504
324.418992345184	132.5417429770685
326.6899970999657	129.6755964262326
328.95098332450425	127.12885195318894
331.20041409439654	124.85685290690209
333.4371782992801	122.82093971252388
335.66052774556965	120.98775388265278
337.87001880772596	119.32860131311065
340.0654586413112	117.81887191350441
342.2468559974664	116.43751306123666
344.4143766705998	115.16655451251985
346.5683035795135	113.990682361924
348.7090014363179	112.89685949742837
350.83688590498855	111.87398981412835
352.9523970980047	110.91262327124684
355.05597720991494	110.00469873368046
357.1480520436297	109.14332144698182
359.2290161505644	108.32257196104642
361.29922128040744	107.53734334261965
363.35896782002345	106.78320359556244
373.41184463549195	103.38849257437951
383.2189348583753	100.33531990357169
392.75681052253736	97.40921685303093
401.9839271607197	94.46719345115145
410.85437197513886	91.41850357601353
419.32762906371397	88.21567530584527
427.37364032656643	84.84576168721708
434.9742133613041	81.32084991365782
442.1222018734848	77.66908124518842
448.81963846568016	73.92721435494886
455.07559644015487	70.1350930903933
460.90420364368094	66.33189443279541
466.322986634253	62.55381277524338
471.3515799859327	58.8327982815322
476.01076506185126	55.19601702044081
480.321776969237	51.665777546594974
484.3058166670361	48.25974191691517
487.98371393780576	44.991297655662734
491.37569865895	41.87000971390697
494.5012488812507	38.90210071256513
497.3789932659495	36.09092722800283
500.0266522270581	33.437432639970865
502.4610069608876	30.940565392709292
504.6978888592606	28.59765697577535
506.752184020899	26.40475751869384
508.63784904305595	24.35692924858726
510.3679352490489	22.448499582211646
511.95461916529996	20.67327656903962
513.4092375215274	19.024729939698737
514.7423253845913	17.496141261649573
515.963656295622	16.080726746398998
517.0822834885909	14.771736153109176
518.1065814416739	13.562531040126197
519.0442871596935	12.446645365035167
519.9025407114578	11.417831152542583
520.687924653245	10.470091657699742
521.4065020610605	9.59770416381341
522.0638529713663	8.795234279371888
522.6651090943213	8.057543342448849
523.2149867165082	7.37979030767612
523.7178177532077	6.757429281399737
524.177578944646	6.186203685076397
524.5979192177045	5.66213786443089
524.9821852552775	5.181526820894553
70	89
325.11715013859646	800.0000000000049
323.68538914976756	732.7997452692963
322.70990100366726	672.7419973715007
322.1392592106477	619.0443568052676
321.9268628107765	571.0096666940868
322.030666315133	528.0178812244236
322.41289178444674	489.51840413507426
323.0397207867642	455.0228483805325
323.8809717657645	424.09823670282543
324.9097718179479	396.36068751755363
326.10223253188866	371.4696291508425
327.43713852065537	349.12257059946774
328.89565539980833	329.05043700505627
330.4610617915668	311.013458152428
332.1185078340333	294.7975814464337
333.85480085334376	280.2113683071494
335.6582174157402	267.083325013018
337.5183399405094	255.25961533539564
339.4259153974081	244.6021021277963
341.3727332815937	234.9866675132078
343.35151998890063	226.30176561471185
345.3558468374496	218.44716715223308
347.38004923487244	211.33286106367925
349.4191548199012	204.8780841301241
351.4688187687977	199.01045505604344
353.52526481775647	193.66519436271696
355.58523088887324	188.7844156826357
357.6459185044726	184.31647755797698
359.7049454248517	180.21538766700598
361.76030114551173	176.4402535859655
363.81030504317386	172.9547758193458
365.85356706965877	169.7267799877772
367.8889509647279	166.72778583953408
369.91553999992385	163.9326112342816
371.9326052816811	161.31900951100292
373.93957663996304	158.8673387622381
375.93601611380143	156.56026154585496
377.92159402232073	154.3824735169576
379.89606758287937	152.32045938725423
381.85926201013325	150.3622745407907
383.8110540031304	148.4973505686437
385.75135750393196	146.71632294034288
387.6801115913455	145.01087901125334
389.5972703580844	143.37362457409614
391.5027946086823	141.79796719765355
401.44735332515506	134.23092483274607
411.04992627430084	127.61904898633794
420.2899560641957	121.57098372144712
429.14089549279095	115.84771953848042
437.5769332125912	110.30624833225794
445.5781039452327	104.86819068677553
453.13268437612015	99.4987586178946
460.23740610592796	94.1913057998594
466.89640294602657	88.95597077493811
473.119656507525	83.81165821265424
478.92141830628793	78.78067227664786
484.31884173388846	73.88533283987731
489.33089729112015	69.1459892378812
493.9775592849625	64.5799715893435
498.2792173262409	60.20114615184514
502.25625934148394	56.019846214620095
505.92877918076397	52.04302775700773
509.316372383334	48.274552526881045
512.4379938681451	44.715536268171796
515.311859555737	41.36472232464
517.9553799110497	38.21885523636949
520.385117436574	35.27303828433264
522.6167627288253	32.52106516027627
524.6651252990313	29.955720204152673
526.5441363137011	27.56904463637377
528.2668609889284	25.352568313513277
529.8455187402953	23.297507995176936
531.2915094490639	21.394934085363133
532.6154444110209	19.63590841799726
533.8271807150038	18.01159598196123
534.9358579660882	16.513353597332117
535.9499364269357	15.132798520042257
536.8772357997309	13.861859813977205
537.7249740087325	12.692815125027119
538.4998054681499	11.618315249605539
539.207858430783	10.631398632114315
539.8547711093628	9.725497667149
540.4457263450655	8.894438433394685
540.9854846670468	8.132435253837818
541.4784156442565	7.43408126491599
541.9285274773887	6.794335987246984
542.3394948161443	6.208510722848035
542.7146848161368	5.6722524575144195
543.0571814721854	5.181526820894552
90	89
357.85483972170977	799.9999999999949
356.98985393348323	745.848128929313
356.4474988170042	696.7320349293128
356.193276141958	652.1448417121794
356.1961091019006	611.6339240217436
356.4280688342761	574.7952858214869
356.86409921213766	541.2683149503923
357.4817458067882	510.73094019940464
358.260894685555	482.89521072723136
359.18352579761194	457.5033068381971
360.2334844698201	434.3239788958057
361.396273230152	413.1493997231865
362.6588649569446	393.79240644614515
364.00953730996343	376.08410087805123
365.4377275761756	359.8717732789205
366.93390646785696	345.0171124112961
368.48946902813344	331.394664876653
370.09664060206484	318.89050830197874
371.74839578537603	307.40110561340344
373.4383883324769	296.8323109781192
375.16089015671054	287.09850167730406
376.9107377587515	278.1218139182384
378.68328464895643	269.8314642015191
380.47435856612844	262.1631411892135
382.28022252389417	255.05845598660906
384.09753892654265	248.46444131215333
385.92333618206646	242.3330921797883
387.75497739831894	236.62094247125802
389.5901308777948	231.28867316667126
391.4267422285658	226.30074907173378
393.26300798574124	221.62508167677842
395.0973506923887	217.2327163533787
396.928395424651	213.09754248388035
398.75494776620496	209.19602536849425
400.5759732455951	205.50695889947042
402.39057824941335	202.0112380625617
404.1979924173916	198.6916503470418
405.997552514589	195.5326851367319
407.7886877627487	192.52036013068647
409.57090659919174	189.64206381419442
411.34378481819675	186.88641297629002
413.10695503770006	184.24312425365113
414.86009742372454	181.70289867548675
416.602931596475	179.25731819052837
418.33520963583675	176.8987531755706
428.06518264233284	164.73193182832293
437.40872656572105	154.26947276345368
446.34137649803915	144.9206015420253
454.84324820883757	136.32522931728596
462.9000050500722	128.26440423891307
470.5041700011625	120.60859949537449
477.6553527888896	113.28511883980278
484.3594795165063	106.25657887268216
490.62751767454677	99.50662545059873
496.4741212753757	93.03062186078354
501.9164373424952	86.82974658380947
506.9731611669269	80.90737245117371
511.6638363810579	75.26693005378547
516.0083561513924	69.91071474512887
520.0266135348836	64.83928421308825
523.7382557650922	60.05122212498614
527.1625086489071	55.54312669045847
530.3180481781666	51.30973497954713
533.2229049425272	47.34412566667405
535.8943927208679	43.637962448991736
538.3490561941035	40.18175277868635
540.6026347066507	36.965104769316106
542.6700399859648	33.97697087922183
544.565346143978	31.205871154066212
546.301790420215	28.64009191474243
547.8917831570285	26.267858080323368
549.3469255146732	24.077478990316457
550.6780334780326	22.057468761214803
551.8951667881934	20.196642981180833
553.0076615463611	18.4841940014244
554.0241653743741	16.909747299332057
554.9526741640606	15.463401431016438
555.8005695969376	14.135754012651939
556.5746567589704	12.917916012934358
557.2812013072006	11.80151643570935
557.9259657631954	10.778699246347776
558.5142446112476	9.842114164973955
559.0508979670967	8.984902725834523
559.5403836563471	8.200680792342911
559.9867876020406	7.483518525898579
560.3938524694687	6.8279186354312165
560.7650045547881	6.228793584150277
561.103378933875	5.68144229953642
561.4118429105196	5.181526820894552
110	89
390.201921867169	800.000000000002
389.72807478984225	756.0488496284199
389.4798864761648	715.6272844438357
389.43535065573326	678.4181590198128
389.5745995384292	644.1361509650413
389.87969866408275	612.524323006286
390.33445267905927	583.350994501553
390.9242243198587	556.4069209807546
391.6357681340856	531.5027734832147
392.45707974143585	508.46690355967
393.37726078820015	487.1433751956056
394.38639920909793	467.3902417080428
395.47546399191083	449.07804381639073
396.636213342472	432.08850443661953
397.86111496001524	416.31339608927846
399.14327704106495	401.6535579225669
400.4763886165287	388.01804101136645
401.85466787384087	375.32336260509095
403.2728172072775	363.49285219142655
404.7259838597365	352.4560744824052
406.2097251558115	342.1483166087316
407.7199774683806	332.5101288523262
409.25302820122664	323.4869101057453
410.805490202482	315.02853089286
412.3742781440518	307.0889882072482
413.9565865082255	299.6260876254256
415.5498689133417	292.60114914374657
417.15181858572987	285.97873398838703
418.7603498456926	279.72639027920656
420.37358052244315	273.8144159139148
421.9898152480003	268.2156374020934
423.6075296048659	262.90520364142435
425.2253551185086	257.86039381135043
426.84206509490514	253.06043868039495
428.4565613072167	248.48635469789
430.06786153539525	244.12079028216417
431.67508795940853	239.94788373572143
433.2774564017667	235.9531322223807
434.8742664090058	232.12327123784644
436.4648921553513	228.44616399898413
438.0487741454836	224.9107001713026
439.6254116874746	221.506703351229
441.1943561018472	218.2248467209492
442.7552046284597	215.0565762996358
444.3075949896363	211.9940412257689
453.7499629843276	194.92880132975142
462.79856483864893	180.4132916325601
471.4199334778766	167.64128285822883
479.59466541049744	156.1136092640179
487.31357044604374	145.5183862655736
494.5758142298998	135.66050063965267
501.3873279202155	126.41797628460542
507.7591899194439	117.71427462353351
513.7061154589838	109.50065139919374
519.2452000116625	101.74501409681798
524.3949679109431	94.4249671998751
529.1747001094488	87.52351772627914
533.6039792829491	81.02644922720569
537.702386302778	74.92073688791174
541.4892937789703	69.1936152361543
544.9837184755363	63.83205987691352
548.2042088761813	58.822535429348164
551.1687548611878	54.15091566040143
553.8947132867385	49.80251377621469
556.3987470478222	45.76218038208951
558.696776936092	42.01443924808154
560.8039461127438	38.5436397286874
562.7345969082155	35.33411104954415
564.5022593195284	32.370308488239836
566.1196502180165	29.636945154915463
567.5986820062215	27.119105861545158
568.9504793047851	24.80234162267467
570.1854022029584	22.672744789624446
571.3130746478705	20.71700580284717
572.342416651625	18.922453158114855
573.2816791371192	17.277078512610963
574.1384804031999	15.769548983469997
574.9198433526075	14.389208676114817
575.6322327820699	13.126071371763189
576.2815921766975	11.970806139777352
576.8733795773334	10.914717448257278
577.4126021986057	9.949721144555726
577.9038495674079	9.06831747909237
578.3513250275748	8.26356215910918
578.7588755181844	7.529036248520647
579.130019582054	6.858815577996888
579.4679735994188	6.247440196423202
579.7756762711439	5.6898842803624285
580.0558113977511	5.181526820894556
130	89
422.0688295286928	800.0000000000035
421.8530065004593	764.0077998412215
421.79523807211797	730.4957755035681
421.8818300747498	699.2686099313411
422.1003071718947	670.1485616475841
422.43928982999734	642.9736142631003
422.8883820425373	617.5958201616972
423.43806989447444	593.8798268505071
424.07963074649115	571.701572583152
424.8050525728706	550.9471366852222
425.6069628031125	531.5117294722224
426.4785658922667	513.2988066573723
427.41358877184626	496.21929359649147
428.40623330484925	480.1909055046687
429.4511348760176	465.1375508038351
430.5433262843485	450.9888059350336
431.6782061610153	437.6794512170276
432.851511205679	425.1490585939572
434.0592916116687	413.3416233405739
435.2978891310569	402.20523294995087
436.5639173103035	391.69176749144947
437.8542435031221	381.7566266821358
439.16597233752174	372.3584797563614
440.49643037726446	363.45903494554267
441.8431517735725	355.0228259974143
443.2038647506885	347.01701367881765
444.57647880880666	339.411200627424
445.9590725606263	332.17725825677945
447.34988214373413	325.28916468621975
448.7472901710299	318.72285287348024
450.14981519625115	312.45606828354704
451.556101682024	306.4682355414694
452.96491046470567	300.74033359848016
454.3751097140529	295.25477899649485
455.78566638734446	289.995316852775
457.1956381774492	284.9469192090254
458.6041659528839	280.0956904020479
460.01046668580176	275.4287791195404
461.41382686115907	270.9342968074463
462.8135963574619	266.6012420963941
464.2091827867406	262.4194309157301
465.6000462786713	258.3794319653785
466.9856946914819	254.472507218864
468.3656792302404	250.69055713580224
469.7395904515167	247.0260702688833
478.84261522228854	224.85239442533612
487.57136184220406	206.14201364323404
495.87956159083484	189.86216120210597
503.74370788844897	175.36179411774586
511.1551006231318	162.22391995523077
518.1152876690269	150.1774947414961
524.6329101593726	139.04314747265937
530.7213239104436	128.69920898821752
536.3968300967113	119.06038070429642
541.6774302598676	110.0643605496762
546.582003570578	101.66345708025852
551.1297910281863	93.81930710356072
555.3400808286319	86.4995203275613
559.2320128821384	79.67553024357477
562.8244471298524	73.32121403343572
566.135863000325	67.41201482343006
569.1842736236257	61.92439968979126
571.9871485523921	56.835545203514194
574.5613441303364	52.12317703483559
576.9230428824687	47.76551181025789
579.0877036997543	43.74126387515468
581.0700240941428	40.02968992902619
582.8839149976714	36.61065222094656
584.5424877963289	33.46468690691733
586.0580526733484	30.573068706984014
587.4421269291105	27.917866429496314
588.7054517318114	25.481986457876864
589.8580156961542	23.249203095373087
590.9090837428299	21.20417588810044
591.8672298193769	19.332454829142666
592.7403722307226	17.620474799183583
593.5358105112182	16.055540814497892
594.2602629526053	14.625805704476114
594.9199040736872	13.320241784608276
595.5204014715384	12.12860796903604
596.0669516283463	11.041413609731547
596.564314362004	10.049880178182862
597.0168457033154	9.14590173424196
597.4285290598897	8.322004964390121
597.8030045885632	7.571309423211955
598.143596746684	6.887488479837809
598.4533400299189	6.264731356241352
598.7350029322821	5.697706546155025
598.9911101846064	5.181526820894555
150	89
453.405512176708	799.9999999999957
453.3539942599503	770.2657940730752
453.41396573568016	742.2849572573118
453.57693344843307	715.9373550297818
453.8350623727697	691.1122476545429
454.18111222124475	667.7073859595225
454.6083806545334	645.6282063659943
455.11065269918134	624.7871162550097
455.682155912571	605.1028607644232
456.31752079439326	586.4999623365907
457.01174592556043	568.9082247333083
457.7601673156183	552.2622937563705
458.5584314545473	536.5012675181817
459.40247159089284	521.5683497620715
460.2884867923125	507.41054040602876
461.21292338401673	493.9783581527428
462.1724584027872	481.2255906540732
463.1639847473762	469.1090683257569
464.18459774850413	457.58845846900425
465.23158292216243	446.62607686384297
466.3024047076628	436.18671445192246
467.3946960263051	426.2374771242304
468.5062485272272	416.7476369728606
469.6350034139496	407.68849365938604
470.7790427682867	399.03324479870287
471.93658130783683	390.75686446177036
473.10595852941026	382.8359890674309
474.2856312038422	375.2488100680126
475.4741661979179	367.9749729397373
476.6702336070605	360.99548207189207
477.87260018821735	354.2926112120888
479.08012308647426	347.84981917240424
480.2917438515582	341.6516705359733
481.50648274186307	335.6837611285596
482.72343331422826	329.93264803684
483.9417572975947	324.3857839669939
485.1606797481089	319.03145574490696
486.379484482297	313.8587267644231
487.5975097838735	308.85738319360695
488.8141443785555	304.017883751556
490.02882367003355	299.33131287069415
491.24102622919867	294.78933706196796
492.45027052761907	290.3841643032702
493.65611190545656	286.10850627489083
494.8581397632394	281.95554326995375
503.5840794101315	254.5258793600443
511.9747213672537	231.52106792400394
519.968197545722	211.67452809947076
527.5335121373015	194.1744035765844
534.6590274085817	178.4899230442673
541.3455594762861	164.2666967098509
547.6018451531714	151.26213592206102
553.44146083768	139.30515740926796
558.8807680595136	128.27092445930498
563.9376080466994	118.06494781577663
568.6305180621589	108.61299373517318
572.9782831605106	99.85458837478107
576.9996835218018	91.73876342712786
580.7133432912382	84.22122255580518
584.1376248307031	77.26243214257046
587.2905396214372	70.82633093673617
590.1896643527076	64.87946436840166
592.8520602280914	59.39041444894903
595.2941977458448	54.329435689776524
597.5318902982937	49.66823284030975
599.58023942577	45.37983366797244
601.4535934337614	41.43852267617031
603.16551989054	37.81981121486028
604.7287915305086	34.500426746186655
606.1553843846117	31.458309593467725
607.4564865377977	28.67260967506244
608.6425157263153	26.123678780375236
609.7231439742426	23.79305611545263
610.707327571372	21.663446328792794
611.6033408663945	19.71869019152078
612.4188125541223	17.94372868753144
613.1607633483671	16.324561578387883
613.8356441367982	14.848201629860585
614.4493739010119	13.502625686225471
615.0073768496554	12.276723701882036
615.5146183531333	11.160246721013475
615.9756393859618	10.143754657969838
616.3945892789802	9.21856458909933
616.7752566607793	8.37670013049126
617.1210985284956	7.610842351102978
617.4352674351123	6.9142825598258755
617.7206368159029	6.280877209149454
617.979824502842	5.705005076977208
618.2152144944416	5.181526820894552
170	89
484.2056499927039	799.9999999999994
484.25481382891815	775.2477704473874
484.3831457723435	751.7420867837753
484.5853358583422	729.4086759515609
484.85642247609445	708.1782399065625
485.19176281654273	687.986040442368
485.58700652031087	668.771527902959
486.0380722319684	650.4780091828977
486.5411267684546	633.0523506877674
487.09256661753363	616.4447122379463
487.68900149520454	600.6083082311143
488.3272397080729	585.4991927211166
489.0042750860968	571.0760654118199
489.71727527234515	557.3000958968548
490.46357117813636	544.1347637928033
491.2406474337241	531.5457127101268
492.0461336858349	519.5006162798599
492.8777966135131	507.9690547030308
493.73353255247105	496.92240051315906
494.61136063534656	486.33371244039427
495.50941637078023	476.1776364393891
496.4259455980137	466.4303130935473
497.3592987657381	457.0692907371579
498.30792549433824	448.07344374619834
499.2703693894708	439.42289554019817
500.245263082292	431.0989459134235
501.2313234776604	423.0840023758226
502.22734719653766	415.3615152345262
503.23220620254216	407.9159161868867
504.2448436056054	400.7325602278786
505.26426963773025	393.79767069932205
506.28955779740477	387.0982873274646
507.3198411601578	380.62221710978315
508.3543088532819	374.3579879226803
509.39220269296135	368.2948047296541
510.43281398199815	362.42250827541625
511.4754804660845	356.7315361557345
512.519583446243	351.2128861560488
513.564545044596	345.8580817544708
514.6098256201896	340.6591396869458
515.6549213311162	335.6085394743555
516.6993618387198	330.69919481324905
517.7427081492885	325.9244267339891
518.7845505882347	321.2779384322525
519.8245069014946	316.7537916822366
528.1450834629785	283.9655903709241
536.1835287742243	256.596976661476
543.8603568500947	233.14322275005742
551.1346015850111	212.6256233247377
557.9891717023207	194.39353591790115
564.4218754881208	178.0039312503432
570.4396492313177	163.1468160357802
576.0548130525281	149.5985993046368
581.282706479499	137.19274053959606
586.140264088262	125.80111548470454
590.6452009453232	115.3220211455981
594.8155642555179	105.67230663707775
598.6694843991239	96.78210027673958
602.2250217350446	88.59120766303137
605.5000520893552	81.0466168310786
608.5121644630453	74.10075844275767
611.278562344343	67.71029273177764
613.8159689206288	61.835268599351856
616.1405398316173	56.43854603904433
618.2677874122849	51.48540326807127
620.212519306487	46.943271105806375
621.9887928716737	42.781552676844896
623.609885446598	38.97149822072119
625.0882795245643	35.486113671830864
626.4356612043345	32.300088369330865
627.6629299377311	29.389732228542528
628.780217485326	26.732916318382053
629.7969140548805	24.30901334610074
630.7216997670388	22.098836302283633
631.5625798191767	20.084574670975815
632.3269219653555	18.249728326067434
633.0214951744277	16.579039643551038
633.6525085548844	15.058424557149285
634.2256498365981	13.674903344127141
634.7461228732283	12.416531900915054
635.2186837747171	11.27233419112257
635.6476753989606	10.232236446656604
636.0370600280396	9.28700359248638
636.3904501305121	8.428178257506355
636.7111371702725	7.648022634035505
637.0021184673273	6.939463359923779
637.2661221490596	6.296039521246105
637.5056302545075	5.711853810154115
637.7229000707017	5.181526820894556
