# Table format: 3D
# Table name: Ironloss
# Model name: EMDPMSM12
# Application: MotorSolve
# Version: 6.2.0.0
# Export version: 1
# Updated: 2018-08-22T15:30:45.052Z
# table_unit = W
# axis1_unit = Arms
# axis2_unit = degree
# axis3_unit = rev/min
# axis1_token = I
# axis2_token = theta
# axis3_token = W
21
37
7
     0     2.5     5     8     11     14     17     21     25     30     35     42.5     50     60     70     85     100     125     150     175     200
     0     5     10     15     20     25     30     35     40     45     50     55     60     65     70     75     80     85     90     95     100     105     110     115     120     125     130     135     140     145     150     155     160     165     170     175     180
     0     500     1000     1500     2000     2500     3000
     0     0     0     0     0     0     0     0     0     0     0     0     0     0     0     0     0     0     0     0     0
     0     0     0     0     0     0     0     0     0     0     0     0     0     0     0     0     0     0     0     0     0
     0     0     0     0     0     0     0     0     0     0     0     0     0     0     0     0     0     0     0     0     0
     0     0     0     0     0     0     0     0     0     0     0     0     0     0     0     0     0     0     0     0     0
     0     0     0     0     0     0     0     0     0     0     0     0     0     0     0     0     0     0     0     0     0
     0     0     0     0     0     0     0     0     0     0     0     0     0     0     0     0     0     0     0     0     0
     0     0     0     0     0     0     0     0     0     0     0     0     0     0     0     0     0     0     0     0     0
     0     0     0     0     0     0     0     0     0     0     0     0     0     0     0     0     0     0     0     0     0
     0     0     0     0     0     0     0     0     0     0     0     0     0     0     0     0     0     0     0     0     0
     0     0     0     0     0     0     0     0     0     0     0     0     0     0     0     0     0     0     0     0     0
     0     0     0     0     0     0     0     0     0     0     0     0     0     0     0     0     0     0     0     0     0
     0     0     0     0     0     0     0     0     0     0     0     0     0     0     0     0     0     0     0     0     0
     0     0     0     0     0     0     0     0     0     0     0     0     0     0     0     0     0     0     0     0     0
     0     0     0     0     0     0     0     0     0     0     0     0     0     0     0     0     0     0     0     0     0
     0     0     0     0     0     0     0     0     0     0     0     0     0     0     0     0     0     0     0     0     0
     0     0     0     0     0     0     0     0     0     0     0     0     0     0     0     0     0     0     0     0     0
     0     0     0     0     0     0     0     0     0     0     0     0     0     0     0     0     0     0     0     0     0
     0     0     0     0     0     0     0     0     0     0     0     0     0     0     0     0     0     0     0     0     0
     0     0     0     0     0     0     0     0     0     0     0     0     0     0     0     0     0     0     0     0     0
     0     0     0     0     0     0     0     0     0     0     0     0     0     0     0     0     0     0     0     0     0
     0     0     0     0     0     0     0     0     0     0     0     0     0     0     0     0     0     0     0     0     0
     0     0     0     0     0     0     0     0     0     0     0     0     0     0     0     0     0     0     0     0     0
     0     0     0     0     0     0     0     0     0     0     0     0     0     0     0     0     0     0     0     0     0
     0     0     0     0     0     0     0     0     0     0     0     0     0     0     0     0     0     0     0     0     0
     0     0     0     0     0     0     0     0     0     0     0     0     0     0     0     0     0     0     0     0     0
     0     0     0     0     0     0     0     0     0     0     0     0     0     0     0     0     0     0     0     0     0
     0     0     0     0     0     0     0     0     0     0     0     0     0     0     0     0     0     0     0     0     0
     0     0     0     0     0     0     0     0     0     0     0     0     0     0     0     0     0     0     0     0     0
     0     0     0     0     0     0     0     0     0     0     0     0     0     0     0     0     0     0     0     0     0
     0     0     0     0     0     0     0     0     0     0     0     0     0     0     0     0     0     0     0     0     0
     0     0     0     0     0     0     0     0     0     0     0     0     0     0     0     0     0     0     0     0     0
     0     0     0     0     0     0     0     0     0     0     0     0     0     0     0     0     0     0     0     0     0
     0     0     0     0     0     0     0     0     0     0     0     0     0     0     0     0     0     0     0     0     0
     0     0     0     0     0     0     0     0     0     0     0     0     0     0     0     0     0     0     0     0     0
     0     0     0     0     0     0     0     0     0     0     0     0     0     0     0     0     0     0     0     0     0
     0     0     0     0     0     0     0     0     0     0     0     0     0     0     0     0     0     0     0     0     0
     0     0     0     0     0     0     0     0     0     0     0     0     0     0     0     0     0     0     0     0     0
     18.29761     18.83156     19.41524     20.31877     21.44646     22.62123     23.83307     25.5764     27.64186     30.87218     34.67949     40.92683     47.04324     52.71223     56.47897     62.0593     67.33822     74.14881     79.00929     83.01448     86.68065
     18.29761     18.84978     19.44367     20.37227     21.50982     22.71496     23.93827     25.70715     27.76773     31.0006     34.8056     41.13545     47.18074     52.81567     56.57227     61.97641     67.1433     73.78545     78.51707     82.41545     85.97445
     18.29761     18.85256     19.47469     20.43174     21.61327     22.84811     24.12361     25.92709     28.02031     31.24523     35.09342     41.41937     47.37749     53.01613     56.84659     62.24524     67.24232     73.61816     78.14672     81.8955     85.33842
     18.29761     18.86337     19.50351     20.50708     21.74499     23.04399     24.38007     26.26222     28.40645     31.64727     35.50038     41.75895     47.65779     53.39772     57.42404     62.859     67.67661     73.8369     78.26897     81.92311     85.26585
     18.29761     18.86235     19.52744     20.57811     21.88769     23.25866     24.67285     26.66535     28.87625     32.20686     36.02965     42.21964     48.17055     54.20223     58.51401     64.02138     68.71238     74.71526     79.09332     82.64255     85.83534
     18.29761     18.86202     19.54436     20.63957     22.02738     23.47332     24.98221     27.10406     29.49579     32.89165     36.63156     42.80973     48.88231     55.09957     59.5636     65.06905     69.6075     75.45805     79.78526     83.27082     86.37335
     18.29761     18.8545     19.55213     20.69683     22.14958     23.67811     25.27716     27.58799     30.1485     33.59962     37.31746     43.41896     49.41742     55.65173     60.20895     65.72251     70.10371     75.79847     80.03593     83.46212     86.51272
     18.29761     18.87221     19.61647     20.84464     22.39164     23.99835     25.65899     28.10616     30.78783     34.32578     38.10704     44.1204     49.91124     56.07515     60.73943     66.22383     70.52252     76.08665     80.27428     83.65906     86.67043
     18.29761     18.89044     19.66759     20.97136     22.61174     24.28475     26.0179     28.59092     31.37143     35.0535     38.90293     44.73664     50.1422     56.08053     60.7598     66.27121     70.54044     76.06684     80.13093     83.46496     86.48058
     18.29761     18.8957     19.71681     21.07392     22.79684     24.53105     26.34839     29.02749     31.89732     35.73599     39.6779     45.26723     50.33757     56.03847     60.62067     66.11434     70.38197     75.79632     79.78951     83.09861     86.05272
     18.29761     18.90014     19.74816     21.1554     22.93727     24.74236     26.63558     29.39365     32.34942     36.33015     40.32961     45.76331     50.72565     56.30561     60.82664     66.22133     70.35183     75.61773     79.58144     82.77435     85.64092
     18.29761     18.89867     19.75604     21.21559     23.04568     24.89904     26.86356     29.7092     32.71717     36.77626     40.83063     46.23934     51.08699     56.52287     61.01383     66.37975     70.39751     75.5563     79.45596     82.60709     85.38383
     18.29761     18.88731     19.76713     21.24838     23.10846     24.99962     27.04042     29.9211     32.95462     37.05387     41.14557     46.60827     51.30271     56.5898     61.02572     66.30795     70.24657     75.30847     79.1601     82.27032     85.02711
     18.29761     18.87465     19.76929     21.29622     23.19823     25.15064     27.2837     30.27339     33.36205     37.46898     41.5761     47.01996     51.54297     56.66598     61.0528     66.28668     70.29214     75.48568     79.38064     82.56077     85.43832
     18.29761     18.86519     19.76811     21.30673     23.24728     25.23522     27.42694     30.47957     33.59539     37.70092     41.78688     47.17685     51.56539     56.57782     60.8874     66.104     70.18302     75.4528     79.44909     82.71733     85.68757
     18.29761     18.84666     19.74321     21.29749     23.23598     25.24529     27.45856     30.53794     33.6493     37.71948     41.78976     47.1207     51.41963     56.33034     60.55749     65.77036     69.86436     75.21058     79.27194     82.62846     85.66875
     18.29761     18.82155     19.70494     21.24443     23.16926     25.16614     27.38426     30.44996     33.52748     37.53342     41.5469     46.80717     51.06907     55.91822     60.13247     65.30917     69.34953     74.72904     78.92137     82.3478     85.43491
     18.29761     18.79108     19.65828     21.17962     23.05733     25.03206     27.19945     30.20209     33.22651     37.13661     41.04899     46.2131     50.44613     55.28286     59.50665     64.66429     68.65884     74.14717     78.40347     81.83784     84.95885
     18.29761     18.75626     19.59623     21.08129     22.90296     24.80285     26.89354     29.78346     32.72797     36.51311     40.27979     45.30502     49.50611     54.3531     58.62773     63.7621     67.77998     73.35109     77.62885     81.08252     84.23121
     18.29761     18.71802     19.52695     20.98427     22.77944     24.65973     26.74998     29.6536     32.55004     36.21529     39.7692     44.53957     48.62355     53.36346     57.59731     62.76659     66.86391     72.57694     76.97636     80.46613     83.65054
     18.29761     18.67682     19.44637     20.86395     22.6116     24.43588     26.49203     29.35339     32.19188     35.6918     39.05011     43.58667     47.55088     52.22755     56.44635     61.59993     65.81642     71.69633     76.17596     79.74392     83.00234
     18.29761     18.63535     19.35364     20.70686     22.39433     24.1855     26.26303     29.13588     31.96036     35.39436     38.57964     42.84182     46.58314     51.10806     55.27772     60.43172     64.7216     70.76579     75.42881     79.09893     82.47953
     18.29761     18.59148     19.25064     20.52842     22.13576     23.85274     25.90206     28.72588     31.48363     34.78598     37.80327     41.73075     45.27013     49.62023     53.73201     58.9256     63.30394     69.47765     74.25847     78.07362     81.59018
     18.29761     18.54731     19.15499     20.33796     21.86174     23.48813     25.50228     28.33129     31.07538     34.40232     37.40553     41.05672     44.32473     48.37623     52.34018     57.5245     61.93543     68.12584     72.98798     76.93156     80.70203
     18.29761     18.5036     19.04806     20.13608     21.55766     23.11239     25.01878     27.73958     30.40838     33.66751     36.57768     39.8387     42.82331     46.59206     50.46528     55.673     60.19301     66.40216     71.37549     75.64886     79.62939
     18.29761     18.44352     18.90463     19.89604     21.23571     22.73508     24.52163     27.12919     29.73586     33.08     36.14886     39.54012     42.42566     45.8958     49.17791     54.00847     58.61401     64.89116     69.9597     74.37797     78.46864
     18.29761     18.38147     18.75929     19.65204     20.8994     22.32415     23.93282     26.34844     28.80414     32.08532     35.16534     38.48467     41.13401     44.38238     47.16097     51.60126     56.30616     62.77842     67.92646     72.66479     77.04636
     18.29761     18.3239     18.63084     19.39316     20.50294     21.8027     23.207     25.4306     27.82611     31.07696     34.22347     37.98491     41.32825     44.83791     47.19542     50.9412     55.29734     61.44495     66.53556     71.52032     75.86481
     18.29761     18.28316     18.5047     19.14526     20.11615     21.28929     22.53759     24.43598     26.62668     29.67219     32.71453     36.50394     39.89836     43.25994     45.41319     48.87414     53.06102     59.02993     64.48721     69.79983     74.09923
     18.29761     18.21999     18.35413     18.87273     19.68005     20.66297     21.7611     23.38305     25.46618     28.32581     31.26636     35.39792     39.33907     43.6305     46.94484     51.15479     54.93933     59.73385     64.4178     69.20621     73.29572
     18.29761     18.16315     18.21621     18.61257     19.28233     20.09353     21.03179     22.46242     24.20988     26.67946     29.2697     33.32416     37.15749     41.12381     44.30444     48.98094     52.95828     57.75281     62.47964     67.03011     71.56007
     18.29761     18.11992     18.09545     18.38516     18.90462     19.55196     20.31439     21.49763     22.85526     25.0922     27.72246     32.06073     36.48709     42.44277     48.75359     58.43861     64.53485     69.84861     72.94279     75.60856     78.86462
     18.29761     18.07782     17.99482     18.17999     18.57821     19.08461     19.6997     20.66853     21.81362     23.52558     25.79088     29.65651     33.69572     39.7444     46.39594     56.45988     63.03376     68.5022     70.86719     73.44804     77.14348
     18.29761     18.05511     17.91535     18.0109     18.3103     18.70793     19.20792     20.02435     20.99875     22.4198     23.94625     26.61887     29.51869     34.17104     39.11012     45.56042     51.91169     57.86606     61.80711     66.4338     72.46555
     18.29761     18.02521     17.845     17.86078     18.05403     18.34298     18.7012     19.28183     20.02004     21.11057     22.01007     23.12373     26.18089     35.09546     45.252     60.03034     72.49808     80.68105     67.51779     60.88145     77.57175
     18.29761     18.02107     17.80239     17.76176     17.89048     18.10243     18.3723     18.80051     19.42072     20.40911     20.99336     21.16247     23.61539     30.54505     37.1161     48.51785     60.45849     75.78357     60.19905     49.6411     74.25064
     18.29761     18.01551     17.79701     17.72605     17.83805     18.04393     18.29511     18.69976     19.3686     20.54086     21.23924     21.55889     24.91029     31.65074     31.93053     31.27883     48.22973     76.93414     56.77669     42.50667     72.69859
     46.69637     47.92959     49.28512     51.43081     54.15238     57.01794     60.00758     64.37197     69.61253     77.88383     87.74303     104.1662     120.3848     135.569     145.7394     160.8077     175.1624     193.8172     207.2331     218.3431     228.5537
     46.69637     47.97567     49.35877     51.56577     54.31353     57.25275     60.27327     64.70232     69.93923     78.23099     88.09972     104.7195     120.7773     135.9181     146.1165     160.8109     174.8918     193.1268     206.2171     217.0365     226.9402
     46.69637     47.98499     49.43681     51.71481     54.57125     57.58744     60.73874     65.26504     70.59493     78.88718     88.867     105.4835     121.3528     136.5703     147.0318     161.7835     175.4718     193.0782     205.6831     216.1102     225.6724
     46.69637     48.01133     49.50815     51.90023     54.89732     58.07373     61.38054     66.11478     71.58847     79.9403     89.94346     106.4146     122.1699     137.705     148.7205     163.6127     176.856     193.9162     206.2658     216.4207     225.6768
     46.69637     48.00913     49.56656     52.07512     55.25068     58.60865     62.11548     67.1375     72.79759     81.38309     91.33106     107.6592     123.5623     139.8544     151.6198     166.6968     179.5699     196.1645     208.333     218.1871     227.0299
     46.69637     48.00715     49.60701     52.22676     55.59764     59.14663     62.89447     68.2523     74.36529     83.13329     92.90967     109.2277     125.4337     142.2262     154.4162     169.4693     181.8756     197.9748     209.9496     219.5941     228.1677
     46.69637     47.98725     49.62448     52.36672     55.90319     59.66222     63.64223     69.47422     76.01492     84.94872     94.69906     110.8544     126.8946     143.7744     156.2365     171.2779     183.2068     198.8019     210.4914     219.9361     228.3297
     46.69637     48.03344     49.78856     52.73986     56.51502     60.47641     64.62338     70.81027     77.67354     86.85233     96.77396     112.7137     128.2223     144.8961     157.5967     172.552     184.2598     199.5156     211.0687     220.4003     228.6852
     46.69637     48.07939     49.91982     53.06096     57.07169     61.20791     65.54612     72.06115     79.19446     88.75435     98.86317     114.3667     128.9129     145.0043     157.7285     172.7527     184.4014     199.5724     210.8338     220.0359     228.3139
     46.69637     48.09412     50.04407     53.3222     57.54179     61.84021     66.39511     73.1898     80.56894     90.54012     100.8943     115.8062     129.494     144.9603     157.4355     172.4145     184.0672     198.9754     210.0531     219.1778     227.2967
     46.69637     48.10549     50.12447     53.52995     57.90171     62.38291     67.13361     74.14217     81.7561     92.10384     102.6234     117.1448     130.4949     145.5938     157.8808     172.5974     183.9192     198.4487     209.4145     218.2413     226.1401
     46.69637     48.10188     50.14799     53.68309     58.1792     62.78906     67.72276     74.96089     82.72803     93.30219     103.9791     118.4118     131.4141     146.0861     158.2352     172.8163     183.8352     198.0502     208.8101     217.5067     225.1836
     46.69637     48.07419     50.17566     53.76709     58.34203     63.0537     68.17909     75.52197     83.37621     94.08285     104.8734     119.4043     131.9778     146.2066     158.1453     172.4448     183.2266     197.1517     207.7585     216.3457     223.9783
     46.69637     48.05026     50.19688     53.90936     58.60059     63.47797     68.8399     76.46117     84.46129     95.19171     106.0037     120.4409     132.5518     146.3261     158.0998     172.2479     183.1754     197.4243     208.1737     216.9677     224.9221
     46.69637     48.03229     50.20681     53.95828     58.75193     63.7298     69.24538     77.03213     85.10693     95.83152     106.5748     120.8414     132.5856     146.0412     157.5989     171.6876     182.7952     197.2672     208.3076     217.3515     225.5592
     46.69637     47.99223     50.15866     53.95409     58.75095     63.79014     69.36748     77.22806     85.29689     95.9291     106.6101     120.6945     132.1833     145.3508     156.6871     170.7496     181.8997     196.5828     207.8107     217.0801     225.4679
     46.69637     47.93586     50.0762     53.84158     58.60906     63.62483     69.2182     77.04987     85.0363     95.50107     106.0195     119.8914     131.2509     144.2294     155.506     169.4604     180.481     195.2458     206.779     216.202     224.693
     46.69637     47.86613     49.97094     53.69445     58.34993     63.31248     68.78621     76.46472     84.3145     94.53008     104.7774     118.3714     129.6203     142.5248     153.7926     167.6697     178.5642     193.5577     205.2193     214.6392     223.192
     46.69637     47.78543     49.82699     53.46302     57.98031     62.76088     68.04675     75.44623     83.08706     92.97632     102.8423     116.0496     127.1734     140.0522     151.4053     165.1964     176.1246     191.2934     203.0034     212.4711     221.0899
     46.69637     47.69938     49.67168     53.24654     57.70335     62.44001     67.72488     75.14783     82.65596     92.21497     101.5147     114.0223     124.7873     137.3501     148.5841     162.4477     173.5713     189.1181     201.1774     210.7844     219.5291
     46.69637     47.60589     49.48744     52.96946     57.31139     61.91177     67.1089     74.41458     81.75685     90.87511     99.65076     111.5181     121.9265     134.2776     145.4512     159.2683     170.6758     186.6447     198.9237     208.7194     217.6395
     46.69637     47.51179     49.27493     52.6087     56.80986     61.33104     66.57493     73.89986     81.19231     90.11626     98.43211     109.5554     119.335     131.2372     142.2571     156.0429     167.608     183.9803     196.7247     206.7871     216.0206
     46.69637     47.41194     49.03671     52.19281     56.20107     60.53893     65.70367     72.89123     79.99454     88.55463     96.41396     106.6592     115.8644     127.2636     138.1072     151.9535     163.7119     180.4015     193.4516     203.8774     213.4623
     46.69637     47.31088     48.81413     51.74882     55.55932     59.6811     64.75803     71.9474     79.00933     87.61621     95.42471     104.9463     113.3822     123.95     134.3883     148.1652     159.9686     176.647     189.862     200.618     210.8607
     46.69637     47.21112     48.56475     51.2742     54.83816     58.77748     63.58675     70.49653     77.35242     85.76385     93.31335     101.8358     109.487     119.2758     129.4449     143.2329     155.2612     171.9376     185.4058     196.9791     207.8096
     46.69637     47.07276     48.22963     50.71     54.0761     57.87471     62.39511     69.02853     75.7384     84.37357     92.33092     101.1715     108.5307     117.4506     126.0655     138.864     151.0991     167.8853     181.5061     193.4369     204.6132
     46.69637     46.93065     47.89069     50.13486     53.27427     56.87952     60.96487     67.11733     73.44532     81.91282     89.88055     98.5094     105.259     113.5325     120.8255     132.6105     145.0764     162.2731     176.0404     188.7664     200.7463
     46.69637     46.79742     47.58778     49.52143     52.33076     55.63119     59.22865     64.91776     71.09435     79.50124     87.67345     97.49002     106.0391     114.9655     121.0844     130.9688     142.4854     158.8366     172.4347     185.7075     197.5803
     46.69637     46.70414     47.2924     48.93477     51.40834     54.39493     57.60526     62.50135     68.15703     76.03748     83.94334     93.84797     102.5626     111.1119     116.6317     125.6997     136.7826     152.7783     167.2721     181.3046     193.0324
     46.69637     46.55759     46.93771     48.28613     50.36564     52.89357     55.73611     59.97043     65.35438     72.78676     80.48533     91.36317     101.6326     112.7307     121.2461     132.184     142.097     154.9573     167.464     180.1607     191.2781
     46.69637     46.42741     46.61599     47.67161     49.41777     51.52938     53.97785     57.72949     62.28625     68.733     75.54373     86.20679     96.2619     106.6268     114.8382     126.7844     137.02     149.7936     162.4861     174.8004     187.1266
     46.69637     46.32528     46.32743     47.12141     48.50022     50.21064     52.22807     55.37493     59.00782     64.91309     71.86436     83.43681     95.40665     111.5317     128.3693     153.6008     169.8213     184.1693     192.092     199.4796     208.9621
     46.69637     46.22802     46.09055     46.63242     47.71609     49.08403     50.74089     53.35925     56.46102     61.09986     67.1453     77.53721     88.57742     105.0565     122.9488     149.5406     167.3668     182.3079     187.8476     194.5253     205.1449
     46.69637     46.1777     45.90823     46.23816     47.08569     48.19394     49.57359     51.81641     54.4865     58.37754     62.59965     69.95424     77.9483     90.5661     103.8979     121.374     138.2451     154.1735     163.5583     175.3945     192.1887
     46.69637     46.10621     45.7375     45.871     46.45696     47.29516     48.32152     49.97174     52.04592     55.10709     57.76122     61.2739     69.71492     93.04214     119.3792     157.242     190.1746     213.6445     180.4816     164.3953     209.9492
     46.69637     46.09653     45.63739     45.63611     46.06734     46.72262     47.53694     48.81899     50.61047     53.42808     55.30144     56.47293     63.4479     81.86692     98.67801     127.4542     160.545     203.677     163.4216     136.2812     202.1819
     46.69637     46.08632     45.62988     45.5622     45.96067     46.61147     47.39446     48.64252     50.58714     53.91092     56.11759     57.72548     67.02641     85.19223     86.78854     87.23223     133.0799     206.7096     152.7207     115.2939     194.1251
     82.81149     84.82809     87.0555     90.6498     95.2704     100.1777     105.3439     112.9723     122.2256     136.93     154.6023     184.3587     213.9231     241.7942     260.5646     288.3755     314.9942     349.7539     374.8779     395.7501     414.9825
     82.81149     84.90928     87.18756     90.88706     95.55544     100.5884     105.8114     113.5537     122.8122     137.5712     155.2807     185.3675     214.6736     242.5254     261.4162     288.6638     314.8132     348.8416     373.3924     393.7257     412.3699
     82.81149     84.92869     87.32446     91.1478     96.0042     101.1752     106.627     114.5535     123.9896     138.7769     156.6846     186.7742     215.7911     243.8671     263.3229     290.7659     316.2727     349.2536     372.9867     392.6103     410.5892
     82.81149     84.97377     87.44807     91.46758     96.56918     102.0196     107.7484     116.0532     125.7622     140.6802     158.6434     188.5103     217.3739     246.0914     266.6007     294.3558     319.0907     351.1078     374.3764     393.477     410.8468
     82.81149     84.97043     87.54813     91.76933     97.18159     102.9513     109.0356     117.8589     127.9199     143.2582     161.1528     190.8083     219.9535     250.0298     271.8971     299.9803     323.9963     355.104     377.9942     396.5178     413.1143
     82.81149     84.96539     87.61629     92.03138     97.78434     103.8923     110.4033     119.8295     130.6824     146.3654     164.0082     193.6722     223.3449     254.3434     277.0115     305.027     328.1134     358.2019     380.6647     398.7546     414.8223
     82.81149     84.92917     87.64417     92.27145     98.31789     104.7974     111.7228     121.9792     133.5866     149.5963     167.2328     196.6517     226.0611     257.2723     280.4677     308.42     330.5596     359.6137     381.4964     399.1685     414.8547
     82.81149     85.01241     87.93496     92.92784     99.39513     106.2373     113.4716     124.3666     136.5636     153.0385     170.9912     200.0402     228.5043     259.3156     282.8882     310.6727     332.406     360.851     382.4794     399.941     415.4232
     82.81149     85.09312     88.16883     93.49425     100.3757     107.5353     115.1169     126.603     139.3024     156.4706     174.7727     203.0772     229.8623     259.6317     283.2272     311.1334     332.7832     361.0928     382.2352     399.4674     414.9137
     82.81149     85.12094     88.38739     93.95688     101.2063     108.6615     116.6299     128.6236     141.7825     159.6955     178.4451     205.7424     231.0015     259.6373     282.7892     310.6157     332.2832     360.1571     380.9702     398.0468     413.2085
     82.81149     85.14119     88.53049     94.32506     101.8467     109.6284     117.9469     130.3361     143.9318     162.531     181.5981     208.2119     232.7901     260.6969     283.4733     310.8212     331.9271     359.1296     379.6958     396.2425     411.0179
     82.81149     85.13498     88.57667     94.59602     102.3399     110.357     119.0013     131.8057     145.6994     164.7349     184.1038     210.5275     234.4166     261.4882     283.9395     310.9652     331.514     358.1049     378.2501     394.5345     408.9262
     82.81149     85.08756     88.62492     94.74539     102.6321     110.8368     119.8171     132.8275     146.9044     166.2144     185.8089     212.3547     235.4333     261.6357     283.6215     310.0586     330.1405     356.1613     375.9948     392.0786     406.4005
     82.81149     85.05617     88.68323     95.02425     103.1294     111.6404     121.0416     134.5459     148.8883     168.246     187.8551     214.1745     236.3999     261.7491     283.3899     309.5216     329.8292     356.4081     376.5366     393.0247     407.9353
     82.81149     85.03243     88.71788     95.14011     103.4322     112.1344     121.8132     135.6174     150.0993     169.4437     188.9115     214.885     236.4289     261.165     282.398     308.4041     329.0212     356.0331     376.7203     393.6845     409.0663
     82.81149     84.97091     88.65276     95.15822     103.4671     112.2869     122.0843     136.0267     150.5052     169.6828     189.011     214.6196     235.6757     259.863     280.6892     306.6269     327.3249     354.7321     375.7802     393.1446     408.8474
     82.81149     84.88111     88.52656     94.98884     103.2529     112.0421     121.8727     135.7717     150.1093     168.9854     188.0019     213.1915     233.9724     257.7826     278.4676     304.193     324.6707     352.2188     373.77     391.3741     407.2387
     82.81149     84.76798     88.35806     94.75198     102.8283     111.5274     121.1588     134.7964     148.8902     167.3183     185.837     210.4908     231.0268     254.6503     275.2759     300.8264     321.0686     348.9576     370.6907     388.2588     404.2003
     82.81149     84.63566     88.12175     94.36724     102.2048     110.5931     119.9017     133.0559     146.7725     164.6122     182.4418     206.3675     226.6246     250.1341     270.8521     296.2152     316.4832     344.6357     366.4464     384.097     400.1495
     82.81149     84.49822     87.8746     94.02433     101.7641     110.0825     119.3895     132.5702     146.0383     163.2603     180.0554     202.6751     222.217     245.1098     265.597     291.0667     311.6714     340.5153     362.9963     380.9565     397.2777
     82.81149     84.34778     87.57607     93.57242     101.1168     109.2024     118.3528     131.3132     144.4634     160.8791     176.7119     198.1389     216.981     239.4325     259.7836     285.1624     306.2439     335.8312     358.7219     377.0021     393.6169
     82.81149     84.19633     87.23097     92.9855     100.2971     108.2492     117.4723     130.4535     143.4969     159.5336     174.527     194.5771     212.2251     233.7989     253.8404     279.1211     300.443     330.7249     354.4373     373.1985     390.3712
     82.81149     84.03521     86.84097     92.29998     99.28478     106.9197     115.993     128.7145     141.3976     156.7523     170.8995     189.361     205.9126     226.5199     246.2108     271.5453     293.1676     323.9947     348.2559     367.6527     385.4542
     82.81149     83.87135     86.47459     91.56798     98.22248     105.4941     114.4142     127.1239     139.7251     155.1417     169.1792     186.3328     201.4193     220.4606     239.396     264.5471     286.199     316.9353     341.4329     361.4185     380.3993
     82.81149     83.70998     86.06328     90.77972     97.01581     103.9644     112.4195     124.6288     136.8463     151.8869     165.4367     180.8139     194.4279     212.012     230.4206     255.5274     277.5078     308.1749     333.0812     354.4841     374.5757
     82.81149     83.48431     85.50967     89.84288     95.74281     102.4426     110.4078     122.1436     134.1187     149.565     163.8418     179.7645     192.809     208.7118     224.3038     247.6205     269.9522     300.7301     325.7881     347.8089     368.5988
     82.81149     83.25368     84.95068     88.88555     94.39517     100.7482     107.9668     118.8614     130.1637     145.3034     159.5748     175.0849     187.0395     201.6897     214.8893     236.3853     259.0965     290.4875     315.7309     339.1332     361.4292
     82.81149     83.03543     84.44631     87.85988     92.81184     98.64294     105.0406     115.1486     126.1854     141.2397     155.9196     173.6143     188.7972     204.5874     215.5735     233.5304     254.4799     284.349     309.2626     333.5269     355.616
     82.81149     82.88404     83.95743     86.88007     91.26116     96.54799     102.2736     111.0239     121.1391     135.2567     149.4635     167.3364     182.8594     197.9817     207.8028     224.1943     244.3723     273.7435     300.1929     325.7028     347.4955
     82.81149     82.64349     83.36738     85.79144     89.50455     94.01321     99.10693     106.7412     116.3782     129.7359     143.6442     163.3746     181.8649     201.7386     216.9149     236.5677     254.4826     278.1113     301.019     324.1627     344.7745
     82.81149     82.43222     82.83664     84.76675     87.91196     91.71119     96.12442     102.91     111.1189     122.7415     135.0835     154.4093     172.5995     191.3002     205.9863     227.1872     245.451     268.812     292.1494     314.911     337.7784
     82.81149     82.2619     82.35076     83.83071     86.34586     89.45596     93.12807     98.87615     105.5401     116.2713     128.9129     150.0952     172.2093     202.0246     232.8484     278.2717     307.9096     334.3906     348.4753     362.3459     380.7067
     82.81149     82.10283     81.95689     83.00912     85.01964     87.54507     90.59804     95.43348     101.1704     109.7522     120.8212     139.9436     160.4861     191.0829     224.0206     272.3745     305.3691     333.1631     342.3344     354.2967     374.6944
     82.81149     82.02362     81.66055     82.35899     83.97186     86.06033     88.64349     92.83058     97.80714     105.0557     112.9732     126.7188     141.677     165.034     189.634     221.9618     252.7532     281.9654     297.7223     318.7504     350.3777
     82.81149     81.90319     81.36938     81.72887     82.89017     84.50935     86.47717     89.62542     93.55424     99.34906     104.528     111.6403     127.4509     169.5789     216.8342     284.1749     344.0448     389.0719     330.8275     303.4189     388.1007
     82.81149     81.88717     81.20322     81.33577     82.23579     83.54842     85.15792     87.68069     91.13242     96.51783     100.3435     103.3951     116.7059     150.337     180.2044     230.8129     292.9426     374.7281     302.7031     254.314     375.259
     82.81149     81.87434     81.19809     81.22738     82.08235     83.40155     84.97704     87.47389     91.23547     97.56712     102.0392     105.9335     123.4127     156.897     160.8896     164.4503     249.1644     380.2328     281.1366     213.435     355.5782
     126.0081     128.8706     132.0464     137.2606     144.0425     151.2986     158.9956     170.4683     184.4996     206.9179     234.0358     280.0776     326.0336     369.584     399.0333     442.6678     484.5767     539.4962     579.3364     612.5107     643.1356
     126.0081     128.9935     132.2491     137.6191     144.4753     151.9165     159.7025     171.3477     185.401     207.9244     235.1236     281.6459     327.2418     370.8322     400.5503     443.4484     484.6626     538.4851     577.4584     609.7841     639.4608
     126.0081     129.0265     132.4556     138.0115     145.1481     152.8012     160.9315     172.8713     187.2103     209.8098     237.3119     283.8492     329.0591     373.0975     403.7943     447.1032     487.4044     539.7145     577.4956     608.7246     637.3169
     126.0081     129.0931     132.6402     138.4872     145.9918     154.0645     162.6177     175.1444     189.9203     212.749     240.3528     286.5934     331.6295     376.7383     409.1242     452.9841     492.1317     542.9813     580.0414     610.4256     638.0108
     126.0081     129.0887     132.7882     138.9362     146.9064     155.4616     164.5569     177.8823     193.2198     216.6953     244.2298     290.2     335.6881     382.8842     417.3706     461.7299     499.7085     549.0728     585.488     614.9418     641.3015
     126.0081     129.0792     132.8876     139.3266     147.8084     156.8778     166.6212     180.8733     197.4019     221.4273     248.6425     294.6572     340.936     389.578     425.3405     469.5662     506.007     553.6508     589.314     618.0328     643.5259
     126.0081     129.0229     132.9262     139.6821     148.6102     158.2438     168.6212     184.1235     201.7954     226.3573     253.611     299.3055     345.2207     394.2563     430.8755     474.9536     509.8326     555.7325     590.4235     618.4297     643.2668
     126.0081     129.1512     133.3685     140.6744     150.2399     160.4298     171.2928     187.7779     206.3683     231.6754     259.4252     304.5718     349.0457     397.4309     434.5686     478.3731     512.6169     557.5806     591.8699     619.5441     644.0571
     126.0081     129.2731     133.7257     141.5326     151.7239     162.4059     173.8071     191.2027     210.5859     236.9692     265.2717     309.3207     351.2734     398.062     435.2116     479.2009     513.3434     558.1194     591.7067     619.032     643.4619
     126.0081     129.3175     134.0561     142.2357     152.9843     164.1255     176.1181     194.3004     214.4113     241.9463     270.9447     313.5121     353.1382     398.1717     434.644     478.5121     512.6946     556.8444     589.9262     616.9927     640.9864
     126.0081     129.3484     134.2744     142.7957     153.9611     165.6022     178.1311     196.9348     217.7348     246.3363     275.8473     317.3853     355.8763     399.707     435.5569     478.6813     512.0394     555.1679     587.8157     614.0737     637.4848
     126.0081     129.3392     134.3501     143.2072     154.7129     166.7209     179.7472     199.1924     220.4777     249.7852     279.7827     320.9918     358.3466     400.8121     436.07     478.6053     511.0915     553.224     585.1635     610.9847     633.8237
     126.0081     129.2691     134.4226     143.435     155.1617     167.4636     180.9964     200.7793     222.3784     252.1513     282.5215     323.8533     359.9146     400.9564     435.3946     476.926     508.6459     549.843     581.2596     606.7677     629.5109
     126.0081     129.2346     134.5363     143.8915     155.9653     168.7482     182.9232     203.4581     225.4693     255.3215     285.6853     326.5999     361.3232     401.0098     434.8598     475.8819     507.9054     549.9324     581.8489     608.0174     631.6783
     126.0081     129.2084     134.6096     144.103     156.4677     169.5572     184.1609     205.1599     227.3919     257.2202     287.3454     327.6813     361.3298     400.0256     433.2251     474.0316     506.5141     549.2453     582.0637     608.9963     633.4006
     126.0081     129.1262     134.535     144.1614     156.5652     169.8445     184.6393     205.8574     228.0928     257.664     287.5415     327.2718     360.1356     397.9508     430.5137     471.1897     503.802     547.1602     580.5619     608.1038     632.9987
     126.0081     129.0019     134.3672     143.9401     156.2844     169.5303     184.3815     205.5432     227.5704     256.6772     286.0523     325.094     357.4837     394.6743     426.9797     467.3076     499.5963     543.1637     577.2848     605.1521     630.2672
     126.0081     128.8425     134.1328     143.6088     155.6805     168.7946     183.3584     204.1347     225.7892     254.2069     282.8038     320.9783     352.9365     389.7758     421.938     461.954     493.87     537.8781     572.2203     599.9956     625.1886
     126.0081     128.6542     133.7962     143.0544     154.7707     167.4262     181.5112     201.5657     222.6383     250.1489     277.682     314.6973     346.1617     382.7451     414.977     454.6654     486.5794     530.9312     565.3816     593.28     618.6345
     126.0081     128.4634     133.4543     142.5822     154.1609     166.7198     180.8027     200.8792     221.5576     248.0897     274.0119     308.9612     339.2421     374.8188     406.6756     446.5     478.9146     524.3438     559.8756     588.3204     614.139
     126.0081     128.2531     133.0342     141.9423     153.234     165.4491     179.2926     199.0188     219.1851     244.4602     268.8783     301.9436     331.0785     365.9038     397.5185     437.1942     470.3021     516.8563     553.0357     581.9501     608.1938
     126.0081     128.0413     132.5475     141.1131     152.071     164.0916     178.0332     197.7751     217.7563     242.4132     265.5251     296.4256     323.6479     357.0394     388.138     427.6131     461.0394     508.6254     546.0508     575.7066     602.802
     126.0081     127.8154     131.9933     140.1329     150.6119     162.1594     175.8618     195.1889     214.5921     238.1669     259.9469     288.3919     313.852     345.6824     376.2021     415.6943     449.5261     497.9206     536.1891     566.8015     594.8606
     126.0081     127.5847     131.4701     139.0861     149.0871     160.1059     173.5782     192.8691     212.1372     235.7809     257.3701     283.7958     306.9043     336.2413     365.5667     404.7069     438.5234     486.6937     525.2542     556.7662     586.6354
     126.0081     127.3579     130.8816     137.9512     147.3384     157.8663     170.6428     189.1669     207.829     230.8648     251.6777     275.3947     296.1649     323.1932     351.657     390.6525     424.8835     472.8694     512.0031     545.633     577.2749
     126.0081     127.0383     130.0885     136.6028     145.4962     155.6465     167.7045     185.5283     203.8414     227.5054     249.429     273.9535     293.7946     318.0947     342.1999     378.4286     413.1758     461.2289     500.4493     534.9999     567.8074
     126.0081     126.7133     129.2888     135.2218     143.5355     153.1534     164.1055     180.6634     197.9583     221.1445     243.0312     266.8831     285.055     307.3207     327.727     361.1573     396.4459     445.2926     484.7055     521.3238     556.5204
     126.0081     126.403     128.561     133.7363     141.235     150.0812     159.8378     175.2413     192.1356     215.2187     237.7823     265.0529     288.1823     312.1606     329.0404     356.8815     389.3949     435.8988     474.7738     512.5731     547.4349
     126.0081     126.1896     127.8593     132.3187     138.9784     147.0113     155.7627     169.1591     184.654     206.308     228.151     255.7191     279.4221     302.3854     317.3685     342.6852     374.0218     419.9283     461.0765     500.6485     535.0116
     126.0081     125.8469     127.0086     130.7368     136.4173     143.3088     151.1233     162.8911     177.6629     198.2023     219.6747     250.2287     278.7005     309.1736     332.3571     362.5701     390.2353     427.1836     462.9211     498.8958     531.343
     126.0081     125.5492     126.2492     129.2563     134.1009     139.9478     146.749     157.2344     169.8799     187.7949     206.8936     236.8032     264.9154     293.7573     316.254     348.5324     376.4588     412.8617     449.3745     485.1257     521.1404
     126.0081     125.3031     125.5411     127.88     131.7917     136.6171     142.3188     151.2677     161.6755     178.3171     197.9331     230.9622     265.6841     312.5258     360.5938     430.5307     476.6836     518.2309     539.7042     561.7405     591.5463
     126.0081     125.0772     124.9735     126.685     129.8515     133.8146     138.5988     146.1888     155.204     168.6919     185.9555     215.8912     248.3145     296.5313     348.1106     423.1331     475.0093     518.8703     532.036     550.3834     583.3137
     126.0081     124.9688     124.5552     125.755     128.3421     131.6688     135.7644     142.3892     150.2536     161.7043     174.2715     196.0374     219.7433     256.4698     295.0593     345.8654     393.773     439.3895     462.2941     494.3367     544.6921
     126.0081     124.7933     124.1262     124.8216     126.7364     129.3607     132.5335     137.5921     143.8732     153.1335     161.5848     173.4747     198.55     263.5714     336.1404     438.843     531.7167     604.3495     516.4084     476.0561     609.622
     126.0081     124.7703     123.8871     124.2518     125.7849     127.9643     130.6134     134.7534     140.3378     149.0024     155.4323     161.2539     182.6464     234.9892     280.5023     356.9974     455.7034     586.5536     476.1894     402.2472     591.2095
     126.0081     124.7571     123.8892     124.1143     125.5946     127.8016     130.4249     134.5671     140.6693     150.8325     158.3129     165.4999     193.2875     245.7728     253.2527     262.0253     395.0493     595.0829     440.2417     335.6186     554.7416
     175.9601     179.7197     183.9085     190.8958     200.0793     209.9686     220.5278     236.3931     255.9305     287.286     325.416     390.59     455.8819     518.0117     560.1584     622.6082     682.7504     761.7787     819.2692     867.225     911.558
     175.9601     179.8906     184.1936     191.3935     200.6826     210.8234     221.5098     237.615     257.1992     288.7272     326.9989     392.8183     457.6452     519.9108     562.5317     624.0922     683.2866     760.8016     817.0876     863.8253     906.7731
     175.9601     179.9408     184.4799     191.9365     201.6106     212.0495     223.2121     239.7452     259.7461     291.4185     330.1148     395.9673     460.3177     523.3321     567.4568     629.7217     687.716     763.2128     817.894     863.0809     904.4313
     175.9601     180.0315     184.7336     192.5881     202.7702     213.7886     225.5434     242.9093     263.5453     295.5726     334.4307     399.9176     464.0938     528.7115     575.2942     638.4163     694.8237     768.288     821.9457     865.8968     905.7484
     175.9601     180.0261     184.9353     193.2034     204.0276     215.7157     228.2289     246.7213     268.1714     301.1102     339.9124     405.0804     469.915     537.4705     587.0253     650.8452     705.5334     776.8065     829.4844     872.0754     910.1595
     175.9601     180.0107     185.0692     193.7391     205.2696     217.6752     231.0922     250.8891     273.9869     307.7228     346.1523     411.4194     477.3443     546.9678     598.371     661.9691     714.368     783.0427     834.5531     876.0314     912.834
     175.9601     179.9309     185.1188     194.2241     206.3777     219.5698     233.876     255.4038     280.0925     314.623     353.1619     418.0423     483.5024     553.7559     606.4182     669.7507     719.829     785.8732     835.9225     876.3174     912.1168
     175.9601     180.1118     185.7361     195.6023     208.6426     222.6168     237.6191     260.5319     286.5276     322.1418     361.3908     425.5234     488.9673     558.2645     611.587     674.5163     723.6881     788.414     837.8856     877.8029     913.1341
     175.9601     180.2809     186.2364     196.7965     210.7056     225.3773     241.1425     265.3397     292.4751     329.6165     369.6615     432.3022     492.2639     559.319     612.6315     675.8185     724.8784     789.3633     837.8979     877.3283     912.5107
     175.9601     180.3453     186.6953     197.7775     212.4614     227.7854     244.3798     269.6919     297.8764     336.6474     377.6815     438.3119     495.0194     559.5886     611.9527     674.9709     724.1014     787.7543     835.5781     874.6215     909.1911
     175.9601     180.3886     187.0009     198.559     213.8282     229.8539     247.201     273.4034     302.5786     342.8647     384.6483     443.8537     498.8621     561.6437     613.0801     675.0416     723.056     785.283     832.4333     870.3455     904.1073
     175.9601     180.376     187.1129     199.1329     214.8796     231.4275     249.4713     276.5807     306.4702     347.7906     390.2853     448.9854     502.3064     563.0728     613.5704     674.5952     721.3642     782.1251     828.2084     865.467     898.4435
     175.9601     180.2804     187.2129     199.4516     215.5111     232.4793     251.2248     278.8339     309.2018     351.2272     394.2759     453.0749     504.5199     563.182     612.4064     671.9046     717.5391     776.9154     822.2128     859.025     891.8799
     175.9601     180.2477     187.4005     200.1259     216.6874     234.3444     253.9887     282.6483     313.6012     355.745     398.7519     456.8845     506.4153     563.1193     611.4493     670.1849     716.1976     776.7106     822.7646     860.5513     894.7128
     175.9601     180.2224     187.5266     200.4618     217.437     235.5402     255.7903     285.1068     316.3779     358.4842     401.131     458.3949     506.3813     561.6349     609.0221     667.4285     714.0683     775.6168     822.9896     861.8892     897.1196
     175.9601     180.121     187.4508     200.579     217.6243     236.0049     256.5343     286.167     317.4528     359.196     401.4562     457.8164     504.6583     558.6296     605.1077     663.3013     710.1301     772.5835     820.8104     860.5612     896.4789
     175.9601     179.9615     187.2443     200.3121     217.2842     235.6336     256.2484     285.8135     316.8157     357.904     399.4301     454.7698     500.8857     553.9264     599.9957     657.6743     704.0646     766.8043     815.9826     856.1423     892.3377
     175.9601     179.7537     186.9424     199.8829     216.4896     234.661     254.8925     283.9336     314.4133     354.5309     394.9464     449.0154     494.461     546.9335     592.7419     649.9324     695.7855     759.0507     808.4736     848.4622     884.7209
     175.9601     179.5057     186.4987     199.1446     215.2637     232.8113     252.3887     280.4377     310.0956     348.933     387.8454     440.2365     484.9128     536.9326     582.7566     639.4408     685.2438     748.9228     798.4854     838.6429     875.1186
     175.9601     179.2605     186.0607     198.5424     214.4825     231.9063     251.4809     279.5396     308.6288     346.0551     382.6755     432.091     475.0045     525.5402     570.813     627.6567     674.1451     739.3578     790.5015     831.5089     868.6962
     175.9601     178.9881     185.5134     197.7038     213.2548     230.2108     249.45     277.0021     305.3431     340.9796     375.4539     422.1588     463.3783     512.7727     557.6669     614.2911     661.7106     728.4872     780.5629     822.2059     859.9625
     175.9601     178.7139     184.878     196.6196     211.728     228.4221     247.7838     275.3394     303.3962     338.1216     370.7384     414.3401     452.7787     500.0575     544.1793     600.4639     648.2736     716.4619     770.2728     812.962     851.9108
     175.9601     178.4207     184.1494     195.3233     209.7843     225.8288     244.8433     271.7972     299.0122     332.1754     362.8813     403.0102     438.8798     483.8745     527.1352     583.3693     631.6857     700.9788     755.9761     799.9891     840.2916
     175.9601     178.1199     183.4582     193.9386     207.7607     223.0946     241.7915     268.6739     295.6883     328.9183     359.3305     396.6053     429.0504     470.4358     511.9776     567.6361     615.8611     684.7423     740.0692     785.3428     828.1909
     175.9601     177.8249     182.6797     192.4284     205.4194     220.0686     237.8073     263.6127     289.7554     322.0954     351.3839     384.8701     413.9372     451.9932     492.2628     547.6301     596.3357     664.8679     720.9391     769.1255     814.5441
     175.9601     177.4061     181.6288     190.6343     202.9563     217.0792     233.8457     258.6963     284.3746     317.6044     348.4493     383.0369     410.7346     444.785     478.8841     530.3384     579.7438     648.2528     704.2793     753.7289     800.8939
     175.9601     176.982     180.5708     188.7931     200.3219     213.696     228.953     252.0521     276.3148     308.8647     339.6247     373.2213     398.5757     429.6375     458.5039     506.0182     556.1378     625.5948     681.7866     734.0836     784.6973
     175.9601     176.5738     179.6002     186.8055     197.2347     209.5572     223.2066     244.7427     268.45     300.8866     332.6558     371.1356     403.4646     436.8924     460.6517     500.126     546.2615     612.4156     667.8147     721.6105     771.7336
     175.9601     176.2954     178.6691     184.9102     194.2022     205.4062     217.672     236.473     258.2296     288.666     319.428     358.3539     391.5485     423.5605     444.5284     480.3134     524.8022     590.3069     648.8068     704.9366     754.3083
     175.9601     175.8439     177.5354     182.7872     190.7549     200.414     211.3998     228.007     248.7588     277.6873     308.028     351.3069     391.4536     434.2749     466.7534     509.2995     548.399     601.1403     652.0599     703.1699     749.7292
     175.9601     175.4554     176.5304     180.8105     187.6434     195.884     205.4805     220.307     238.1438     263.4254     290.4629     332.8089     372.5649     413.2857     444.8734     489.969     529.1222     580.9428     633.0849     684.2957     735.9922
     175.9601     175.1267     175.5777     178.944     184.5039     191.3492     199.4428     212.1726     227.0149     250.6141     278.4444     325.4861     375.2086     442.3185     510.7852     609.3911     675.0559     734.5176     764.5516     796.3959     840.1699
     175.9601     174.8301     174.8217     177.3388     181.8843     187.5572     194.3978     205.2642     218.1826     237.5125     262.1048     304.8741     351.4939     420.7381     494.4476     600.8771     675.2438     738.3005     755.7755     781.5635     829.7294
     175.9601     174.6927     174.2751     176.1086     179.8743     184.6913     190.6008     200.144     211.4626     227.9378     246.0863     277.4604     311.6531     364.3055     419.5269     492.3355     560.4501     625.4943     656.2437     701.0412     773.9294
     175.9601     174.4564     173.6922     174.8345     177.6786     181.5281     186.1646     193.5376     202.6577     216.0994     228.5589     246.3929     282.5811     374.4368     476.5389     620.226     751.9617     858.1343     736.1218     681.3327     873.2778
     175.9601     174.4259     173.3742     174.0715     176.4008     179.6541     183.5838     189.7123     197.8934     210.5346     220.2151     229.7023     260.8874     335.3273     398.9586     505.1878     647.8266     837.9291     682.9279     579.3139     848.8664
     175.9601     174.4148     173.3886     173.911     176.1849     179.4969     183.4207     189.6001     198.5576     213.3591     224.5838     236.0735     276.2495     351.3098     363.374     379.4908     569.9978     850.0161     629.1204     481.1707     790.4249
     232.4646     237.1659     242.4247     251.327     263.1385     275.9316     289.6701     310.4562     336.2047     377.6854     428.3528     515.4399     602.949     686.501     743.3263     827.5274     908.7941     1015.815     1093.843     1159.023     1219.346
     232.4646     237.3908     242.8036     251.9813     263.9344     277.0518     290.9616     312.0638     337.8921     379.6292     430.5155     518.4268     605.3638     689.1846     746.7469     829.9286     909.9684     1015.01     1091.454     1154.987     1213.412
     232.4646     237.4616     243.1794     252.693     265.1476     278.6611     293.1952     314.8809     341.2796     383.2502     434.6992     522.6679     609.0453     693.9931     753.6955     837.9541     916.4918     1018.972     1093.363     1154.826     1211.047
     232.4646     237.5789     243.5101     253.5398     266.6588     280.9308     296.249     319.0496     346.3155     388.7939     440.4788     528.0189     614.2427     701.4304     764.4908     849.9802     926.4483     1026.251     1099.272     1159.039     1213.176
     232.4646     237.5726     243.7711     254.3396     268.2978     283.4503     299.7718     324.0733     352.4481     396.14     447.7964     534.9813     622.1053     713.1995     780.2305     866.6418     940.7419     1037.519     1109.156     1167.059     1218.798
     232.4646     237.5499     243.9424     255.0366     269.919     286.0187     303.533     329.5696     360.1034     404.8812     456.1274     543.4841     632.0332     725.9142     795.4614     881.5406     952.4572     1045.583     1115.547     1171.882     1221.849
     232.4646     237.443     244.0031     255.6647     271.3701     288.5073     307.2005     335.5072     368.1366     414.015     465.4678     552.3815     640.3643     735.1678     806.4484     892.1104     959.8051     1049.237     1117.155     1171.96     1220.504
     232.4646     237.6841     244.8184     257.4772     274.3501     292.5264     312.1593     342.3101     376.6936     424.0518     476.462     562.4069     647.7225     741.2085     813.2901     898.3956     964.8708     1052.549     1119.684     1173.843     1221.751
     232.4646     237.9063     245.481     259.05     277.0653     296.1746     316.828     348.6899     384.6157     434.0188     487.5079     571.5273     652.2855     742.7954     814.8339     900.2794     966.64     1054.023     1119.969     1173.485     1221.16
     232.4646     237.9941     246.0844     260.345     279.3801     299.3636     321.1164     354.4695     391.818     443.3978     498.2128     579.6422     656.0952     743.2819     814.0645     899.2874     965.7578     1052.089     1117.091     1170.067     1216.928
     232.4646     238.0513     246.489     261.3772     281.1891     302.1034     324.855     359.4097     398.0987     451.7089     507.552     587.1125     661.1932     745.8976     815.3891     899.1957     964.2307     1048.679     1112.715     1164.194     1209.994
     232.4646     238.035     246.6439     262.1344     282.5798     304.1953     327.8694     363.6347     403.3085     458.3394     515.1573     593.9992     665.7377     747.6581     815.7838     898.2254     961.584     1044.011     1106.55     1157.117     1201.895
     232.4646     237.9114     246.7747     262.556     283.4195     305.6011     330.1962     366.6532     407.0039     463.0278     520.6152     599.5065     668.6888     747.699     813.999     894.2844     956.072     1036.582     1098.021     1147.988     1192.619
     232.4646     237.8854     247.0548     263.4883     285.0339     308.145     333.9297     371.7749     412.9089     469.0979     526.5934     604.5106     671.1126     747.4625     812.4993     891.7197     953.9559     1035.943     1098.447     1149.759     1196.145
     232.4646     237.8646     247.248     263.9775     286.0779     309.7986     336.3917     375.1148     416.6803     472.815     529.8045     606.5063     671.0196     745.3785     809.1311     887.8851     950.9341     1034.347     1098.66     1151.495     1199.326
     232.4646     237.7455     247.1795     264.1721     286.3825     310.4836     337.4597     376.6118     418.2079     473.8585     530.2917     605.7346     668.6812     741.2874     803.8163     882.255     945.5624     1030.204     1095.689     1149.649     1198.391
     232.4646     237.5506     246.9379     263.8665     285.9915     310.0683     337.1647     376.2399     417.4694     472.2475     527.6747     601.7036     663.6196     734.9308     796.8648     874.5908     937.3339     1022.347     1089.03     1143.478     1192.554
     232.4646     237.2925     246.5674     263.337     284.9962     308.8446     335.4548     373.8536     414.3906     467.8769     521.8101     594.0933     655.0479     725.5218     787.043     864.0652     926.0799     1011.687     1078.621     1132.796     1181.905
     232.4646     236.9817     246.0108     262.4016     283.4266     306.4695     332.2315     369.3375     408.7785     460.5582     512.486     582.4864     642.3353     712.1047     773.555     849.8538     911.7493     997.829     1064.935     1119.33     1168.715
     232.4646     236.6814     245.4762     261.6699     282.4731     305.3649     331.1236     368.2188     406.8878     456.7534     505.6057     571.5736     628.9707     696.6916     757.3831     833.8585     896.6443     984.7828     1054.057     1109.672     1160.069
     232.4646     236.3454     244.7971     260.6235     280.9258     303.2133     328.5274     364.934     402.5777     450.0402     496.0059     558.3035     613.3578     679.468     739.6141     815.7863     879.7606     969.9575     1040.494     1096.926     1148.047
     232.4646     236.0073     244.0072     259.2736     279.0174     300.9698     326.4297     362.8203     400.0596     446.2649     489.7392     547.8474     599.1046     662.293     721.3607     797.0178     861.4467     953.4761     1026.299     1084.126     1136.826
     232.4646     235.6448     243.0952     257.6422     276.5544     297.6608     322.6476     358.218     394.3066     438.3907     479.2835     532.7546     580.4967     640.551     698.4222     773.9294     838.9614     932.423     1006.824     1066.386     1120.883
     232.4646     235.2713     242.2263     255.8991     273.9991     294.1978     318.7688     354.2213     390.0315     434.1712     474.6453     524.3078     567.3683     622.5118     678.0546     752.7074     817.5403     910.3473     985.0964     1046.328     1104.209
     232.4646     234.9058     241.246     253.9872     271.0185     290.3137     313.6338     347.6565     382.2865     425.2043     464.1497     508.7999     547.2716     597.8986     651.6835     725.8518     791.21     883.4536     959.1234     1024.153     1085.536
     232.4646     234.3832     239.9211     251.7163     267.8868     286.4877     308.5584     341.3455     375.3876     419.4952     460.5025     506.5786     543.1607     588.2767     633.8157     702.7593     769.0181     861.1003     936.5254     1003.199     1067.022
     232.4646     233.8563     238.589     249.3815     264.5223     282.1279     302.2431     332.7346     364.9136     408.1084     448.9665     493.6756     527.1479     568.1504     606.7009     670.4031     737.5589     830.7142     906.2418     976.6329     1045.138
     232.4646     233.3452     237.3578     246.8525     260.5839     276.8293     294.8898     323.371     354.8209     397.9005     440.1633     491.4456     534.1904     578.2902     609.8893     662.7067     724.4774     813.2341     887.6681     959.871     1027.702
     232.4646     232.9993     236.1822     244.4431     256.7104     271.4972     287.7523     312.696     341.5724     382.0046     422.9357     474.8415     518.8022     561.0332     588.7847     636.5444     696.136     784.2413     862.6898     937.8178     1004.594
     232.4646     232.4328     234.7452     241.7345     252.3002     265.1011     279.6969     301.8321     329.3867     367.8806     408.3629     466.225     519.6976     576.5697     619.5948     676.2015     728.3793     799.3387     867.7449     936.2454     999.153
     232.4646     231.9501     233.4795     239.2246     248.3273     259.2992     272.0881     291.8822     315.6461     349.3423     385.4733     442.0659     495.1473     549.4425     591.367     650.9677     702.8687     772.4338     842.6116     911.7067     981.5756
     232.4646     231.5328     232.2612     236.8206     244.2749     253.4382     264.2779     281.3566     301.3102     332.891     370.148     433.3242     500.3961     590.9568     682.9123     814.2394     902.3506     982.5222     1022.254     1065.524     1125.762
     232.4646     231.1618     231.3032     234.7709     240.9144     248.5642     257.7802     272.4354     289.8705     315.9615     348.9934     406.5778     469.6706     563.2904     662.5522     805.0227     905.424     990.7521     1012.821     1047.077     1113.15
     232.4646     230.996     230.6233     233.2221     238.3685     244.9242     252.9441     265.8787     281.2082     303.5168     328.1634     370.7084     417.0993     488.1883     562.6348     660.9061     752.2534     839.6884     878.9307     938.1725     1037.342
     232.4646     230.6936     229.8712     231.5717     235.5195     240.812     247.1676     257.2539     269.6932     288.022     305.2185     330.1558     379.2765     501.8128     637.5582     827.6895     1004.016     1149.592     989.2816     918.6431     1178.3
     232.4646     230.6551     229.4689     230.6002     233.8884     238.4211     243.8706     252.3554     263.592     280.8984     294.4723     308.5247     351.1916     451.0427     535.1926     674.8741     868.6901     1128.093     922.3265     785.0375     1147.504
     232.4646     230.6487     229.5006     230.4236     233.6589     238.2917     243.767     252.3728     264.6946     284.9308     300.631     317.4362     372.0488     473.1911     490.9402     516.5569     773.5521     1144.259     847.2033     649.6726     1061.889
