# Table format: T1D
# table_unit = barA
# axis1_unit = m**3/kg
# axis2_unit = null
# This file was automatically generated by generate_data_files.py
0.1	98
0.0018987562340384422	29.023188251346625
0.0018378701302157391	28.98161233758313
0.0017934070799075236	28.91261498181037
0.0017575372616519434	28.81650007829817
0.0017272590418049075	28.693631220479457
0.0017011033536930838	28.54442828979193
0.0016782335525086193	28.369363612778134
0.0016581222043965406	28.168958332439153
0.0016404120394252187	27.94377908611212
0.001624848189509761	27.69443498751569
0.0016112420148116774	27.421574880830995
0.0015994503951220428	27.125884824831072
0.0015893631960625476	26.80808576444267
0.0015808953301423001	26.46893135126296
0.001573981536079876	26.109205880541833
0.0015685728394265732	25.72972231837704
0.001564634096175986	25.331320398319797
0.001562142261688878	24.914864770672022
0.0015610851650704484	24.481243190285067
0.0015614606512889219	24.031364729580055
0.0015632760042668726	23.566158003146658
0.001566547596999319	23.086569389183577
0.0015713007364893839	22.593561232299898
0.0015775696856027883	22.088110013156854
0.0015853978525382504	21.57120447466535
0.0015948381422383746	21.04384370300622
0.0016059534633525027	20.507035174368905
0.0016188173806299365	19.961792792594036
0.0016335148984656057	19.409134954053506
0.0016501433605461198	18.850082678003933
0.0016688134570492232	18.285657828655022
0.001689650346514996	17.71688142973968
0.0017127949220800708	17.14477204091488
0.0017384052782114224	16.570344140407954
0.0017666584341121672	15.994606455081513
0.0017977523869456258	15.418560198673065
0.0018319085600808035	14.84319720589237
0.001869374680002165	14.269497985086423
0.0019104281265880246	13.698429724403676
0.001955379809104637	13.130944281621312
0.002004578643022817	12.567976172613841
0.0020584167305922473	12.010440559128588
0.002117335376128207	11.459231229498144
0.0021818320949199355	10.91521856562393
0.0022524688056359135	10.379247492536484
0.002329881433828634	9.852135409918198
0.0024147912016041105	9.334670107182781
0.0025080179382033214	8.827607665066102
0.0026104958209284407	8.331670347799442
0.002723292049269765	7.847544490871588
0.0028476290722456122	7.375878390512956
0.0029849111364614743	6.917280202105004
0.003136728396424911	6.472375067405377
0.003305033765170176	6.041507000885278
0.0034919120366566953	5.625328985176882
0.003699913096567936	5.224208890878235
0.003931981665447686	4.8385236331932475
0.004191568562592169	4.4685981433983075
0.0044827333726690875	4.114703653398978
0.0048102711998609885	3.777056102926996
0.005179869934953039	3.4558146925963666
0.005598306386337599	3.151080608534008
0.006073692193579723	2.8628959468340454
0.006615783888494063	2.591242868654584
0.00723637612576027	2.3360430193885877
0.007949803442964322	2.0971572477645326
0.008773584726073555	1.8743856368647793
0.009729256173079376	1.6674679619989523
0.010843455561280883	1.4760845733076882
0.012149344419525981	1.2998576869161274
0.013688487320908061	1.1383532024487626
0.015513355482380307	0.9910830617294981
0.017690690450099078	0.8575081841725184
0.020306442957379982	0.7370260707998347
0.023469734466393843	0.6290665398531031
0.027327180598035426	0.53287776746933
0.03206732075855525	0.4478098872616811
0.037943332814274915	0.37312257659973325
0.04529502709517073	0.30806701308391155
0.05458434423455151	0.25188113250239547
0.06644680428668313	0.2037971826064666
0.08176793668446182	0.16304957702949693
0.10179850195333502	0.12888290423063228
0.12833093101881696	0.1005599199075298
0.16397404360098242	0.07736932799510245
0.21258845233691398	0.05863313754724722
0.279989854353986	0.043713372421768516
0.3751083214083739	0.03201791076284924
0.5119412665764064	0.023005243559098075
0.7129211887305874	0.01618796799507094
1.0148708198321241	0.011134873011978333
1.4798225437337729	0.007471530914588314
2.2152586113412034	0.004879378605284085
5.428173020618275	0.001898251027438063
8.939780269241298	0.0011238111728094355
15.301719029448355	0.0006395461256994545
27.333647663064742	0.00034838751388085163
51.19690665663755	0.00018079903215201452
0.2	98
0.001927961564220646	29.023188251346625
0.0018872128873950887	28.98161233758313
0.0018593375157336927	28.91261498181037
0.0018385024402253908	28.81650007829817
0.0018224758534567862	28.693631220479457
0.0018101674379269216	28.54442828979193
0.0018009599709960498	28.369363612778134
0.0017944693356744194	28.168958332439153
0.0017904412983211035	27.94377908611212
0.0017887012482129922	27.69443498751569
0.0017891274101679904	27.421574880830995
0.0017916355515377716	27.125884824831072
0.0017961697709459566	26.80808576444267
0.0018026967145305382	26.46893135126296
0.001811201831228995	26.109205880541833
0.0018216869019393438	25.72972231837704
0.0018341684027564278	25.331320398319797
0.0018486764411618057	24.914864770672022
0.0018652541070249384	24.481243190285067
0.0018839571427392639	24.031364729580055
0.0019048538769270856	23.566158003146658
0.0019280253934168398	23.086569389183577
0.0019535659263289836	22.593561232299898
0.00198158348495366	22.088110013156854
0.002012200718776048	21.57120447466535
0.0020455560329321896	21.04384370300622
0.0020818049575241767	20.507035174368905
0.0021211217624745216	19.961792792594036
0.002163701297792925	19.409134954053506
0.0022097610347984182	18.850082678003933
0.0022595432948484266	18.285657828655022
0.0023133176822962742	17.71688142973968
0.002371383783152694	17.14477204091488
0.0024340742447645685	16.570344140407954
0.002501758348724676	15.994606455081513
0.002574846228419513	15.418560198673065
0.0026537938653783013	14.84319720589237
0.0027391089314743	14.269497985086423
0.0028313575691206517	13.698429724403676
0.002931172215423743	13.130944281621312
0.0030392606214050453	12.567976172613841
0.0031564162728317333	12.010440559128588
0.0032835304751145764	11.459231229498144
0.00342160642057485	10.91521856562393
0.0035717756182686226	10.379247492536484
0.0037353171419705023	9.852135409918198
0.003913680246805592	9.334670107182781
0.004108511024346508	8.827607665066102
0.004321683915332295	8.331670347799442
0.004555339085984641	7.847544490871588
0.00481192690818624	7.375878390512956
0.005094261078753713	6.917280202105004
0.005405526470566363	6.472375067405377
0.005749634805444752	6.041507000885278
0.0061307590110836726	5.625328985176882
0.006554003563449013	5.224208890878235
0.007025262034667462	4.8385236331932475
0.007551440024182815	4.4685981433983075
0.008140660503652126	4.114703653398978
0.00880251733581151	3.777056102926996
0.009548389818263614	3.4558146925963666
0.010391834954234803	3.151080608534008
0.011349079287684884	2.8628959468340454
0.012439639032756652	2.591242868654584
0.013687106541697275	2.3360430193885877
0.015120153831096179	2.0971572477645326
0.01677382151861899	1.8743856368647793
0.018691184755435707	1.6674679619989523
0.02092552176558194	1.4760845733076882
0.023543158195101513	1.2998576869161274
0.02662722570168193	1.1383532024487626
0.03028266915784071	0.9910830617294981
0.03464297402530084	0.8575081841725184
0.03988004414120807	0.7370260707998347
0.04621212441993219	0.6290665398531031
0.053932448636334895	0.53287776746933
0.06341809750918904	0.4478098872616811
0.07517542889103837	0.37312257659973325
0.08988406545867896	0.30806701308391155
0.10846789044460632	0.25188113250239547
0.13219794587365516	0.2037971826064666
0.16284529247940024	0.16304957702949693
0.2029114531327237	0.12888290423063228
0.25598129145727083	0.1005599199075298
0.32727244861861693	0.07736932799510245
0.4245061515691905	0.05863313754724722
0.5593137961948665	0.043713372421768516
0.7495555275922173	0.03201791076284924
1.0232261734519477	0.023005243559098075
1.4251907330125497	0.01618796799507094
2.029094671648332	0.011134873011978333
2.9590027584800307	0.007471530914588314
4.429879496705069	0.004879378605284085
10.855717418691306	0.001898251027438063
17.878936419105994	0.0011238111728094355
30.602818412201074	0.0006395461256994545
54.666680123115476	0.00034838751388085163
102.39320252652851	0.00018079903215201452
0.3	98
0.0019571668944028493	29.023188251346625
0.0019365556445744385	28.98161233758313
0.0019252679515598615	28.91261498181037
0.0019194676187988373	28.81650007829817
0.0019176926651086645	28.693631220479457
0.0019192315221607597	28.54442828979193
0.0019236863894834812	28.369363612778134
0.0019308164669522981	28.168958332439153
0.001940470557216988	27.94377908611212
0.0019525543069162231	27.69443498751569
0.0019670128055243037	27.421574880830995
0.001983820707953501	27.125884824831072
0.0020029763458293656	26.80808576444267
0.0020244980989187755	26.46893135126296
0.0020484221263781135	26.109205880541833
0.002074800964452115	25.72972231837704
0.002103702709336869	25.331320398319797
0.0021352106206347335	24.914864770672022
0.0021694230489794288	24.481243190285067
0.002206453634189606	24.031364729580055
0.002246431749587298	23.566158003146658
0.0022895031898343605	23.086569389183577
0.002335831116168583	22.593561232299898
0.0023855972843045315	22.088110013156854
0.0024390035850138446	21.57120447466535
0.002496273923626004	21.04384370300622
0.002557656451695851	20.507035174368905
0.002623426144319106	19.961792792594036
0.002693887697120244	19.409134954053506
0.0027693787090507164	18.850082678003933
0.0028502731326476294	18.285657828655022
0.0029369850180775516	17.71688142973968
0.0030299726442253178	17.14477204091488
0.0031297432113177137	16.570344140407954
0.003236858263337184	15.994606455081513
0.0033519400698933995	15.418560198673065
0.003475679170675799	14.84319720589237
0.0036088431829464354	14.269497985086423
0.0037522870116532795	13.698429724403676
0.00390696462174285	13.130944281621312
0.004073942599787273	12.567976172613841
0.00425441581507122	12.010440559128588
0.0044497255741009455	11.459231229498144
0.004661380746229764	10.91521856562393
0.00489108243090133	10.379247492536484
0.005140752850112371	9.852135409918198
0.005412569292007071	9.334670107182781
0.005709004110489694	8.827607665066102
0.0060328720097361475	8.331670347799442
0.0063873861226995165	7.847544490871588
0.006776224744126867	7.375878390512956
0.007203611021045951	6.917280202105004
0.007674324544707812	6.472375067405377
0.008194235845719326	6.041507000885278
0.00876960598551065	5.625328985176882
0.00940809403033009	5.224208890878235
0.010118542403887236	4.8385236331932475
0.01091131148577346	4.4685981433983075
0.011798587634635163	4.114703653398978
0.01279476347176203	3.777056102926996
0.01391690970157419	3.4558146925963666
0.015185363522132001	3.151080608534008
0.016624466381790045	2.8628959468340454
0.018263494177019238	2.591242868654584
0.020137836957634273	2.3360430193885877
0.022290504219228034	2.0971572477645326
0.024774058311164426	1.8743856368647793
0.027653113337792024	1.6674679619989523
0.03100758796988299	1.4760845733076882
0.03493697197067704	1.2998576869161274
0.03956596408245579	1.1383532024487626
0.04505198283330111	0.9910830617294981
0.051595257600502584	0.8575081841725184
0.05945364532503615	0.7370260707998347
0.06895451437347054	0.6290665398531031
0.08053771667463436	0.53287776746933
0.09476887425982283	0.4478098872616811
0.11240752496780183	0.37312257659973325
0.13447310382218713	0.30806701308391155
0.1623514366546611	0.25188113250239547
0.19794908746062723	0.2037971826064666
0.24392264827433868	0.16304957702949693
0.3040244043121124	0.12888290423063228
0.38363165189572473	0.1005599199075298
0.49057085363625147	0.07736932799510245
0.636423850801467	0.05863313754724722
0.838637738035747	0.043713372421768516
1.1240027337760607	0.03201791076284924
1.534511080327489	0.023005243559098075
2.1374602772945117	0.01618796799507094
3.043318523464539	0.011134873011978333
4.438182973226288	0.007471530914588314
6.644500382068934	0.004879378605284085
16.283261816764334	0.001898251027438063
26.81809256897069	0.0011238111728094355
45.9039177949538	0.0006395461256994545
81.99971258316619	0.00034838751388085163
153.58949839641946	0.00018079903215201452
0.4	98
0.001986372224585053	29.023188251346625
0.001985898401753788	28.98161233758313
0.0019911983873860304	28.91261498181037
0.0020004327973722844	28.81650007829817
0.0020129094767605427	28.693631220479457
0.002028295606394598	28.54442828979193
0.002046412807970912	28.369363612778134
0.0020671635982301767	28.168958332439153
0.002090499816112872	27.94377908611212
0.0021164073656194543	27.69443498751569
0.002144898200880617	27.421574880830995
0.00217600586436923	27.125884824831072
0.0022097829207127747	26.80808576444267
0.0022462994833070135	26.46893135126296
0.0022856424215272324	26.109205880541833
0.0023279150269648855	25.72972231837704
0.0023732370159173107	25.331320398319797
0.002421744800107662	24.914864770672022
0.002473591990933919	24.481243190285067
0.002528950125639948	24.031364729580055
0.002588009622247512	23.566158003146658
0.0026509809862518816	23.086569389183577
0.0027180963060081825	22.593561232299898
0.0027896110836554034	22.088110013156854
0.0028658064512516418	21.57120447466535
0.002946991814319819	21.04384370300622
0.0030335079458675253	20.507035174368905
0.0031257305261636914	19.961792792594036
0.0032240740964475643	19.409134954053506
0.003328996383303015	18.850082678003933
0.003441002970446833	18.285657828655022
0.0035606523538588303	17.71688142973968
0.0036885615052979414	17.14477204091488
0.00382541217787086	16.570344140407954
0.003971958177949693	15.994606455081513
0.004129033911367287	15.418560198673065
0.0042975644759732975	14.84319720589237
0.004478577434418571	14.269497985086423
0.004673216454185908	13.698429724403676
0.004882757028061957	13.130944281621312
0.005108624578169503	12.567976172613841
0.0053524153573107055	12.010440559128588
0.005615920673087315	11.459231229498144
0.005901155071884679	10.91521856562393
0.0062103892435340395	10.379247492536484
0.006546188558254241	9.852135409918198
0.0069114583372085515	9.334670107182781
0.007309497196632882	8.827607665066102
0.007744060104140004	8.331670347799442
0.008219433159414393	7.847544490871588
0.008740522580067495	7.375878390512956
0.009312960963338189	6.917280202105004
0.009943122618849264	6.472375067405377
0.010638836885993902	6.041507000885278
0.011408452959937627	5.625328985176882
0.012262184497211167	5.224208890878235
0.013211822773107014	4.8385236331932475
0.01427118294736411	4.4685981433983075
0.015456514765618205	4.114703653398978
0.016787009607712552	3.777056102926996
0.018285429584884768	3.4558146925963666
0.019978892090029204	3.151080608534008
0.021899853475895213	2.8628959468340454
0.024087349321281825	2.591242868654584
0.02658856737357128	2.3360430193885877
0.02946085460735989	2.0971572477645326
0.032774295103709855	1.8743856368647793
0.03661504192014836	1.6674679619989523
0.041089654174184045	1.4760845733076882
0.04633078574625259	1.2998576869161274
0.05250470246322964	1.1383532024487626
0.05982129650876152	0.9910830617294981
0.06854754117570434	0.8575081841725184
0.07902724650886424	0.7370260707998347
0.09169690432700889	0.6290665398531031
0.10714298471293382	0.53287776746933
0.12611965101045663	0.4478098872616811
0.1496396210445653	0.37312257659973325
0.1790621421856954	0.30806701308391155
0.21623498286471596	0.25188113250239547
0.2637002290475993	0.2037971826064666
0.32500000406927715	0.16304957702949693
0.40513735549150115	0.12888290423063228
0.5112820123341787	0.1005599199075298
0.653869258653886	0.07736932799510245
0.8483415500337437	0.05863313754724722
1.1179616798766276	0.043713372421768516
1.4984499399599043	0.03201791076284924
2.0457959872030305	0.023005243559098075
2.8497298215764744	0.01618796799507094
4.057542375280747	0.011134873011978333
5.917363187972547	0.007471530914588314
8.8591212674328	0.004879378605284085
21.710806214837366	0.001898251027438063
35.75724871883539	0.0011238111728094355
61.20501717770652	0.0006395461256994545
109.33274504321695	0.00034838751388085163
204.78579426631043	0.00018079903215201452
0.5	98
0.0020155775547672566	29.023188251346625
0.0020352411589331376	28.98161233758313
0.0020571288232122	28.91261498181037
0.002081397975945732	28.81650007829817
0.0021081262884124208	28.693631220479457
0.002137359690628436	28.54442828979193
0.002169139226458343	28.369363612778134
0.0022035107295080556	28.168958332439153
0.0022405290750087572	27.94377908611212
0.0022802604243226856	27.69443498751569
0.00232278359623693	27.421574880830995
0.002368191020784959	27.125884824831072
0.0024165894955961837	26.80808576444267
0.002468100867695251	26.46893135126296
0.0025228627166763514	26.109205880541833
0.002581029089477656	25.72972231837704
0.0026427713224977524	25.331320398319797
0.0027082789795805895	24.914864770672022
0.0027777609328884095	24.481243190285067
0.00285144661709029	24.031364729580055
0.002929587494907725	23.566158003146658
0.003012458782669403	23.086569389183577
0.0031003614958477824	22.593561232299898
0.003193624883006275	22.088110013156854
0.003292609317489438	21.57120447466535
0.003397709705013634	21.04384370300622
0.0035093594400391996	20.507035174368905
0.003628034908008276	19.961792792594036
0.003754260495774883	19.409134954053506
0.0038886140575553137	18.850082678003933
0.004031732808246037	18.285657828655022
0.004184319689640108	17.71688142973968
0.004347150366370564	17.14477204091488
0.0045210811444240055	16.570344140407954
0.004707058092562201	15.994606455081513
0.0049061277528411745	15.418560198673065
0.0051194497812707945	14.84319720589237
0.005348311685890705	14.269497985086423
0.0055941458967185345	13.698429724403676
0.005858549434381063	13.130944281621312
0.00614330655655173	12.567976172613841
0.006450414899550191	12.010440559128588
0.0067821157720736845	11.459231229498144
0.007140929397539592	10.91521856562393
0.007529696056166747	10.379247492536484
0.00795162426639611	9.852135409918198
0.008410347382410033	9.334670107182781
0.008909990282776068	8.827607665066102
0.009455248198543858	8.331670347799442
0.010051480196129269	7.847544490871588
0.010704820416008122	7.375878390512956
0.011422310905630426	6.917280202105004
0.012211920692990715	6.472375067405377
0.013083437926268477	6.041507000885278
0.014047299934364604	5.625328985176882
0.015116274964092243	5.224208890878235
0.016305103142326787	4.8385236331932475
0.017631054408954752	4.4685981433983075
0.01911444189660124	4.114703653398978
0.020779255743663072	3.777056102926996
0.022653949468195343	3.4558146925963666
0.02477242065792641	3.151080608534008
0.027175240570000373	2.8628959468340454
0.02991120446554441	2.591242868654584
0.03303929778950828	2.3360430193885877
0.036631204995491745	2.0971572477645326
0.040774531896255295	1.8743856368647793
0.04557697050250468	1.6674679619989523
0.0511717203784851	1.4760845733076882
0.05772459952182812	1.2998576869161274
0.06544344084400351	1.1383532024487626
0.07459061018422192	0.9910830617294981
0.08549982475090609	0.8575081841725184
0.09860084769269231	0.7370260707998347
0.11443929428054724	0.6290665398531031
0.13374825275123328	0.53287776746933
0.15747042776109044	0.4478098872616811
0.18687171712132875	0.37312257659973325
0.2236511805492036	0.30806701308391155
0.27011852907477074	0.25188113250239547
0.3294513706345713	0.2037971826064666
0.40607735986421556	0.16304957702949693
0.5062503066708899	0.12888290423063228
0.6389323727726326	0.1005599199075298
0.8171676636715206	0.07736932799510245
1.06025924926602	0.05863313754724722
1.3972856217175083	0.043713372421768516
1.8728971461437478	0.03201791076284924
2.5570808940785716	0.023005243559098075
3.5619993658584366	0.01618796799507094
5.071766227096954	0.011134873011978333
7.396543402718804	0.007471530914588314
11.073742152796665	0.004879378605284085
27.138350612910394	0.001898251027438063
44.69640486870009	0.0011238111728094355
76.50611656045925	0.0006395461256994545
136.66577750326763	0.00034838751388085163
255.98209013620135	0.00018079903215201452
0.6	98
0.0020447828849494603	29.023188251346625
0.002084583916112487	28.98161233758313
0.0021230592590383685	28.91261498181037
0.0021623631545191787	28.81650007829817
0.0022033431000642993	28.693631220479457
0.002246423774862274	28.54442828979193
0.002291865644945774	28.369363612778134
0.002339857860785934	28.168958332439153
0.0023905583339046414	27.94377908611212
0.002444113483025916	27.69443498751569
0.002500668991593243	27.421574880830995
0.002560376177200688	27.125884824831072
0.002623396070479593	26.80808576444267
0.002689902252083489	26.46893135126296
0.0027600830118254707	26.109205880541833
0.0028341431519904262	25.72972231837704
0.0029123056290781928	25.331320398319797
0.002994813159053517	24.914864770672022
0.0030819298748428993	24.481243190285067
0.0031739431085406316	24.031364729580055
0.0032711653675679374	23.566158003146658
0.003373936579086923	23.086569389183577
0.003482626685687382	22.593561232299898
0.0035976386823571463	22.088110013156854
0.0037194121837272353	21.57120447466535
0.0038484275957074484	21.04384370300622
0.003985210934210874	20.507035174368905
0.004130339289852861	19.961792792594036
0.0042844468951022015	19.409134954053506
0.004448231731807612	18.850082678003933
0.004622462646045239	18.285657828655022
0.004807987025421386	17.71688142973968
0.005005739227443188	17.14477204091488
0.005216750110977151	16.570344140407954
0.005442158007174709	15.994606455081513
0.00568322159431506	15.418560198673065
0.005941335086568292	14.84319720589237
0.00621804593736284	14.269497985086423
0.006515075339251161	13.698429724403676
0.006834341840700168	13.130944281621312
0.007177988534933958	12.567976172613841
0.0075484144417896784	12.010440559128588
0.007948310871060054	11.459231229498144
0.008380703723194506	10.91521856562393
0.008849002868799456	10.379247492536484
0.009357059974537979	9.852135409918198
0.009909236427611514	9.334670107182781
0.010510483368919254	8.827607665066102
0.01116643629294771	8.331670347799442
0.011883527232844145	7.847544490871588
0.012669118251948752	7.375878390512956
0.013531660847922665	6.917280202105004
0.014480718767132165	6.472375067405377
0.015528038966543051	6.041507000885278
0.01668614690879158	5.625328985176882
0.017970365430973318	5.224208890878235
0.019398383511546564	4.8385236331932475
0.020990925870545397	4.4685981433983075
0.02277236902758428	4.114703653398978
0.024771501879613595	3.777056102926996
0.027022469351505915	3.4558146925963666
0.02956594922582361	3.151080608534008
0.03245062766410554	2.8628959468340454
0.035735059609807	2.591242868654584
0.03949002820544528	2.3360430193885877
0.043801555383623604	2.0971572477645326
0.04877476868880073	1.8743856368647793
0.054538899084861	1.6674679619989523
0.06125378658278616	1.4760845733076882
0.06911841329740365	1.2998576869161274
0.07838217922477737	1.1383532024487626
0.08935992385968232	0.9910830617294981
0.10245210832610784	0.8575081841725184
0.11817444887652039	0.7370260707998347
0.13718168423408558	0.6290665398531031
0.16035352078953274	0.53287776746933
0.1888212045117242	0.4478098872616811
0.22410381319809222	0.37312257659973325
0.2682402189127118	0.30806701308391155
0.3240020752848255	0.25188113250239547
0.3952025122215434	0.2037971826064666
0.4871547156591539	0.16304957702949693
0.6073632578502784	0.12888290423063228
0.7665827332110865	0.1005599199075298
0.980466068689155	0.07736932799510245
1.2721769484982968	0.05863313754724722
1.6766095635583884	0.043713372421768516
2.2473443523275916	0.03201791076284924
3.0683658009541133	0.023005243559098075
4.274268910140399	0.01618796799507094
6.085990078913161	0.011134873011978333
8.875723617465061	0.007471530914588314
13.288363038160531	0.004879378605284085
32.565895010983425	0.001898251027438063
53.635561018564786	0.0011238111728094355
91.80721594321196	0.0006395461256994545
163.99880996331837	0.00034838751388085163
307.1783860060923	0.00018079903215201452
0.7	98
0.0020739882151316635	29.023188251346625
0.0021339266732918363	28.98161233758313
0.0021889896948645376	28.91261498181037
0.002243328333092626	28.81650007829817
0.0022985599117161777	28.693631220479457
0.0023554878590961127	28.54442828979193
0.002414592063433205	28.369363612778134
0.0024762049920638127	28.168958332439153
0.002540587592800526	27.94377908611212
0.002607966541729147	27.69443498751569
0.002678554386949556	27.421574880830995
0.0027525613336164168	27.125884824831072
0.002830202645363002	26.80808576444267
0.0029117036364717263	26.46893135126296
0.0029973033069745888	26.109205880541833
0.0030872572145031973	25.72972231837704
0.0031818399356586344	25.331320398319797
0.0032813473385264447	24.914864770672022
0.0033860988167973894	24.481243190285067
0.003496439599990974	24.031364729580055
0.0036127432402281506	23.566158003146658
0.003735414375504444	23.086569389183577
0.003864891875526981	22.593561232299898
0.004001652481708018	22.088110013156854
0.004146215049965033	21.57120447466535
0.004299145486401264	21.04384370300622
0.004461062428382547	20.507035174368905
0.004632643671697446	19.961792792594036
0.004814633294429521	19.409134954053506
0.0050078494060599105	18.850082678003933
0.005213192483844443	18.285657828655022
0.0054316543612026634	17.71688142973968
0.005664328088515812	17.14477204091488
0.005912419077530298	16.570344140407954
0.006177257921787217	15.994606455081513
0.006460315435788949	15.418560198673065
0.006763220391865789	14.84319720589237
0.007087780188834975	14.269497985086423
0.00743600478178379	13.698429724403676
0.007810134247019275	13.130944281621312
0.008212670513316186	12.567976172613841
0.008646413984029164	12.010440559128588
0.009114505970046424	11.459231229498144
0.009620478048849421	10.91521856562393
0.010168309681432163	10.379247492536484
0.010762495682679849	9.852135409918198
0.011408125472812993	9.334670107182781
0.01211097645506244	8.827607665066102
0.012877624387351565	8.331670347799442
0.013715574269559019	7.847544490871588
0.014633416087889378	7.375878390512956
0.0156410107902149	6.917280202105004
0.016749516841273616	6.472375067405377
0.017972640006817624	6.041507000885278
0.01932499388321856	5.625328985176882
0.020824455897854394	5.224208890878235
0.02249166388076634	4.8385236331932475
0.024350797332136045	4.4685981433983075
0.026430296158567314	4.114703653398978
0.028763748015564115	3.777056102926996
0.031390989234816494	3.4558146925963666
0.03435947779372082	3.151080608534008
0.0377260147582107	2.8628959468340454
0.04155891475406959	2.591242868654584
0.045940758621382284	2.3360430193885877
0.050971905771755456	2.0971572477645326
0.056775005481346154	1.8743856368647793
0.06350082766721733	1.6674679619989523
0.0713358527870872	1.4760845733076882
0.08051222707297917	1.2998576869161274
0.09132091760555122	1.1383532024487626
0.10412923753514271	0.9910830617294981
0.11940439190130958	0.8575081841725184
0.1377480500603485	0.7370260707998347
0.15992407418762394	0.6290665398531031
0.1869587888278322	0.53287776746933
0.220171981262358	0.4478098872616811
0.2613359092748556	0.37312257659973325
0.3128292572762201	0.30806701308391155
0.37788562149488036	0.25188113250239547
0.46095365380851533	0.2037971826064666
0.5682320714540924	0.16304957702949693
0.7084762090296672	0.12888290423063228
0.8942330936495405	0.1005599199075298
1.1437644737067894	0.07736932799510245
1.4840946477305734	0.05863313754724722
1.9559335053992688	0.043713372421768516
2.6217915585114344	0.03201791076284924
3.5796507078296544	0.023005243559098075
4.9865384544223605	0.01618796799507094
7.1002139307293675	0.011134873011978333
10.35490383221132	0.007471530914588314
15.502983923524397	0.004879378605284085
37.99343940905645	0.001898251027438063
62.57471716842948	0.0011238111728094355
107.10831532596467	0.0006395461256994545
191.33184242336907	0.00034838751388085163
358.37468187598324	0.00018079903215201452
0.8	98
0.002103193545313867	29.023188251346625
0.002183269430471186	28.98161233758313
0.0022549201306907066	28.91261498181037
0.002324293511666073	28.81650007829817
0.0023937767233680562	28.693631220479457
0.0024645519433299503	28.54442828979193
0.0025373184819206356	28.369363612778134
0.0026125521233416912	28.168958332439153
0.0026906168516964107	27.94377908611212
0.0027718196004323783	27.69443498751569
0.0028564397823058695	27.421574880830995
0.002944746490032146	27.125884824831072
0.003037009220246411	26.80808576444267
0.0031335050208599648	26.46893135126296
0.0032345236021237085	26.109205880541833
0.0033403712770159683	25.72972231837704
0.003451374242239076	25.331320398319797
0.0035678815179993727	24.914864770672022
0.0036902677587518796	24.481243190285067
0.0038189360914413165	24.031364729580055
0.003954321112888364	23.566158003146658
0.004096892171921966	23.086569389183577
0.004247157065366582	22.593561232299898
0.00440566628105889	22.088110013156854
0.00457301791620283	21.57120447466535
0.004749863377095079	21.04384370300622
0.004936913922554222	20.507035174368905
0.005134948053542031	19.961792792594036
0.0053448196937568426	19.409134954053506
0.005567467080312209	18.850082678003933
0.005803922321643647	18.285657828655022
0.006055321696983943	17.71688142973968
0.006322916949588435	17.14477204091488
0.006608088044083443	16.570344140407954
0.0069123578363997264	15.994606455081513
0.007237409277262836	15.418560198673065
0.007585105697163288	14.84319720589237
0.00795751444030711	14.269497985086423
0.008356934224316418	13.698429724403676
0.008785926653338381	13.130944281621312
0.009247352491698417	12.567976172613841
0.00974441352626865	12.010440559128588
0.010280701069032793	11.459231229498144
0.010860252374504336	10.91521856562393
0.011487616494064875	10.379247492536484
0.012167931390821717	9.852135409918198
0.012907014518014476	9.334670107182781
0.013711469541205628	8.827607665066102
0.01458881248175542	8.331670347799442
0.015547621306273898	7.847544490871588
0.016597713923830006	7.375878390512956
0.01775036073250714	6.917280202105004
0.019018314915415068	6.472375067405377
0.020417241047092204	6.041507000885278
0.02196384085764554	5.625328985176882
0.023678546364735473	5.224208890878235
0.02558494424998612	4.8385236331932475
0.02771066879372669	4.4685981433983075
0.030088223289550357	4.114703653398978
0.03275599415151464	3.777056102926996
0.03575950911812707	3.4558146925963666
0.039153006361618024	3.151080608534008
0.04300140185231586	2.8628959468340454
0.04738276989833218	2.591242868654584
0.05239148903731929	2.3360430193885877
0.058142256159887315	2.0971572477645326
0.0647752422738916	1.8743856368647793
0.07246275624957367	1.6674679619989523
0.0814179189913883	1.4760845733076882
0.09190604084855472	1.2998576869161274
0.10425965598632511	1.1383532024487626
0.11889855121060311	0.9910830617294981
0.13635667547651134	0.8575081841725184
0.15732165124417657	0.7370260707998347
0.1826664641411623	0.6290665398531031
0.21356405686613164	0.53287776746933
0.25152275801299184	0.4478098872616811
0.2985680053516191	0.37312257659973325
0.3574182956397283	0.30806701308391155
0.43176916770493523	0.25188113250239547
0.5267047953954875	0.2037971826064666
0.6493094272490307	0.16304957702949693
0.809589160209056	0.12888290423063228
1.0218834540879944	0.1005599199075298
1.307062878724424	0.07736932799510245
1.6960123469628499	0.05863313754724722
2.2352574472401496	0.043713372421768516
2.996238764695278	0.03201791076284924
4.090935614705196	0.023005243559098075
5.698807998704324	0.01618796799507094
8.114437782545576	0.011134873011978333
11.83408404695758	0.007471530914588314
17.717604808888265	0.004879378605284085
43.42098380712949	0.001898251027438063
71.51387331829419	0.0011238111728094355
122.40941470871739	0.0006395461256994545
218.66487488341986	0.00034838751388085163
409.57097774587425	0.00018079903215201452
0.9	98
0.0021323988754960712	29.023188251346625
0.002232612187650536	28.98161233758313
0.0023208505665168757	28.91261498181037
0.0024052586902395204	28.81650007829817
0.0024889935350199343	28.693631220479457
0.002573616027563789	28.54442828979193
0.0026600449004080665	28.369363612778134
0.002748899254619571	28.168958332439153
0.0028406461105922954	27.94377908611212
0.00293567265913561	27.69443498751569
0.0030343251776621828	27.421574880830995
0.0031369316464478756	27.125884824831072
0.0032438157951298206	26.80808576444267
0.003355306405248203	26.46893135126296
0.0034717438972728266	26.109205880541833
0.003593485339528739	25.72972231837704
0.0037209085488195182	25.331320398319797
0.0038544156974723008	24.914864770672022
0.00399443670070637	24.481243190285067
0.004141432582891659	24.031364729580055
0.004295898985548576	23.566158003146658
0.004458369968339487	23.086569389183577
0.004629422255206181	22.593561232299898
0.0048096800804097615	22.088110013156854
0.0049998207824406265	21.57120447466535
0.005200581267788894	21.04384370300622
0.005412765416725896	20.507035174368905
0.005637252435386615	19.961792792594036
0.005875006093084161	19.409134954053506
0.006127084754564508	18.850082678003933
0.00639465215944285	18.285657828655022
0.006678989032765219	17.71688142973968
0.006981505810661058	17.14477204091488
0.007303757010636591	16.570344140407954
0.007647457751012234	15.994606455081513
0.008014503118736723	15.418560198673065
0.008406991002460786	14.84319720589237
0.008827248691779244	14.269497985086423
0.009277863666849044	13.698429724403676
0.009761719059657488	13.130944281621312
0.010282034470080643	12.567976172613841
0.010842413068508137	12.010440559128588
0.011446896168019161	11.459231229498144
0.012100026700159248	10.91521856562393
0.012806923306697582	10.379247492536484
0.013573367098963587	9.852135409918198
0.014405903563215958	9.334670107182781
0.015311962627348812	8.827607665066102
0.016300000576159275	8.331670347799442
0.01737966834298877	7.847544490871588
0.01856201175977063	7.375878390512956
0.01985971067479938	6.917280202105004
0.02128711298955652	6.472375067405377
0.022861842087366777	6.041507000885278
0.02460268783207251	5.625328985176882
0.026532636831616555	5.224208890878235
0.02867822461920589	4.8385236331932475
0.031070540255317337	4.4685981433983075
0.033746150420533395	4.114703653398978
0.03674824028746515	3.777056102926996
0.040128029001437644	3.4558146925963666
0.043946534929515224	3.151080608534008
0.04827678894642101	2.8628959468340454
0.053206625042594775	2.591242868654584
0.058842219453256295	2.3360430193885877
0.06531260654801918	2.0971572477645326
0.07277547906643704	1.8743856368647793
0.08142468483192998	1.6674679619989523
0.09149998519568933	1.4760845733076882
0.10329985462413024	1.2998576869161274
0.11719839436709897	1.1383532024487626
0.13366786488606353	0.9910830617294981
0.1533089590517131	0.8575081841725184
0.17689525242800466	0.7370260707998347
0.20540885409470064	0.6290665398531031
0.2401693249044312	0.53287776746933
0.28287353476362564	0.4478098872616811
0.33580010142838257	0.37312257659973325
0.4020073340032365	0.30806701308391155
0.48565271391499004	0.25188113250239547
0.5924559369824595	0.2037971826064666
0.7303867830439693	0.16304957702949693
0.9107021113884447	0.12888290423063228
1.1495338145264482	0.1005599199075298
1.4703612837420588	0.07736932799510245
1.9079300461951263	0.05863313754724722
2.5145813890810302	0.043713372421768516
3.3706859708791224	0.03201791076284924
4.602220521580738	0.023005243559098075
6.411077542986286	0.01618796799507094
9.128661634361784	0.011134873011978333
13.313264261703837	0.007471530914588314
19.932225694252125	0.004879378605284085
48.84852820520251	0.001898251027438063
80.45302946815887	0.0011238111728094355
137.71051409147012	0.0006395461256994545
245.9979073434706	0.00034838751388085163
460.76727361576525	0.00018079903215201452
