# Table format: 1D
# table_unit = degC
# axis1_unit = kJ/kg/K
# This file was automatically generated by generate_data_files.py
0.5719653849675038	-90.5
0.5903565631503784	-86.99702857022149
0.6262547609284644	-80.06234084430838
0.6437814171052196	-76.6296513602677
0.6610266041802955	-73.22182956714988
0.6780082315647734	-69.83662221141006
0.7111882369265197	-63.137473161453244
0.7274006060855535	-59.8230859583154
0.7433705177917034	-56.53180061551615
0.7590970374406567	-53.26492775777848
0.7745888403917862	-50.02176668204885
0.7898556893097631	-46.80132710386371
0.8048954841596436	-43.60508160562813
0.8197144128387672	-40.43273002611113
0.8343222353017564	-37.28315485969364
0.8487175177456036	-34.15760957371225
0.8629049877984124	-31.055997467411316
0.876893458488169	-27.977283899697
0.8906821488558221	-24.922505449415468
0.9042752735901946	-21.891577841803866
0.9176800262876488	-18.883714235696374
0.9308964264055107	-15.899702567366319
0.9439282212239156	-12.939473691125329
0.9567812722622946	-10.002445876091713
0.9694562179345092	-7.089200933325003
0.9819563961712877	-4.199684603250773
0.9942866015398754	-1.3334788277266512
1.0064479267342692	1.5089994468873442
1.0184433581899224	4.327791060411812
1.0302767880635335	7.123172335500271
1.041949810826793	9.89489856767608
1.0534649283246578	12.642955299166601
1.0648253489497046	15.367515190021322
1.0760331417136153	18.068496423506815
1.087090405300606	20.745832664662032
1.108763227996878	26.029804829029842
1.119382882313685	28.63635708107614
1.1298610379134761	31.219332623117452
1.14019997816803	33.77878831691271
1.1504011924206559	36.314597806807456
1.160466780695805	38.826797414030636
1.1703990292496456	41.31548234156645
1.1801993183875708	43.78053342482622
1.1898695117739373	46.22196280830326
1.1994117963386903	48.63987507517288
1.2088274661409706	51.03416050402092
1.2181182454213564	53.40482751685022
1.2272861412318634	55.751966509547344
1.236332404052363	58.075485174724236
1.2452586406623978	60.375390820319126
1.2540666789437795	62.65175663563832
1.26275773785166	64.90450860156614
1.2713333145178325	67.13365234695311
1.2797950745380773	69.33924544335554
1.2881442074254175	71.52123077920771
1.2963821079397226	73.67961193350845
1.3045102965401643	75.81443292130956
1.312529932888609	77.92565170186975
1.3204423160560843	80.01326953856426
1.3282488265016852	82.07731616133611
1.335950626338987	84.11777136321768
1.3435488915316256	86.13462518888082
1.3510448934093158	88.12789928339151
1.358439781218614	90.0975897561691
1.3657346276180207	92.04367894656713
1.37293061293991	93.96618282341126
1.3800289248607966	95.86508611489506
1.3870303610746728	97.74042809089099
1.3939361438307487	99.59216537686632
1.40074737693797	101.4203227032587
1.407464951009216	103.2248810987985
1.4140898817633374	105.00584747601897
1.4206232002219707	106.76323723695452
1.4270657777153806	108.49702950285808
1.4334185643483777	110.20722859200902
1.4396825395577026	111.8938504606723
1.4458585282151135	113.55687599379917
1.4519474259408058	115.19630857157154
1.4579501564210522	116.81216235903872
1.4638675074411633	118.40442125301558
1.4697003233014472	119.97308731731283
1.475449476392846	121.51817291415529
1.481115723174664	123.03966527393999
1.4866998595874725	124.53756477018283
1.4922027115533412	126.01188210551408
1.4976250094826644	127.46260804840728
1.502967503665927	128.88974089723945
1.5082309782168573	130.29328986860122
1.5134161434860511	131.67324956636878
1.5185237057494816	133.02961568310013
1.5235544127281562	134.36239640379767
1.5333880106688365	136.9571891239779
1.5381922846863734	138.21920200240595
1.547579170735845	140.6724612235518
1.5521631073688573	141.86370655791518
1.5611152627198528	144.17543199010487
1.5654847601174073	145.29590999434026
1.5740138192571762	147.46610143447577
1.578174627701494	148.5158122583993
1.5902497717867459	151.52341331341967
1.6017271404638613	154.31871313477194
1.6126238225012817	156.9017117066939
1.6229573736275194	159.27240902002757
1.6327462727243383	161.43080507043828
1.6358916168668025	162.10309250155325
1.6420105989746094	163.3768998569671
1.644985960449949	163.97842008343144
1.6507730788007693	165.11069338090527
1.6535868863903729	165.6414464612991
1.6590607901692356	166.63218564495486
1.6617234930009863	167.0921716180162
1.6669081566064086	167.94137665261007
1.6694337255096394	168.33059554205067
1.6767718421280324	169.3567182261079
1.6838257525987832	170.1705396660613
1.6907653419011683	170.77205986012734
1.69802180301509	171.16127880824382
1.7075027158717468	171.3381965114433
1.7126519678120253	171.3499910253363
1.7183011728914217	171.3381965114433
1.7292495447502063	171.16127880824382
1.736874675266256	170.77205986012734
1.7431845091031521	170.1705396660613
1.7486094905334744	169.3567182261079
1.753308875042321	168.33059554205067
1.754728632322067	167.94137665261007
1.7573604003761618	167.0921716180162
1.758575382653573	166.63218564495486
1.7608100648723086	165.6414464612991
1.761831874421665	165.11069338090527
1.763689143447277	163.97842008343144
1.7645262223701685	163.3768998569671
1.7660208459813855	162.10309250155325
1.7666796742627364	161.43080507043828
1.7683087255671903	159.27240902002757
1.7694262027265615	156.9017117066939
1.7700422942823135	154.31871313477194
1.7701660426107808	151.52341331341967
1.7698070917391504	148.5158122583993
1.7695820730100726	147.46610143447577
1.76897669451917	145.29590999434026
1.7685972516577724	144.17543199010487
1.7676871326671384	141.86370655791518
1.767157319565482	140.6724612235518
1.7659502211622622	138.21920200240595
1.7652737074435692	136.9571891239779
1.7637766291444203	134.36239640379767
1.7629568111864606	133.02961568310013
1.7611765674693278	130.29328986860122
1.760216930138895	128.88974089723945
1.7570651693372434	124.53756477018283
1.75351391192636	119.97308731731283
1.7495771489022254	115.19630857157154
1.7452708508470591	110.20722859200902
1.7406134021029032	105.00584747601897
1.7389865162448215	103.2248810987985
1.7356260990886547	99.59216537686632
1.733894299134511	97.74042809089099
1.7321290526663324	95.86508611489506
1.730333710920874	93.96618282341126
1.72850668867637	92.04367894656713
1.7247652037236936	88.12789928339151
1.7228533370410037	86.13462518888082
1.7189543856151	82.07731616133611
1.7169701819163496	80.01326953856426
1.7108990296731958	73.67961193350845
1.7046889402981305	67.13365234695311
1.6983975505049027	60.375390820319126
1.6920926672687666	53.40482751685022
1.6858542172139246	46.22196280830326
1.683805967596173	43.78053342482622
1.6797766732747614	38.826797414030636
1.6778059870592519	36.314597806807456
1.673972128131361	31.219332623117452
1.6721208055228267	28.63635708107614
1.6703203355284741	26.030010641101285
1.6668921145717062	20.745832664662032
1.6637433726269968	15.367515190021322
1.6622906338583754	12.642955299166601
1.6596732153116538	7.123172335500271
1.658522255979271	4.327791060411812
1.6558382765173476	-4.199684603250773
1.6552412149990128	-7.089102235469625
1.654546495511117	-12.939473691125329
1.6544966517811772	-15.899593071173399
1.6546520424779496	-18.88354252158055
1.6550257211242352	-21.891577841803866
1.6556694783788795	-24.922398469838413
1.6565704894266935	-27.976987517978614
1.6577433485318338	-31.055997467411316
1.6592616804584523	-34.15752870117578
1.6611007449601118	-37.2826889474502
1.6632767309600625	-40.43273002611113
1.6658893485431296	-43.60508160562813
1.6689082298664213	-46.800636895234305
1.6723395912828463	-50.02176668204885
1.6763166960388816	-53.26492775777848
1.680815677314713	-56.53081931282611
1.6858160208684965	-59.8230859583154
1.6914551056535418	-63.137473161453244
1.704808290131782	-69.83662221141006
1.7125727055295743	-73.22182956714988
1.7306963236699056	-80.06234084430838
1.7652541787110136	-90.49999996268991
