# Table format: T1D
# table_unit = degC
# axis1_unit = kJ/kg/K
# axis2_unit = barA
# This file was automatically generated by generate_data_files.py
1.0	120
0.6102192234631499	-74.41565656565666
0.6220334949442151	-72.51248949914438
0.6338322771820915	-70.59109687171255
0.6456161805258637	-68.65130414741188
0.6573858175561768	-66.6929351188605
0.6691418041451741	-64.71581189123674
0.6808847605372866	-62.71975486612135
0.6926153124486198	-60.70458272518127
0.7043340921827913	-58.670112413700025
0.7160417397612857	-56.61615912394893
0.7277389040665471	-54.54253627839944
0.7394262439963432	-52.4490555127756
0.7511044296281996	-50.33552665894166
0.7627741433930472	-48.201757727629
0.7744360812576593	-46.04755489099631
0.7860909539158957	-43.8727224650213
0.7977394879892448	-41.67706289172597
0.8093824272377825	-39.46037672123097
0.8210205337832794	-37.222462593637175
0.8326545893468726	-34.96311722073486
0.844285396504561	-32.68213536753811
0.8559137799646309	-30.379309833640207
0.8675405878721097	-28.054431434393166
0.8791666931464601	-25.70728898190478
0.8907929948599481	-23.33766926585531
0.9024204196655197	-20.945357034129927
0.9140499232845732	-18.530134973265035
0.9256824920667726	-16.091783688708233
0.9373191446360493	-13.630081684889092
0.9489609336391761	-11.144805345098064
0.9606089476158787	-8.635728911174681
0.972264313012374	-6.102624462999131
0.9839281963635799	-3.5452618977893735
0.9956018066731483	-0.9634089091974829
1.0072863980249476	1.643169033791139
1.018983272464954	4.274708708162677
1.0306937831987244	6.9314491583834865
1.0424193381570153	9.613631718114789
1.0541614039910083	12.321500032134452
1.0659215105692132	15.055300078468576
1.0783438847975035	17.96646472572587
1.095565555937633	17.96646514582801
1.1127872258138418	17.96646514582801
1.1300088956900505	17.96646514582801
1.147230565566259	17.96646514582801
1.1644522354424676	17.96646514582801
1.1816739053186762	17.96646514582801
1.1988955751948847	17.96646514582801
1.2161172450710935	17.96646514582801
1.2333389149473022	17.96646514582801
1.2505605848235108	17.96646514582801
1.2677822546997195	17.96646514582801
1.2850039245759282	17.96646514582801
1.3022255944521366	17.96646514582801
1.3194472643283452	17.96646514582801
1.3366689342045541	17.96646514582801
1.3538906040807623	17.96646514582801
1.3711122739569712	17.96646514582801
1.38833394383318	17.96646514582801
1.4055556137093885	17.96646514582801
1.4227772835855972	17.96646514582801
1.4399989534618058	17.96646514582801
1.4572206233380143	17.96646514582801
1.474442293214223	17.96646514582801
1.4916639630904318	17.96646514582801
1.5088856329666402	17.96646514582801
1.5261073028428487	17.96646514582801
1.5433289727190578	17.96646514582801
1.5605506425952662	17.96646514582801
1.5777723124714749	17.96646514582801
1.5949939823476835	17.96646514582801
1.612215652223892	17.96646514582801
1.6294373221001008	17.96646514582801
1.6466589919763095	17.96646514582801
1.663880661852518	17.96646514582801
1.6811023317287266	17.96646514582801
1.6983240016049355	17.96646514582801
1.7155456714811437	17.96646514582801
1.7327673413573526	17.96646514582801
1.7499898387158037	17.96679104776723
1.7581414301550922	20.87795895824496
1.7714726392910352	25.68118612184719
1.7848769221210314	30.56287858265057
1.7983578201338888	35.52431814612822
1.8119188499402663	40.566807557267396
1.8255634966337215	45.69167084263836
1.8392952069432444	50.90025365804735
1.8531173823778426	56.193923641871834
1.8670333724606163	61.57407077416764
1.8810464680823848	67.04210774163926
1.8951598949751665	72.59947030857734
1.90937680730492	78.24761769385066
1.9237002813976725	83.98803295406003
1.938133309630944	89.82222337295156
1.952678794535184	95.75172085718765
1.9673395431544365	101.77808233858843
1.9821182617122877	107.9028901829393
1.9970175506210663	114.12775260548102
2.0120398998621116	120.45430409318385
2.0271876847553125	126.88420583392116
2.042463162128144	133.4191461526559
2.0578684668887623	140.0608409547487
2.073405609003956	146.81103417651184
2.089076470880455	153.67149824311974
2.1048828051468034	160.64403453400286
2.1208262328320235	167.7304738558438
2.136908241936636	174.9326769232972
2.1531301863908077	182.25253484756763
2.169493285393597	189.691969632964
2.185998623126341	197.25293468156997
2.2026471488322397	204.93741530615438
2.219439677253201	212.74742925146393
2.2363768894138936	220.6850272240315
2.253459333741925	228.75229343063552
2.2706874275120144	236.95134612556188
2.288061458600881	245.28433816679944
2.305581587538651	253.75345758132573
2.3232478498414757	262.3609281396273
2.34106015860916	271.1090099396008
2.359018307370744	279.9999999999998
10.0	118
0.6093614211935307	-74.41565656565646
0.6288884036088173	-71.25767719179365
0.6483735496486007	-68.0495160851039
0.6678196033577428	-64.79037583496103
0.6872293334674662	-61.47944635952072
0.7066055466148864	-58.11590470436826
0.7259511008602884	-54.69891483796806
0.7452689194315041	-51.22762744386151
0.7645620046367224	-47.7011797095646
0.7838334519030762	-44.11869511210912
0.8030864639184412	-40.47928320017752
0.8223243648785967	-36.78203937277391
0.8415506148714539	-33.02604465438006
0.8607688244653956	-29.210365466538292
0.8799827696106394	-25.334053395802357
0.899196407012315	-21.396144958003788
0.9184138901934105	-17.39566135877243
0.9376395865369543	-13.331608250247768
0.9568780956825461	-9.202975483928583
0.9761342697564072	-5.008736859593284
0.9954132360413276	-0.7478498702301977
1.014720422850571	3.580744557083335
1.0340615895686465	7.978122324422998
1.0534428620774292	12.445376430438216
1.072870775121556	16.983617242026696
1.0923523236148922	21.593972770321443
1.1118950254973794	26.277588951068083
1.1315069995856784	31.035629929452796
1.1511970630202868	35.86927834946056
1.170974854543318	40.77973564782883
1.190850992172561	45.76822235267275
1.2108372772298577	50.83597838685597
1.2309469617244808	55.9842633761815
1.2511951037726807	61.21435696248176
1.2715990477570271	66.52755912168124
1.2921790853325092	71.92519048691526
1.3129593857998811	77.40859267678155
1.3339693406919644	82.9791286288098
1.355245569898008	88.63818293822823
1.376835033568904	94.38716220211563
1.4007393221284208	98.09965848388345
1.4106893429964757	98.09965848388345
1.4206393638645312	98.09965848388345
1.4305893847325866	98.09965848388345
1.4405394056006418	98.09965848388345
1.450489426468697	98.09965848388345
1.4604394473367523	98.09965848388345
1.4703894682048075	98.09965848388345
1.4803394890728627	98.09965848388345
1.490289509940918	98.09965848388345
1.500239530808973	98.09965848388345
1.5101895516770285	98.09965848388345
1.520139572545084	98.09965848388345
1.530089593413139	98.09965848388345
1.5400396142811943	98.09965848388345
1.5499896351492495	98.09965848388345
1.5599396560173044	98.09965848388345
1.56988967688536	98.09965848388345
1.5798396977534153	98.09965848388345
1.5897897186214704	98.09965848388345
1.5997397394895256	98.09965848388345
1.609689760357581	98.09965848388345
1.6196397812256362	98.09965848388345
1.6295898020936916	98.09965848388345
1.6395398229617468	98.09965848388345
1.649489843829802	98.09965848388345
1.6594398646978572	98.09965848388345
1.6693898855659126	98.09965848388345
1.6793399064339678	98.09965848388345
1.689289927302023	98.09965848388345
1.6992399481700784	98.09965848388345
1.7091899690381336	98.09965848388345
1.7191399899061888	98.09965848388345
1.7290900107742442	98.09965848388345
1.7390400316422996	98.09965848388345
1.7489900525103548	98.09965848388345
1.7589400733784097	98.09965848388345
1.768890094246465	98.09965848388345
1.789455255705033	101.81214417217126
1.8000135451021935	105.56896350925223
1.810509177409847	109.36342315683072
1.8209544740189536	113.19590024056708
1.831359969387133	117.06677566461849
1.8417347594833477	120.9764341494951
1.852086764980565	124.92526427029713
1.8624229339492813	128.91365849533543
1.8727494006482848	132.94201322513743
1.883071611794971	137.01072883184628
1.8933944282879003	141.1202096990113
1.9037222080788712	145.27086426178022
1.9140588743443891	149.46310504749266
1.9244079720351361	153.69734871668055
1.9347727151271144	157.97401610448014
1.9451560263567576	162.29353226245695
1.9555605708271333	166.6563265008515
1.9659887845788968	171.0628324312479
1.97644289899799	175.5134880096706
1.9869249617620244	180.00873558011062
1.9974368548949406	184.54902191849044
2.00798031039526	189.13479827706834
2.01855692382016	193.7665204292876
2.029168166140938	198.4446487150745
2.039815394131447	203.16964808659276
2.0504998595072097	207.94198815445225
2.061222716997107	212.76214323438342
2.0719850315001054	217.63059239437916
2.082787784455366	222.54781950230995
2.093631879534074	227.51431327401207
2.1045181477448898	232.53056732186207
2.1154473520311043	237.5970802038359
2.1264201914262184	242.7143554730593
2.137437304824995	247.88290172785707
2.1484992744189904	253.10323266229886
2.159606628838712	258.3758671172568
2.170759846038724	263.7013291319714
2.1819593559570465	269.08014799613477
2.193205542975918	274.5128583024979
2.2044987482072993	279.9999999999998
20.0	119
0.6084136609354645	-74.41565656565666
0.6307443900655961	-70.79810420014766
0.6530200823178277	-67.11470169071771
0.675244808159409	-63.364250370141946
0.6974226823259355	-59.54552975191004
0.7195578893257234	-55.657297133049155
0.7416547094406899	-51.698287189721526
0.7637175450386159	-47.66721156545478
0.7857509470491373	-43.562758451882246
0.8077596415060564	-39.383592161846764
0.8297485561218492	-35.12835269473999
0.8517228469383331	-30.79565529392076
0.8736879251916233	-26.38408999608626
0.8956494846432917	-21.892221172434546
0.9176135297665244	-17.31858706147645
0.9395864053417337	-12.661699293343759
0.9615748282174502	-7.920042405438608
0.9835859222386188	-3.092073349264865
1.0056272576490661	1.8237790117166242
1.027706896658234	6.829114413372565
1.0498334473563	11.925561711490388
1.0720161288162753	17.114779411846655
1.094264851111561	22.398456209924632
1.116590315213303	27.77831154045498
1.139004139475569	33.25609613696275
1.1615190219094729	38.83359260149757
1.1841489510629049	44.51261598473252
1.2069094836593681	50.29501437662884
1.229818115205158	56.18266950784607
1.252894782265621	62.177497362102145
1.2761625550879445	68.2814487996813
1.299648612319183	74.49651019229145
1.3233856464833726	80.82470406947368
1.3474139512695398	87.26808977678513
1.3717846356801369	93.82876414595847
1.3965648012899652	100.50886217726031
1.4218463707267943	107.31055773427056
1.4477623008551164	114.23606425131152
1.4745195033777965	121.28763545375233
1.5024761113943816	128.4675660914222
1.518813446161426	132.5243091832549
1.5256813673617908	132.5243091832549
1.5325492885621554	132.5243091832549
1.53941720976252	132.5243091832549
1.5462851309628851	132.5243091832549
1.5531530521632497	132.5243091832549
1.5600209733636143	132.5243091832549
1.5668888945639794	132.5243091832549
1.5737568157643445	132.5243091832549
1.580624736964709	132.5243091832549
1.5874926581650735	132.5243091832549
1.5943605793654383	132.5243091832549
1.6012285005658031	132.5243091832549
1.6080964217661682	132.5243091832549
1.6149643429665326	132.5243091832549
1.6218322641668974	132.5243091832549
1.6287001853672622	132.5243091832549
1.6355681065676273	132.5243091832549
1.6424360277679917	132.5243091832549
1.6493039489683565	132.5243091832549
1.6561718701687214	132.5243091832549
1.6630397913690862	132.5243091832549
1.669907712569451	132.5243091832549
1.6767756337698156	132.5243091832549
1.6836435549701805	132.5243091832549
1.6905114761705455	132.5243091832549
1.6973793973709101	132.5243091832549
1.7042473185712748	132.5243091832549
1.7111152397716396	132.5243091832549
1.7179831609720042	132.5243091832549
1.724851082172369	132.5243091832549
1.7317190033727339	132.5243091832549
1.7385869245730987	132.5243091832549
1.7454548457734633	132.5243091832549
1.7523227669738282	132.5243091832549
1.759190688174193	132.5243091832549
1.7660586093745578	132.5243091832549
1.7729265305749224	132.5243091832549
1.7797944517752875	132.5243091832549
1.800533023267691	136.58104970112436
1.8108153063896808	139.7463381012733
1.820810560785144	142.93607925076435
1.8305801921043958	146.15046205401188
1.8401685998830941	149.38967687476963
1.849609099422918	152.65391554740626
1.8589274348128735	155.94337138826376
1.8681439812316263	159.25823920710934
1.8772751882452081	162.59871531866912
1.8863345608542872	165.96499755425776
1.8953333470241733	169.3572852734913
1.9042810321747257	172.77577937609658
1.9131857028470762	176.22068231380655
1.9220543193864323	179.69219810235245
1.9308929239040753	183.19053233354316
1.9397068012787464	186.7158921874444
1.9485006054806409	190.2684864446448
1.9572784598848703	193.8485254986237
1.9660440377997197	197.45622136820828
1.9748006277537589	201.09178771013256
1.983551186906929	204.75543983168785
1.992298385110776	208.44739470347696
2.0010446415353726	212.16787097226023
2.009792155335218	215.91708897390805
2.0185429314958596	219.69527074644571
2.0272988027550003	223.50264004320735
2.0360614483036903	227.33942234608298
2.0448324098292074	231.20584487887595
2.0536131053498874	235.1021366207558
2.062404841205513	239.02852831982295
2.071208822498728	242.98525250677073
2.080026162229155	246.97254350865921
2.088857889318913	250.99063746279
2.0977049556939398	255.03977233069372
2.106568242557674	259.12018791221976
2.1154485659712017	263.2321258597407
2.124346681835539	267.375829692461
2.1332632903566506	271.5515448108399
2.142199040061368	275.75951851112563
2.1511545314220126	279.9999999999998
30.000000000000004	120
0.6074714422416708	-74.41565656565686
0.6315276420950638	-70.51392775804723
0.6555193910310771	-66.53559675161773
0.6794517338489907	-62.4791596240934
0.7033297745809236	-58.3430829268641
0.7271587128590468	-54.125803105297024
0.7509438808419181	-49.82572590766918
0.7746907803739476	-45.44122578249383
0.7984051201200245	-40.97064526401698
0.8220928525083702	-36.41229434564727
0.8457602104296613	-31.764449841085593
0.8694137437817249	-27.025354732912746
0.8930603561200909	-22.19321750838469
0.9167073418809387	-17.26621148219175
0.940362424892091	-12.242474105918859
0.9640337991893316	-7.120106263949083
0.9877301735228512	-1.8971715555445599
1.0114608213912493	3.4283044371688334
1.035235639009353	8.85833489558729
1.059065214352704	14.394972525668436
1.0829609114080447	20.040310333913055
1.1069349751211266	25.79648241858206
1.1310006644551973	31.665664776443634
1.1551724237261274	37.650076125364876
1.1794661063713565	43.75197874304797
1.203899271185736	49.97367932223676
1.2284915798900629	56.317529842712474
1.2532653385369117	62.785928460407206
1.278246246996597	69.38132041397773
1.3034644566617626	76.10619894917295
1.328956098139736	82.96310626135238
1.3547655512447219	89.95463445650898
1.3809489381416957	97.08342653115892
1.4075797382910744	104.35217737146752
1.434758324937163	111.76363477199544
1.4626293562085912	119.32060047444196
1.4914166618868931	127.02593122678257
1.5215033608410855	134.88253986320228
1.5536590775897494	142.89339640522832
1.5900001386411056	151.06152918448402
1.6131991376440664	155.34649412574169
1.6172870474424337	155.34649595931847
1.6213749528431611	155.34649595931847
1.6254628582438886	155.34649595931847
1.629550763644616	155.34649595931847
1.6336386690453435	155.34649595931847
1.6377265744460712	155.34649595931847
1.6418144798467984	155.34649595931847
1.6459023852475256	155.34649595931847
1.6499902906482535	155.34649595931847
1.6540781960489808	155.34649595931847
1.6581661014497087	155.34649595931847
1.6622540068504355	155.34649595931847
1.6663419122511631	155.34649595931847
1.6704298176518908	155.34649595931847
1.674517723052618	155.34649595931847
1.6786056284533457	155.34649595931847
1.682693533854073	155.34649595931847
1.6867814392548008	155.34649595931847
1.690869344655528	155.34649595931847
1.6949572500562553	155.34649595931847
1.699045155456983	155.34649595931847
1.7031330608577104	155.34649595931847
1.7072209662584379	155.34649595931847
1.7113088716591653	155.34649595931847
1.715396777059893	155.34649595931847
1.7194846824606203	155.34649595931847
1.7235725878613475	155.34649595931847
1.7276604932620752	155.34649595931847
1.7317483986628026	155.34649595931847
1.73583630406353	155.34649595931847
1.7399242094642577	155.34649595931847
1.7440121148649852	155.34649595931847
1.7481000202657124	155.34649595931847
1.7521879256664399	155.34649595931847
1.7562758310671676	155.34649595931847
1.760363736467895	155.34649595931847
1.7644516418686222	155.34649595931847
1.7685395472693497	155.34649595931847
1.7726274526700772	155.34649595931847
1.7964588523011007	159.63146091891156
1.808523800933086	162.363199537943
1.8195038922014133	165.1121810302409
1.8297726050262841	167.87851423369938
1.8395350526749694	170.6623086732028
1.8489175694308606	173.46367456496233
1.8580041801068479	176.28272282087926
1.8668539521869811	179.1195650529362
1.87551018900203	181.97431357761752
1.884005701824788	184.8470814203534
1.8923660236653697	187.7379823199973
1.9006114659589857	190.64713073332757
1.9087584880496233	193.5746418395799
1.9168206397309042	196.52063154500684
1.9248092283480878	199.4852164874676
1.9327338024201477	202.46851404104513
1.9406025096240889	205.47064232069368
1.9484223666614489	208.49172018691507
1.9561994660071387	211.53186725046464
1.9639391365971857	214.59120387708703
1.9716460703391983	217.66985119228104
1.9793244228820421	220.767931086097
1.986977894735769	223.8855662179605
1.9946097972069903	227.02288002152972
2.002223106468727	230.17999670958255
2.0098205082631213	233.35704127893428
2.0174044351396456	236.5541395153864
2.024977097693273	239.77141799870662
2.0325405109409496	243.0090041076412
2.040096516729319	246.26702602495675
2.0476468028801507	249.54561274251648
2.0551929196367578	252.8448940663867
2.062736293863879	256.1650006219762
2.0702782413670078	259.50606385920764
2.077819977629126	262.86821605772354
2.0853626272087897	266.25159033212105
2.092907232000637	269.65632063722376
2.100454758524698	273.08254177338495
2.108006104383069	276.5303893918243
2.1155621039998	279.9999999999998
40.0	89
0.6065346710404398	-74.41565656565678
0.7151813447364201	-56.08236626653516
0.8113598803945935	-38.287319223016766
0.8968586702995365	-21.17553760830762
0.9732009723135588	-4.84388539015805
1.0416662685519558	10.648232929038556
1.103316493037492	25.269076461733164
1.1590272652900557	39.00664364920078
1.2095197424952167	51.86267695057944
1.255389871494977	63.84835850523717
1.2971335839637328	74.98137019015411
1.3351676812995938	85.28399405771137
1.3698467648209087	94.78196253012163
1.4014767493325972	103.50380133967138
1.4303254792493032	111.48044743889295
1.4566309075624941	118.74497689106823
1.4806072568982422	125.33233818726063
1.5024495552136359	131.27904179673249
1.5223369090283407	136.62279747871895
1.5404348354885822	141.4021142853902
1.5568969225956195	145.65588707507897
1.5718660315155222	149.4229929171101
1.5854752029710113	152.74191596968205
1.5978483854411918	155.65041363669042
1.609101067124003	158.18523162905672
1.6193408648986103	160.3818711865465
1.6286680995692555	162.2744077424229
1.6371763656622653	163.89535635085042
1.6449530854486156	165.27557529627
1.6520800216202747	166.4441960451216
1.6586337132583457	167.4285660236722
1.6646857979289502	168.2541915722931
1.6703031909066226	168.94467240622424
1.6755481109486123	169.52162580066033
1.6804779683480788	170.00460730359418
1.6851451597697233	170.4110429288973
1.6895968380033524	170.75619294882114
1.6938747356515642	171.0531675215721
1.6980151152726735	171.31300880454285
1.7020488953141284	171.5448441679651
1.7060019675052054	171.75610345247816
1.7098956866622366	171.95278320562454
1.7137474870356173	172.13973498797293
1.7175715656796484	172.32095404713561
1.7213795733307706	172.49984817492884
1.7255945467749294	172.699167605168
1.7298131539332193	172.90332907633808
1.7340456174396173	173.11628723297054
1.7383015721553976	173.34217985083353
1.7425905217182671	173.585442882157
1.74692215726937	173.8508775837406
1.7513065672636363	174.14368261002573
1.7557543657683727	174.46946209634
1.7602767625882794	174.83421843523115
1.7648855936434276	175.24433618629035
1.769593325307803	175.70656162265385
1.7744130423999813	176.22798089556414
1.7793584263676676	176.81599868078962
1.784443727889704	177.4783183975553
1.7896837365054854	178.22292458622184
1.7950937488156442	179.05806772114556
1.8006895361284787	179.9922515556329
1.8064873120246698	181.0342229948069
1.8125037000762245	182.19296443028833
1.818755701809429	183.477688420285
1.8252606648950418	184.89783454273106
1.8320362514521489	186.46306817931043
1.8391004062517347	188.18328090395534
1.8464713245021713	190.06859205640268
1.8541674188004158	192.12935098995
1.862207284754685	194.37613940599408
1.8706096647433605	196.81977314074203
1.8793934092865348	199.47130276543038
1.8885774355821223	202.34201241171053
1.898180682902649	205.44341634563307
1.9082220647578152	208.78725298823161
1.9187204179886712	212.3854763127298
1.9296944492489538	216.25024482503852
1.9411626796166808	220.39390863528814
1.9531433883270328	224.82899542680985
1.9656545567855146	229.56819639354643
1.9787138140701537	234.62435341350835
1.9923383850324445	240.01044882231633
2.0065450418420445	245.7395991206498
2.021350059392671	251.8250537762583
2.036769174422311	258.2801999629992
2.0528175475506605	265.1185736306729
2.0695097267737417	272.35387675248
2.08685961036838	280.0000000000001
50.00000000000001	89
0.6056032559410077	-74.4156565656566
0.7148268284672031	-55.97164670755299
0.8115286119756315	-38.05397268368131
0.897512162259594	-20.80866153632698
0.9743138422556087	-4.333162878853329
1.0432240399907586	11.312867170178777
1.1053135005600692	26.09768417467643
1.1614648948475248	40.0094692665877
1.2124050911745199	53.05029462199235
1.2587347954471124	65.23179200001755
1.300954050844994	76.5721894603891
1.3394833414377254	87.09438925517128
1.3746806714102904	96.82479507784444
1.40685517197385	105.79262988931896
1.4362777647839537	114.02952505732549
1.463189351663052	121.56921616327827
1.4878069615948402	128.4472434910719
1.5103282605152257	134.70061195815748
1.5309347983904205	140.36740594622717
1.5497943224164292	145.48637651114495
1.567062427381694	150.09652504005675
1.5828837525159392	154.2367043815916
1.5973928768414276	157.94525144072253
1.6107150175794587	161.2596582064345
1.6229666004032535	164.21628318056088
1.6342557453286577	166.85010257701543
1.644682695399597	169.19449987295462
1.6543402044780455	171.28109243557566
1.6633138934590985	173.13959431929158
1.6716825800679063	174.79771459752482
1.6795185856785215	176.28109074328654
1.6868880231118537	177.61325670707078
1.693851071622498	178.81564549782274
1.7004622482935716	179.907626137438
1.706770687503456	180.90657460213515
1.7128204407357026	181.82797757036934
1.7186508070078772	182.68556640695436
1.7242966996456057	183.49147699650877
1.7297890488975383	184.25642916518353
1.7351552333734326	184.98991794483828
1.7404195279402115	185.700408209359
1.745603552580536	186.395524425485
1.7507267062021656	187.0822283548472
1.7558065712258282	187.76697927658824
1.7608592782599373	188.4558733340868
1.7652107406760333	189.0583905521629
1.7695622747466768	189.67202684915037
1.7739226302636708	190.30040505746229
1.778300275971573	190.94713004573651
1.782703472713135	191.61581111301012
1.787140332264356	192.31007893905627
1.7916188640854362	193.03359813647603
1.7961470121314287	193.79007637258565
1.800732683679591	194.5832709201125
1.8053837718835943	195.41699337119547
1.8101081734929962	196.29511312111987
1.8149138029055811	197.22156010480205
1.819808603467434	198.20032715542004
1.8248005567109948	199.23547225351007
1.8298976900294088	200.33112084741106
1.8351080831270243	201.49146835209717
1.8404398734592915	202.7207828725638
1.8459012607774012	204.02340814900862
1.8515005108202809	205.40376668302042
1.857245958145239	206.86636297577616
1.8631460080551348	208.41578678992244
1.8692091375613895	210.05671633548008
1.8754438953157824	211.79392127608355
1.8818589004474648	213.63226545442143
1.888462840253169	215.57670924431562
1.8952644667064116	217.63231145083205
1.9022725917740804	219.80423069853526
1.9094960815548117	222.09772627080105
1.9169438492813502	224.51815838917616
1.924624847257384	227.07098795024916
1.932548057826281	229.76177576727264
1.9407224834932904	232.59618139367979
1.9491571363421045	235.57996163425565
1.9578610268995749	238.71896887558262
1.9668431526070749	242.01914938884659
1.976112486051935	245.486541773569
1.9856779630964752	249.127275718742
1.9955484710146802	252.94757125683475
2.005732836707553	256.95373867513376
2.0162398150184817	261.1521792272647
2.0270780771112618	265.54938675543144
2.038256198808454	270.15195029152744
2.0497826487201354	274.9665576540715
2.06166577592719	280.0
60.00000000000001	89
0.6046771081263189	-74.4156565656564
0.7144747502854931	-55.86149613022991
0.811696956115189	-37.821754174161924
0.8981624463707396	-20.443462615356083
0.9754206760944091	-3.8246601300831458
1.0447729026488435	11.9747377956067
1.107298619079505	26.922970289561476
1.1638874584680856	41.00838242805514
1.2152718842622872	54.233350258619794
1.2620572141614088	66.60992012508751
1.304747417013332	78.15681929680795
1.3437664260471516	88.89750806096282
1.3794753559024124	98.85898006812283
1.4121861886057292	108.07105012064812
1.442172466684376	116.56590871250467
1.4696774736351226	124.37777954154728
1.4949203463938057	131.5425815076868
1.5181005409832862	138.09755511640526
1.5394010405317626	144.08085401317084
1.558990645368982	149.53112301706625
1.5770256213805802	154.4870881880774
1.5936509147865991	158.9871785934394
1.6090010787680806	163.06918987132843
1.6232010065811897	166.76999105727486
1.6363665296458216	170.12527086167762
1.648604916765347	173.1693181063339
1.6600152990755441	175.9348324362639
1.6706890406467136	178.452764222168
1.6807100733101947	180.75218532431052
1.6901552136852473	182.86019413345116
1.6990944791311513	184.80185865434765
1.707591416953168	186.60020044789013
1.7157034577157446	188.27622037343264
1.723482299270207	189.84896473619233
1.7309743234680781	191.33562807353627
1.738221042910916	192.7516867473862
1.7452595709096472	194.11105598556946
1.7521231045135268	195.4262621718039
1.7588414083740496	196.7086220652514
1.765441286534165	197.96842118811776
1.771947029972224	199.21508472708143
1.7783808296670656	200.4573357710513
1.7847631477119494	201.70333735261482
1.791113042145656	202.96081638455178
1.7974484442630696	204.2371690349441
1.8015822118502312	205.08349517987062
1.8057216390680697	205.94284817733978
1.8098711796835079	206.81714877657038
1.8140351945135909	207.7082998396524
1.8182179650341646	208.61819151752155
1.8224237049766239	209.54870569994517
1.8266565702003685	210.50171985559592
1.8309206671105658	211.4791103699552
1.8352200598673427	212.4827554784153
1.8395587766055388	213.51453788028073
1.843940814855289	214.57634710701927
1.8483701463243856	215.67008170564134
1.8528507211747969	216.79765128595005
1.8573864718987065	217.96097846895657
1.8619813168748407	219.16200076330352
1.8666391636639006	220.40267238725602
1.8713639120830612	221.68496604586346
1.8761594570837625	223.01087466632657
1.8810296914443556	224.38241308942656
1.8859785082794693	225.80161971107776
1.8910098033610139	227.27055806555518
1.8961274772412062	228.7913183406444
1.9013354371656528	230.36601881472308
1.9066375987639035	231.9968072064786
1.9120378875058033	233.68586192944628
1.9175402399139103	235.4353932456545
1.9231486045250572	237.24764431524432
1.9288669425973504	239.1248921418255
1.9346992285624187	241.06944841641302
1.9406494502261376	243.08366026590318
1.9467216087242651	245.1699109150842
1.952919718242184	247.33062027400172
1.9592478055101643	249.56824546503526
1.965709909087027	251.8852813061568
1.972310078445826	254.28426076848973
1.9790523728750182	256.76775542737494
1.9859408602075974	259.338375926636
1.9929796153888197	261.9987724755573
2.0001727188903935	264.75163539724224
2.00752425497558	267.59969574546756
2.015038309815443	270.5457260049219
2.0227189694517733	273.5925408868079
2.030570317597023	276.7429982282665
2.038596433256213	280.0
70.0	89
0.6037561412512849	-74.4156565656566
0.7141250772729004	-55.75190400957953
0.8118649366816416	-37.59064183614271
0.8988096092317042	-20.079906341913784
0.9765216321256089	-3.3183279936160943
1.0463130991993947	12.633911538192137
1.1092721931261798	27.74502332524048
1.1662954263641105	42.003499358149895
1.2181207499893758	55.41199605398725
1.2653579579842817	67.98294260062107
1.3085147758126945	79.73552327731193
1.3480183766509823	90.69370123668705
1.3842327282461873	100.88498897141324
1.4174723479735634	110.33970246340914
1.4480130138974083	119.09047712260372
1.4760999240057795	127.17188331778806
1.5019537644703695	134.62004760053844
1.5257751267860145	141.47224595938548
1.5477476806984478	147.76647629659772
1.5680404560377301	153.54103629055317
1.5868095164141223	158.83413404632114
1.6041992322059804	163.68354958643494
1.6203432907223536	168.12635243321915
1.6353655259877142	172.1986696652267
1.6493806128967312	175.935492816904
1.6624946498637054	179.37051136894223
1.6748056467654533	182.53596409537494
1.686403935688591	185.46250503641915
1.6973725256264494	188.179086182307
1.707787425028258	190.7128625405811
1.7177179559857727	193.0891264694315
1.7272270804985714	195.3312771535243
1.7363717534445469	197.4608285514155
1.7452033098432098	199.49745590738064
1.7537678869865705	201.45907776358433
1.762106876003104	203.3619678742146
1.7702573930192056	205.22088979514223
1.7782527575358091	207.0492462585454
1.7861229648973467	208.85923563694655
1.7938951405350199	210.6620086556157
1.8015939656245155	212.46781978996455
1.809242066463953	214.28616925591268
1.8168603628169435	216.12593297203563
1.8244683733079123	217.99547919828535
1.8320844784264145	219.90277164627207
1.8356587258840331	220.8110749141739
1.8392403240440285	221.73010258438012
1.8428309770758715	222.66061125253793
1.8464323613496045	223.60334930220722
1.850046128501845	224.55905829434283
1.8536739082395444	225.52847426981435
1.8573173109040317	226.51232897196223
1.8609779298168	227.51135099576737
1.8646573434272027	228.52626686972366
1.8683571172807516	229.55780207596956
1.8720788058251925	230.60668201367577
1.8758239540699106	231.6736329101214
1.8795940991126272	232.75938268334625
1.8833907715458236	233.86466175974226
1.8872154967537687	234.9902038494672
1.8910697961096863	236.136746682126
1.894955188081276	237.30503270478692
1.8988731892516166	238.4958097440736
1.9028253152614858	239.70983163381675
1.9068130816781486	240.94785880952998
1.9108380047949727	242.21065887084785
1.9149016023654786	243.49900711294458
1.9190053942749674	244.8136870279228
1.923150903152398	246.15549077715184
1.9273396549248305	247.5252196355658
1.9315731793165474	248.92368440899634
1.935853010294708	250.3517058257023
1.940180686463306	251.81011490335777
1.9445577514070784	253.29975329287572
1.9489857539869773	254.82147360055774
1.953466248588734	256.37613969017616
1.9580007953260652	257.96462696670017
1.9625909601999803	259.58782264347417
1.9672383152156598	261.24662599473197
1.9719444384582698	262.9419485953906
1.9767109141290513	264.67471455010104
1.9815393325428858	266.44586071354763
1.9864312900884442	268.2563369039658
1.9913883891518567	270.10710611180866
1.9964122380046752	271.99914470541444
2.001504450656694	273.93344263543054
2.0066666466739544	275.911003639613
2.01190045096202	277.9328454494662
2.017207493514331	280.0
