# Table format: T1D
# table_unit = degC
# axis1_unit = kJ/kg/K
# axis2_unit = null
# This file was automatically generated by generate_data_files.py
0.1	99
1.6980455580594522	165.57555106443994
1.6935367377346429	165.50208436824227
1.6896107316351052	165.37963987459807
1.6860695562694568	165.2082175835203
1.6827571323959276	164.9878174950216
1.6795709151204838	164.71843960911883
1.6764442704947238	164.40008392583002
1.6733326785217781	164.03275044517676
1.6702053489679043	163.61643916718197
1.6670402747214905	163.1511500918715
1.663821255755907	162.63688321927344
1.6605360509982388	162.0736385494177
1.657175191989333	161.46141608233802
1.6537311972862632	160.80021581806903
1.6501980373871283	160.090037756649
1.6465707610367486	159.3308818981185
1.6428452283823227	158.52274824252163
1.639017916650371	157.66563678990508
1.6350857761538142	156.75954754031937
1.6310461219321255	155.80448049381982
1.6268965510729076	154.80043565046526
1.622634878839246	153.74741301031992
1.618259088764107	152.6454125734533
1.6137672932488747	151.49443433994134
1.609157702149206	150.29447830986675
1.6044285974929309	149.04554448331953
1.5995783129444958	147.747632860399
1.5946052169686191	146.40074344121285
1.5895076988927384	145.0048762258799
1.5842841572500443	143.56003121453006
1.578932989921153	142.06620840730574
1.5734525856952915	140.52340780436424
1.5678413169502554	138.93162940587763
1.5620975332107847	137.29087321203525
1.5562195553917244	135.60113922304578
1.5502056705689113	133.8624274391393
1.544054127149374	132.07473786056903
1.5377631303350756	130.23807048761398
1.5313308377922636	128.352425320583
1.5247553554525752	126.4178023598165
1.5180347333831954	124.43420160569144
1.5111669616719803	122.40162305862549
1.5041499662801976	120.32006671908039
1.4969816048205908	118.18953258756915
1.4896596622221694	116.01002066466117
1.4821818462456948	113.78153095098918
1.4745457828154336	111.50406344725883
1.4667490111334205	109.1776181542545
1.4587889785425592	106.80219507285227
1.450663035104114	104.37779420403177
1.4423684278539133	101.90441554888793
1.4339022946997522	99.38205910864713
1.4252616579200872	96.81072488468556
1.4164434172212224	94.19041287854878
1.4074443423069083	91.521123091976
1.3982610614086435	88.80285570997108
1.3888900755558193	86.03561048564569
1.3793276877418628	83.21938707051947
1.3695700812295961	80.35418618448591
1.3596132381219228	77.4400075307102
1.3494529579045222	74.4768511128272
1.3390848396222133	71.46471693497017
1.3285042683553459	68.40360500184596
1.3177064005862207	65.29351531882395
1.3066861483632097	62.13444789203885
1.295438162167503	58.92640272851213
1.2839568123857492	55.6693798362939
1.2722361692910398	52.363379224629114
1.2602699814345069	49.00840090415386
1.2480516523494807	45.60444488712682
1.2355742154688132	42.15151118770149
1.2228303071523297	38.649599822250025
1.2098121377139788	35.09871080974517
1.1965114603258442	31.49884417221614
1.1829195376576254	27.849999935290384
1.1690271060850872	24.152178128840035
1.1548243372695048	20.40537878775575
1.1403007968730587	16.609601952873675
1.125445400133645	12.764847672088877
1.110246363976836	8.871116001696521
1.0946911552925098	4.928407008008321
1.0787664349456796	0.9367207693105684
1.0624579970201944	-3.1039426217656114
1.0457507027031674	-7.193583055360477
1.0286284080979828	-11.332200400872296
1.0110738850961092	-15.51979450266299
0.9930687342333784	-19.756365174792904
0.9745932881977554	-24.041912194547535
0.9556265043350393	-28.37643529445117
0.9361458441056447	-32.75993415237181
0.9161271369710301	-37.19240837923371
0.895544425613541	-41.673857503672025
0.8743697886977887	-46.204280952808574
0.8525731365438272	-50.78367802803396
0.8301219740575283	-55.41204787439136
0.8069811240198046	-60.08938944159016
0.783112402307956	-64.81570143422212
0.7584742334400217	-69.59098224768576
0.7330215130750036	-74.41521095700983
0.2	99
1.6993574098752489	165.57555106443994
1.6960333174517614	165.50208436824227
1.6931504934924457	165.37963987459807
1.6905444470191	165.2082175835203
1.68809078956791	164.9878174950216
1.685709188472595	164.71843960911883
1.6833479445073085	164.40008392583002
1.6809727299052755	164.03275044517676
1.6785599034080598	163.61643916718197
1.6760926151534663	163.1511500918715
1.6735584821798628	162.63688321927344
1.6709481534601245	162.0736385494177
1.6682543931901814	161.46141608233802
1.6654714762880494	160.80021581806903
1.6625947782777017	160.090037756649
1.6596204899564981	159.3308818981185
1.6565454144132141	158.52274824252163
1.6533668197545768	157.66563678990508
1.6500823303559122	156.75954754031937
1.6466898452782215	155.80448049381982
1.6431874761782523	154.80043565046526
1.6395734994241629	153.74741301031992
1.6358463187083285	152.6454125734533
1.6320044355147307	151.49443433994134
1.628046425530502	150.29447830986675
1.6239709196021934	149.04554448331953
1.6197765881991277	147.747632860399
1.6154621286054947	146.40074344121285
1.6110262542510176	145.0048762258799
1.6064676857278684	143.56003121453006
1.6017851431436563	142.06620840730574
1.596977339536662	140.52340780436424
1.5920429751370382	138.93162940587763
1.5869807323016527	137.29087321203525
1.5817892709838373	135.60113922304578
1.5764672246254665	133.8624274391393
1.5710131963790905	132.07473786056903
1.5654257555838686	130.23807048761398
1.5597034344316485	128.352425320583
1.5538447247695006	126.4178023598165
1.547848074992985	124.43420160569144
1.5417118869906543	122.40162305862549
1.5354345131052407	120.32006671908039
1.529014253080824	118.18953258756915
1.522449350968189	116.01002066466117
1.51573799196275	113.78153095098918
1.5088782991509733	111.50406344725883
1.5018683301420783	109.1776181542545
1.4947060735623727	106.80219507285227
1.487389445389388	104.37779420403177
1.4799162851025922	101.90441554888793
1.4722843516265245	99.38205910864713
1.4644913190408255	96.81072488468556
1.4565347720298318	94.19041287854878
1.4484122010422396	91.521123091976
1.4401210005446727	88.80285570997108
1.431658445052758	86.03561048564569
1.4230217242187393	83.21938707051947
1.4142078886305645	80.35418618448591
1.4052138737390907	77.4400075307102
1.3960364822266307	74.4768511128272
1.3866723774170662	71.46471693497017
1.3771180746776608	68.40360500184596
1.3673699321272161	65.29351531882395
1.3574241405988345	62.13444789203885
1.3472767128103755	58.92640272851213
1.3369234717036975	55.6693798362939
1.3263600379248632	52.363379224629114
1.3155818164314133	49.00840090415386
1.3045839822285816	45.60444488712682
1.293361465252507	42.15151118770149
1.2819089344330965	38.649599822250025
1.2702207809799628	35.09871080974517
1.2582911009398305	31.49884417221614
1.2461136770714958	27.849999935290384
1.2336819600748234	24.152178128840035
1.2209890491946223	20.40537878775575
1.2080276722013104	16.609601952873675
1.1947901647317953	12.764847672088877
1.1812684489584586	8.871116001696521
1.1674540115436678	4.928407008008321
1.1533378808293515	0.9367207693105684
1.1389106032007945	-3.1039426217656114
1.1241622185436557	-7.193583055360477
1.1090822346737474	-11.332200400872296
1.0936596005542405	-15.51979450266299
1.0778826780193904	-19.756365174792904
1.0617392115995044	-24.041912194547535
1.0452162958924684	-28.37643529445117
1.0283003397556512	-32.75993415237181
1.0109770264116378	-37.19240837923371
0.9932312683720383	-41.673857503672025
0.975047155892362	-46.204280952808574
0.9564078974931143	-50.78367802803396
0.9372957509008454	-55.41204787439136
0.9176919425996773	-60.08938944159016
0.8975765740144429	-64.81570143422212
0.876928511013648	-69.59098224768576
0.8557257645139454	-74.41521095700983
0.3	99
1.7006692616910453	165.57555106443994
1.6985298971688798	165.50208436824227
1.696690255349786	165.37963987459807
1.6950193377687437	165.2082175835203
1.6934244467398922	164.9878174950216
1.6918474618247066	164.71843960911883
1.6902516185198928	164.40008392583002
1.688612781288773	164.03275044517676
1.6869144578482156	163.61643916718197
1.685144955585442	163.1511500918715
1.6832957086038192	162.63688321927344
1.6813602559220104	162.0736385494177
1.67933359439103	161.46141608233802
1.6772117552898358	160.80021581806903
1.6749915191682754	160.090037756649
1.6726702188762483	159.3308818981185
1.6702456004441053	158.52274824252163
1.6677157228587827	157.66563678990508
1.6650788845580105	156.75954754031937
1.6623335686243168	155.80448049381982
1.659478401283597	154.80043565046526
1.6565121200090798	153.74741301031992
1.6534335486525507	152.6454125734533
1.6502415777805863	151.49443433994134
1.6469351489117985	150.29447830986675
1.6435132417114555	149.04554448331953
1.63997486345376	147.747632860399
1.6363190402423704	146.40074344121285
1.6325448096092976	145.0048762258799
1.6286512142056924	143.56003121453006
1.6246372963661602	142.06620840730574
1.6205020933780325	140.52340780436424
1.6162446333238212	138.93162940587763
1.611863931392521	137.29087321203525
1.6073589865759506	135.60113922304578
1.6027287786820221	133.8624274391393
1.597972265608807	132.07473786056903
1.5930883808326612	130.23807048761398
1.5880760310710336	128.352425320583
1.5829340940864263	126.4178023598165
1.577661416602775	124.43420160569144
1.5722568123093283	122.40162305862549
1.566719059930284	120.32006671908039
1.5610469013410573	118.18953258756915
1.5552390397142086	116.01002066466117
1.5492941376798055	113.78153095098918
1.5432108154865127	111.50406344725883
1.5369876491507362	109.1776181542545
1.5306231685821863	106.80219507285227
1.5241158556746623	104.37779420403177
1.5174641423512718	101.90441554888793
1.5106664085532968	99.38205910864713
1.5037209801615639	96.81072488468556
1.4966261268384415	94.19041287854878
1.489380059777571	91.521123091976
1.4819809396807018	88.80285570997108
1.4744268145496968	86.03561048564569
1.4667157606956158	83.21938707051947
1.4588456960315335	80.35418618448591
1.4508145093562586	77.4400075307102
1.4426200065487387	74.4768511128272
1.4342599152119193	71.46471693497017
1.4257318809999757	68.40360500184596
1.4170334636682114	65.29351531882395
1.4081621328344591	62.13444789203885
1.3991152634532478	58.92640272851213
1.3898901310216456	55.6693798362939
1.3804839065586871	52.363379224629114
1.3708936514283192	49.00840090415386
1.3611163121076821	45.60444488712682
1.3511487150362005	42.15151118770149
1.3409875617138634	38.649599822250025
1.3306294242459475	35.09871080974517
1.320070741553817	31.49884417221614
1.309307816485366	27.849999935290384
1.2983368140645595	24.152178128840035
1.2871537611197401	20.40537878775575
1.2757545475295615	16.609601952873675
1.2641349293299455	12.764847672088877
1.2522905339400814	8.871116001696521
1.2402168677948258	4.928407008008321
1.227909326713023	0.9367207693105684
1.2153632093813942	-3.1039426217656114
1.2025737343841436	-7.193583055360477
1.1895360612495123	-11.332200400872296
1.1762453160123716	-15.51979450266299
1.1626966218054027	-19.756365174792904
1.1488851350012532	-24.041912194547535
1.134806087449898	-28.37643529445117
1.1204548354056574	-32.75993415237181
1.1058269158522456	-37.19240837923371
1.090918111130536	-41.673857503672025
1.0757245230869352	-46.204280952808574
1.0602426584424012	-50.78367802803396
1.0444695277441627	-55.41204787439136
1.0284027611795499	-60.08938944159016
1.01204074572093	-64.81570143422212
0.995382788587274	-69.59098224768576
0.9784300159528876	-74.41521095700983
0.4	99
1.7019811135068421	165.57555106443994
1.7010264768859984	165.50208436824227
1.7002300172071265	165.37963987459807
1.699494228518387	165.2082175835203
1.6987581039118744	164.9878174950216
1.6979857351768175	164.71843960911883
1.6971552925324775	164.40008392583002
1.6962528326722706	164.03275044517676
1.695269012288371	163.61643916718197
1.6941972960174176	163.1511500918715
1.693032935027775	162.63688321927344
1.691772358383896	162.0736385494177
1.6904127955918788	161.46141608233802
1.6889520342916224	160.80021581806903
1.6873882600588486	160.090037756649
1.6857199477959983	159.3308818981185
1.683945786474997	158.52274824252163
1.6820646259629883	157.66563678990508
1.680075438760109	156.75954754031937
1.6779772919704123	155.80448049381982
1.6757693263889417	154.80043565046526
1.6734507405939971	153.74741301031992
1.671020778596772	152.6454125734533
1.6684787200464422	151.49443433994134
1.6658238722930951	150.29447830986675
1.6630555638207178	149.04554448331953
1.660173138708392	147.747632860399
1.657175951879246	146.40074344121285
1.6540633649675769	145.0048762258799
1.6508347426835166	143.56003121453006
1.6474894495886638	142.06620840730574
1.644026847219403	140.52340780436424
1.6404462915106042	138.93162940587763
1.6367471304833894	137.29087321203525
1.6329287021680634	135.60113922304578
1.6289903327385777	133.8624274391393
1.6249313348385233	132.07473786056903
1.6207510060814538	130.23807048761398
1.616448627710419	128.352425320583
1.6120234634033515	126.4178023598165
1.6074747582125646	124.43420160569144
1.6028017376280028	122.40162305862549
1.598003606755327	120.32006671908039
1.5930795496012906	118.18953258756915
1.5880287284602281	116.01002066466117
1.582850283396861	113.78153095098918
1.5775433318220522	111.50406344725883
1.5721069681593944	109.1776181542545
1.5665402636020003	106.80219507285227
1.5608422659599364	104.37779420403177
1.5550119995999507	101.90441554888793
1.5490484654800694	99.38205910864713
1.5429506412823022	96.81072488468556
1.536717481647051	94.19041287854878
1.5303479185129023	91.521123091976
1.523840878816731	88.80285570997108
1.517195184046635	86.03561048564569
1.5104097971724924	83.21938707051947
1.503483503432502	80.35418618448591
1.4964151449734264	77.4400075307102
1.489203530870847	74.4768511128272
1.4818474530067725	71.46471693497017
1.4743456873222904	68.40360500184596
1.466696995209207	65.29351531882395
1.458900125070084	62.13444789203885
1.45095381409612	58.92640272851213
1.4428567903395941	55.6693798362939
1.4346077751925104	52.363379224629114
1.4262054864252252	49.00840090415386
1.4176486419867824	45.60444488712682
1.408935964819894	42.15151118770149
1.4000661889946298	38.649599822250025
1.3910380675119318	35.09871080974517
1.3818503821678034	31.49884417221614
1.3725019558992364	27.849999935290384
1.3629916680542957	24.152178128840035
1.3533184730448575	20.40537878775575
1.343481422857813	16.609601952873675
1.333479693928096	12.764847672088877
1.3233126189217037	8.871116001696521
1.3129797240459835	4.928407008008321
1.302480772596695	0.9367207693105684
1.291815815561994	-3.1039426217656114
1.2809852502246317	-7.193583055360477
1.2699898878252769	-11.332200400872296
1.2588310314705031	-15.51979450266299
1.247510565591415	-19.756365174792904
1.236031058403002	-24.041912194547535
1.224395879007327	-28.37643529445117
1.2126093310556638	-32.75993415237181
1.2006768052928534	-37.19240837923371
1.188604953889033	-41.673857503672025
1.1764018902815083	-46.204280952808574
1.1640774193916883	-50.78367802803396
1.1516433045874799	-55.41204787439136
1.1391135797594223	-60.08938944159016
1.1265049174274169	-64.81570143422212
1.1138370661609003	-69.59098224768576
1.1011342673918294	-74.41521095700983
0.5	99
1.7032929653226385	165.57555106443994
1.703523056603117	165.50208436824227
1.703769779064467	165.37963987459807
1.7039691192680302	165.2082175835203
1.7040917610838564	164.9878174950216
1.7041240085289286	164.71843960911883
1.704058966545062	164.40008392583002
1.703892884055768	164.03275044517676
1.7036235667285269	163.61643916718197
1.7032496364493936	163.1511500918715
1.702770161451731	162.63688321927344
1.7021844608457815	162.0736385494177
1.7014919967927276	161.46141608233802
1.7006923132934086	160.80021581806903
1.6997850009494224	160.090037756649
1.698769676715748	159.3308818981185
1.6976459725058881	158.52274824252163
1.6964135290671936	157.66563678990508
1.695071992962207	156.75954754031937
1.6936210153165083	155.80448049381982
1.6920602514942862	154.80043565046526
1.6903893611789143	153.74741301031992
1.6886080085409938	152.6454125734533
1.6867158623122978	151.49443433994134
1.6847125956743911	150.29447830986675
1.6825978859299808	149.04554448331953
1.6803714139630244	147.747632860399
1.678032863516122	146.40074344121285
1.6755819203258568	145.0048762258799
1.6730182711613406	143.56003121453006
1.6703416028111675	142.06620840730574
1.6675516010607736	140.52340780436424
1.6646479496973872	138.93162940587763
1.6616303295742578	137.29087321203525
1.6584984177601765	135.60113922304578
1.6552518867951334	133.8624274391393
1.65189040406824	132.07473786056903
1.6484136313302467	130.23807048761398
1.6448212243498042	128.352425320583
1.6411128327202769	126.4178023598165
1.637288099822354	124.43420160569144
1.633346662946677	122.40162305862549
1.62928815358037	120.32006671908039
1.625112197861524	118.18953258756915
1.6208184172062476	116.01002066466117
1.6164064291139164	113.78153095098918
1.6118758481575917	111.50406344725883
1.6072262871680523	109.1776181542545
1.602457358621814	106.80219507285227
1.5975686762452106	104.37779420403177
1.5925598568486299	101.90441554888793
1.5874305224068415	99.38205910864713
1.5821803024030405	96.81072488468556
1.5768088364556607	94.19041287854878
1.5713157772482336	91.521123091976
1.5657008179527603	88.80285570997108
1.5599635535435736	86.03561048564569
1.554103833649369	83.21938707051947
1.5481213108334704	80.35418618448591
1.5420157805905943	77.4400075307102
1.5357870551929556	74.4768511128272
1.5294349908016251	71.46471693497017
1.5229594936446056	68.40360500184596
1.5163605267502025	65.29351531882395
1.509638117305709	62.13444789203885
1.502792364738992	58.92640272851213
1.4958234496575424	55.6693798362939
1.4887316438263343	52.363379224629114
1.4815173214221313	49.00840090415386
1.4741809718658831	45.60444488712682
1.4667232146035876	42.15151118770149
1.4591448162753964	38.649599822250025
1.451446710777916	35.09871080974517
1.4436300227817902	31.49884417221614
1.4356960953131066	27.849999935290384
1.4276465220440318	24.152178128840035
1.4194831849699752	20.40537878775575
1.4112082981860645	16.609601952873675
1.4028244585262462	12.764847672088877
1.3943347039033265	8.871116001696521
1.3857425802971415	4.928407008008321
1.3770522184803666	0.9367207693105684
1.368268421742594	-3.1039426217656114
1.3593967660651196	-7.193583055360477
1.3504437144010415	-11.332200400872296
1.3414167469286344	-15.51979450266299
1.3323245093774272	-19.756365174792904
1.3231769818047514	-24.041912194547535
1.3139856705647563	-28.37643529445117
1.3047638267056698	-32.75993415237181
1.2955266947334607	-37.19240837923371
1.2862917966475307	-41.673857503672025
1.2770792574760814	-46.204280952808574
1.2679121803409747	-50.78367802803396
1.2588170814307968	-55.41204787439136
1.249824398339295	-60.08938944159016
1.2409690891339038	-64.81570143422212
1.2322913437345266	-69.59098224768576
1.2238385188307712	-74.41521095700983
0.6	99
1.7046048171384351	165.57555106443994
1.7060196363202353	165.50208436824227
1.7073095409218078	165.37963987459807
1.7084440100176734	165.2082175835203
1.7094254182558386	164.9878174950216
1.71026228188104	164.71843960911883
1.7109626405576464	164.40008392583002
1.7115329354392657	164.03275044517676
1.7119781211686824	163.61643916718197
1.7123019768813692	163.1511500918715
1.7125073878756873	162.63688321927344
1.7125965633076674	162.0736385494177
1.7125711979935763	161.46141608233802
1.7124325922951953	160.80021581806903
1.7121817418399956	160.090037756649
1.7118194056354978	159.3308818981185
1.7113461585367795	158.52274824252163
1.7107624321713992	157.66563678990508
1.7100685471643053	156.75954754031937
1.7092647386626036	155.80448049381982
1.7083511765996306	154.80043565046526
1.7073279817638314	153.74741301031992
1.7061952384852157	152.6454125734533
1.7049530045781538	151.49443433994134
1.7036013190556878	150.29447830986675
1.7021402080392432	149.04554448331953
1.700569689217656	147.747632860399
1.6988897751529977	146.40074344121285
1.6971004756841364	145.0048762258799
1.6952017996391646	143.56003121453006
1.693193756033671	142.06620840730574
1.6910763549021437	140.52340780436424
1.6888496078841702	138.93162940587763
1.6865135286651258	137.29087321203525
1.6840681333522893	135.60113922304578
1.6815134408516885	133.8624274391393
1.6788494732979564	132.07473786056903
1.6760762565790392	130.23807048761398
1.6731938209891897	128.352425320583
1.6702022020372023	126.4178023598165
1.6671014414321434	124.43420160569144
1.6638915882653513	122.40162305862549
1.6605727004054134	120.32006671908039
1.6571448461217573	118.18953258756915
1.6536081059522676	116.01002066466117
1.6499625748309719	113.78153095098918
1.6462083644931313	111.50406344725883
1.64234560617671	109.1776181542545
1.6383744536416276	106.80219507285227
1.6342950865304853	104.37779420403177
1.6301077140973093	101.90441554888793
1.6258125793336136	99.38205910864713
1.621409963523779	96.81072488468556
1.6169001912642702	94.19041287854878
1.612283635983565	91.521123091976
1.607560757088789	88.80285570997108
1.6027319230405124	86.03561048564569
1.5977978701262459	83.21938707051947
1.5927591182344392	80.35418618448591
1.5876164162077622	77.4400075307102
1.5823705795150635	74.4768511128272
1.5770225285964783	71.46471693497017
1.5715732999669203	68.40360500184596
1.566024058291198	65.29351531882395
1.5603761095413333	62.13444789203885
1.5546309153818645	58.92640272851213
1.5487901089754905	55.6693798362939
1.5428555124601575	52.363379224629114
1.5368291564190373	49.00840090415386
1.5307133017449837	45.60444488712682
1.5245104643872813	42.15151118770149
1.5182234435561632	38.649599822250025
1.5118553540439004	35.09871080974517
1.5054096633957765	31.49884417221614
1.4988902347269768	27.849999935290384
1.4923013760337678	24.152178128840035
1.4856478968950924	20.40537878775575
1.4789351735143155	16.609601952873675
1.4721692231243966	12.764847672088877
1.4653567888849488	8.871116001696521
1.4585054365482994	4.928407008008321
1.4516236643640381	0.9367207693105684
1.4447210279231941	-3.1039426217656114
1.437808281905608	-7.193583055360477
1.430897540976806	-11.332200400872296
1.4240024623867658	-15.51979450266299
1.4171384531634397	-19.756365174792904
1.4103229052065	-24.041912194547535
1.4035754621221854	-28.37643529445117
1.3969183223556763	-32.75993415237181
1.3903765841740685	-37.19240837923371
1.383978639406028	-41.673857503672025
1.3777566246706547	-46.204280952808574
1.3717469412902619	-50.78367802803396
1.365990858274114	-55.41204787439136
1.3605352169191671	-60.08938944159016
1.3554332608403907	-64.81570143422212
1.3507456213081528	-69.59098224768576
1.3465427702697133	-74.41521095700983
0.7	99
1.705916668954232	165.57555106443994
1.708516216037354	165.50208436824227
1.7108493027791483	165.37963987459807
1.712918900767317	165.2082175835203
1.714759075427821	164.9878174950216
1.7164005552331514	164.71843960911883
1.717866314570231	164.40008392583002
1.719172986822763	164.03275044517676
1.720332675608838	163.61643916718197
1.7213543173133452	163.1511500918715
1.7222446142996433	162.63688321927344
1.723008665769553	162.0736385494177
1.7236503991944252	161.46141608233802
1.7241728712969817	160.80021581806903
1.724578482730569	160.090037756649
1.7248691345552478	159.3308818981185
1.7250463445676707	158.52274824252163
1.725111335275605	157.66563678990508
1.7250651013664038	156.75954754031937
1.7249084620086994	155.80448049381982
1.7246421017049751	154.80043565046526
1.7242666023487485	153.74741301031992
1.7237824684294372	152.6454125734533
1.7231901468440092	151.49443433994134
1.722490042436984	150.29447830986675
1.7216825301485055	149.04554448331953
1.7207679644722884	147.747632860399
1.7197466867898732	146.40074344121285
1.718619031042416	145.0048762258799
1.7173853281169886	143.56003121453006
1.7160459092561746	142.06620840730574
1.7146011087435142	140.52340780436424
1.7130512660709534	138.93162940587763
1.711396727755994	137.29087321203525
1.7096378489444024	135.60113922304578
1.7077749949082444	133.8624274391393
1.705808542527673	132.07473786056903
1.7037388818278318	130.23807048761398
1.7015664176285747	128.352425320583
1.6992915713541277	126.4178023598165
1.6969147830419333	124.43420160569144
1.6944365135840254	122.40162305862549
1.6918572472304563	120.32006671908039
1.6891774943819906	118.18953258756915
1.6863977946982869	116.01002066466117
1.6835187205480275	113.78153095098918
1.6805408808286706	111.50406344725883
1.677464925185368	109.1776181542545
1.6742915486614411	106.80219507285227
1.671021496815759	104.37779420403177
1.6676555713459882	101.90441554888793
1.6641946362603859	99.38205910864713
1.660639624644517	96.81072488468556
1.6569915460728797	94.19041287854878
1.6532514947188963	91.521123091976
1.6494206962248181	88.80285570997108
1.6455002925374511	86.03561048564569
1.6414919066031224	83.21938707051947
1.6373969256354075	80.35418618448591
1.6332170518249296	77.4400075307102
1.628954103837172	74.4768511128272
1.6246100663913314	71.46471693497017
1.6201871062892357	68.40360500184596
1.6156875898321932	65.29351531882395
1.6111141017769584	62.13444789203885
1.6064694660247367	58.92640272851213
1.601756768293439	55.6693798362939
1.5969793810939814	52.363379224629114
1.5921409914159435	49.00840090415386
1.5872456316240842	45.60444488712682
1.5822977141709749	42.15151118770149
1.5773020708369296	38.649599822250025
1.5722639973098844	35.09871080974517
1.5671893040097629	31.49884417221614
1.5620843741408472	27.849999935290384
1.556956230023504	24.152178128840035
1.55181260882021	20.40537878775575
1.5466620488425673	16.609601952873675
1.541513987722547	12.764847672088877
1.5363788738665718	8.871116001696521
1.5312682927994572	4.928407008008321
1.5261951102477098	0.9367207693105684
1.521173634103794	-3.1039426217656114
1.5162197977460956	-7.193583055360477
1.5113513675525707	-11.332200400872296
1.506588177844897	-15.51979450266299
1.5019523969494517	-19.756365174792904
1.4974688286082491	-24.041912194547535
1.4931652536796145	-28.37643529445117
1.4890728180056827	-32.75993415237181
1.4852264736146763	-37.19240837923371
1.4816654821645256	-41.673857503672025
1.4784339918652278	-46.204280952808574
1.4755817022395488	-50.78367802803396
1.4731646351174315	-55.41204787439136
1.4712460354990395	-60.08938944159016
1.4698974325468777	-64.81570143422212
1.469199898881779	-69.59098224768576
1.469247021708655	-74.41521095700983
0.8	99
1.7072285207700286	165.57555106443994
1.7110127957544723	165.50208436824227
1.7143890646364885	165.37963987459807
1.7173937915169601	165.2082175835203
1.7200927325998032	164.9878174950216
1.7225388285852625	164.71843960911883
1.7247699885828156	164.40008392583002
1.7268130382062605	164.03275044517676
1.7286872300489935	163.61643916718197
1.7304066577453208	163.1511500918715
1.7319818407235994	162.63688321927344
1.7334207682314384	162.0736385494177
1.734729600395274	161.46141608233802
1.735913150298768	160.80021581806903
1.7369752236211426	160.090037756649
1.7379188634749976	159.3308818981185
1.738746530598562	158.52274824252163
1.7394602383798106	157.66563678990508
1.740061655568502	156.75954754031937
1.7405521853547954	155.80448049381982
1.74093302681032	154.80043565046526
1.7412052229336654	153.74741301031992
1.7413696983736588	152.6454125734533
1.7414272891098652	151.49443433994134
1.7413787658182802	150.29447830986675
1.741224852257768	149.04554448331953
1.7409662397269206	147.747632860399
1.740603598426749	146.40074344121285
1.7401375864006954	145.0048762258799
1.739568856594813	143.56003121453006
1.7388980624786783	142.06620840730574
1.738125862584885	140.52340780436424
1.7372529242577361	138.93162940587763
1.7362799268468625	137.29087321203525
1.7352075645365153	135.60113922304578
1.7340365489647998	133.8624274391393
1.7327676117573891	132.07473786056903
1.7314015070766247	130.23807048761398
1.72993901426796	128.352425320583
1.7283809406710533	126.4178023598165
1.726728124651723	124.43420160569144
1.7249814389026996	122.40162305862549
1.7231417940554994	120.32006671908039
1.7212101426422242	118.18953258756915
1.7191874834443066	116.01002066466117
1.7170748662650825	113.78153095098918
1.7148733971642103	111.50406344725883
1.7125842441940258	109.1776181542545
1.710208643681255	106.80219507285227
1.7077479071010335	104.37779420403177
1.7052034285946676	101.90441554888793
1.7025766931871582	99.38205910864713
1.6998692857652558	96.81072488468556
1.6970829008814892	94.19041287854878
1.6942193534542276	91.521123091976
1.6912806353608476	88.80285570997108
1.6882686620343896	86.03561048564569
1.6851859430799991	83.21938707051947
1.6820347330363759	80.35418618448591
1.6788176874420975	77.4400075307102
1.6755376281592802	74.4768511128272
1.6721976041861846	71.46471693497017
1.6688009126115506	68.40360500184596
1.6653511213731889	65.29351531882395
1.6618520940125832	62.13444789203885
1.658308016667609	58.92640272851213
1.6547234276113874	55.6693798362939
1.651103249727805	52.363379224629114
1.6474528264128494	49.00840090415386
1.643777961503185	45.60444488712682
1.6400849639546682	42.15151118770149
1.6363806981176965	38.649599822250025
1.632672640575869	35.09871080974517
1.6289689446237492	31.49884417221614
1.6252785135547176	27.849999935290384
1.6216110840132403	24.152178128840035
1.6179773207453276	20.40537878775575
1.6143889241708187	16.609601952873675
1.6108587523206972	12.764847672088877
1.6074009588481946	8.871116001696521
1.6040311490506152	4.928407008008321
1.6007665561313815	0.9367207693105684
1.5976262402843942	-3.1039426217656114
1.594631313586584	-7.193583055360477
1.5918051941283355	-11.332200400872296
1.5891738933030284	-15.51979450266299
1.586766340735464	-19.756365174792904
1.5846147520099982	-24.041912194547535
1.582755045237044	-28.37643529445117
1.5812273136556887	-32.75993415237181
1.580076363055284	-37.19240837923371
1.579352324923023	-41.673857503672025
1.5791113590598012	-46.204280952808574
1.5794164631888359	-50.78367802803396
1.5803384119607486	-55.41204787439136
1.5819568540789124	-60.08938944159016
1.5843616042533646	-64.81570143422212
1.587654176455405	-69.59098224768576
1.591951273147597	-74.41521095700983
0.9	99
1.708540372585825	165.57555106443994
1.713509375471591	165.50208436824227
1.717928826493829	165.37963987459807
1.7218686822666036	165.2082175835203
1.7254263897717856	164.9878174950216
1.728677101937374	164.71843960911883
1.7316736625954001	164.40008392583002
1.7344530895897583	164.03275044517676
1.7370417844891493	163.61643916718197
1.7394589981772963	163.1511500918715
1.7417190671475555	162.63688321927344
1.7438328706933242	162.0736385494177
1.7458088015961226	161.46141608233802
1.7476534293005543	160.80021581806903
1.7493719645117163	160.090037756649
1.7509685923947478	159.3308818981185
1.7524467166294537	158.52274824252163
1.7538091414840162	157.66563678990508
1.7550582097706005	156.75954754031937
1.756195908700891	155.80448049381982
1.7572239519156645	154.80043565046526
1.7581438435185828	153.74741301031992
1.7589569283178808	152.6454125734533
1.7596644313757208	151.49443433994134
1.7602674891995767	150.29447830986675
1.7607671743670306	149.04554448331953
1.7611645149815527	147.747632860399
1.7614605100636245	146.40074344121285
1.7616561417589753	145.0048762258799
1.761752385072637	143.56003121453006
1.7617502157011817	142.06620840730574
1.7616506164262553	140.52340780436424
1.7614545824445191	138.93162940587763
1.7611631259377307	137.29087321203525
1.7607772801286283	135.60113922304578
1.7602981030213554	133.8624274391393
1.7597266809871057	132.07473786056903
1.7590641323254175	130.23807048761398
1.758311610907345	128.352425320583
1.7574703099879785	126.4178023598165
1.7565414662615126	124.43420160569144
1.7555263642213739	122.40162305862549
1.7544263408805427	120.32006671908039
1.7532427909024573	118.18953258756915
1.7519771721903263	116.01002066466117
1.7506310119821382	113.78153095098918
1.74920591349975	111.50406344725883
1.7477035632026838	109.1776181542545
1.7461257387010682	106.80219507285227
1.7444743173863075	104.37779420403177
1.7427512858433465	101.90441554888793
1.7409587501139305	99.38205910864713
1.7390989468859939	96.81072488468556
1.7371742556900989	94.19041287854878
1.735187212189559	91.521123091976
1.7331405744968769	88.80285570997108
1.7310370315313284	86.03561048564569
1.7288799795568757	83.21938707051947
1.7266725404373444	80.35418618448591
1.7244183230592656	77.4400075307102
1.7221211524813884	74.4768511128272
1.7197851419810375	71.46471693497017
1.7174147189338655	68.40360500184596
1.715014652914184	65.29351531882395
1.7125900862482082	62.13444789203885
1.7101465673104812	58.92640272851213
1.7076900869293354	55.6693798362939
1.7052271183616285	52.363379224629114
1.7027646614097556	49.00840090415386
1.7003102913822852	45.60444488712682
1.697872213738362	42.15151118770149
1.6954593253984631	38.649599822250025
1.6930812838418534	35.09871080974517
1.6907485852377355	31.49884417221614
1.6884726529685876	27.849999935290384
1.6862659380029765	24.152178128840035
1.6841420326704455	20.40537878775575
1.6821157994990699	16.609601952873675
1.6802035169188476	12.764847672088877
1.6784230438298169	8.871116001696521
1.6767940053017731	4.928407008008321
1.6753380020150532	0.9367207693105684
1.6740788464649938	-3.1039426217656114
1.6730428294270718	-7.193583055360477
1.6722590207041004	-11.332200400872296
1.6717596087611597	-15.51979450266299
1.6715802845214762	-19.756365174792904
1.6717606754117473	-24.041912194547535
1.6723448367944733	-28.37643529445117
1.6733818093056954	-32.75993415237181
1.6749262524958917	-37.19240837923371
1.6770391676815204	-41.673857503672025
1.6797887262543745	-46.204280952808574
1.6832512241381228	-50.78367802803396
1.6875121888040656	-55.41204787439136
1.6926676726587848	-60.08938944159016
1.6988257759598515	-64.81570143422212
1.7061084540290314	-69.59098224768576
1.7146555245865391	-74.41521095700983
