# Table format: T1D
# table_unit = barA
# axis1_unit = kJ/kg
# axis2_unit = null
# This file was automatically generated by generate_data_files.py
0.1	99
414.0005569543271	45.964836629161795
409.7107645130813	45.92029910494094
405.60048497699927	45.84623868376252
401.6792565598293	45.742888833982924
397.93720778011794	45.610546886058145
394.3538976678393	45.4495589910503
390.9051213064912	45.260309807473824
387.56689132681964	45.043216073266706
384.31731470070133	44.798722750545295
381.1372335973281	44.527300705697385
378.0102443267725	44.22944526131585
374.92244885545296	43.90567523172397
371.8621207424633	43.55653222243675
368.8193699328387	43.18258006986325
365.7858406755401	42.78440435087114
362.75445272793667	42.36261192140798
359.71918529880764	41.91783046002808
356.67489902292414	41.45070800173017
353.61719014539824	40.96191245315266
350.5422712933747	40.45213108361186
347.4468739009639	39.92206998861365
344.3281681540371	39.37245352388122
341.18369707661003	38.80402370887015
338.01132203352097	38.2175395993944
334.8091774651554	37.61377662943198
331.57563310810275	36.99352592250146
328.30926230568315	36.35759357320564
325.0088152903371	35.7067998996842
321.6731965402502	35.04197866778613
318.30144548700895	34.36397628779089
314.89271998949886	33.67365098448975
311.44628209947257	32.97187194136276
307.9614857320639	32.259518419503856
304.43776583398386	31.53747885372128
300.87462908412374	30.806649920064984
297.2716456698421	30.067935579672813
293.62844182865024	29.322246102422554
289.9446932894522	28.57049706428788
286.22011938824943	27.813608320156682
282.4544777590847	27.052502951632906
278.64755951811816	26.28810618917828
274.79918487326614	25.521344307807833
270.9091991036351	24.753143495413735
266.97746886331254	23.98442869268114
263.0038801974268	23.216122403469253
258.9883282650028	22.44914347445998
254.93072866886416	21.68440584282742
250.8310005044616	20.922817250674527
246.68907097605646	20.165277924973406
242.5048716559118	19.412679221796694
238.27833634649997	18.665902233677258
234.009399116639	17.92581635903426
229.69799250735812	17.193277832714255
225.3440459051733	16.46912821686106
220.94748408174132	15.754192851502406
216.5082258998999	15.049279264472167
212.02618318703	14.355175540540817
207.5012597774674	13.672648649933624
202.93335072608542	13.00244273676977
198.32234169602438	12.345277368347816
193.6681085237611	11.701845746679028
188.97051696530232	11.072812884184144
184.22942262775393	10.45881374608451
179.4446710908215	9.860451362682467
174.61609822339148	9.278294915531667
169.74353070061488	8.712877802340683
164.82678614432368	8.164695674457823
159.86567441054058	7.63420448652751
154.8599993881425	7.1218185508860135
149.80955988135742	6.627908577538223
144.71415120272394	6.152799745206891
139.57356699750542	5.696769806020485
134.38760130162223	5.260047238741942
129.15605082873205	4.842809467536151
123.87871750076759	4.445181165621067
118.5554111602482	4.067232665627865
113.1859525167713	3.708978501207494
107.77017623159662	3.3703761072688887
102.30793412317797	3.051324709240218
96.799098412256	2.7516644348362895
91.24356490369159	2.4711756849201447
85.64125595948641	2.209578803131036
79.99212306157985	1.9665340868116958
74.29614868788572	1.741642184346682
68.5533471250915	1.5344449260717727
62.763763708042	1.3444266371848408
56.92747179737079	1.171015981408538
51.04456656864335	1.0135883830121828
45.115154367703646	0.8714690719813524
39.13913747951585	0.7439176146522471
33.11721297908037	0.630232197657933
27.048693692542905	0.5295430043428118
20.933756617335035	0.4410497684922689
14.772062179041521	0.3638925040121392
8.56300934130391	0.2971978818693021
2.3055645668958293	0.24008308307588228
-4.001929679916894	0.19166416839514136
-10.36201710075554	0.15106484345275517
-16.778485999579164	0.11742545464317354
0.2	99
415.1177595097003	45.964836629161795
411.92809779548	45.92029910494094
408.88653182309395	45.84623868376252
405.99475385264543	45.742888833982924
403.2402337082359	45.610546886058145
400.6034832934596	45.4495589910503
398.06323082165585	45.260309807473824
395.599231861876	45.043216073266706
393.193456782203	44.798722750545295
390.83038418765506	44.527300705697385
388.49687615686355	44.22944526131585
386.1818944247959	43.90567523172397
383.8761829835223	43.55653222243675
381.5719710241252	43.18258006986325
379.26271505432345	42.78440435087114
376.9428831143984	42.36261192140798
374.6077775467434	41.91783046002808
372.2533907140852	41.45070800173017
369.87628792291054	40.96191245315266
367.4735124140821	40.45213108361186
365.0425080972433	39.92206998861365
362.5810565025608	39.37245352388122
360.08722512032637	38.80402370887015
357.5593248763803	38.2175395993944
354.99587495675854	37.61377662943198
352.3955735646018	36.99352592250146
349.7572734834785	36.35759357320564
347.0799615499415	35.7067998996842
344.36274131786377	35.04197866778613
341.6048183383144	34.36397628779089
338.8054875902196	33.67365098448975
335.96412268546385	32.97187194136276
333.0801665422818	32.259518419503856
330.15312326606926	31.53747885372128
327.18255107802554	30.806649920064984
324.16805606564225	30.067935579672813
321.109286623855	29.322246102422554
318.005928509479	28.57049706428788
314.85770039598094	27.813608320156682
311.66434985172674	27.052502951632906
308.42564967854497	26.28810618917828
305.1413945591678	25.521344307807833
301.81139797159426	24.753143495413735
298.43548933678665	23.98442869268114
295.0135126395043	23.216122403469253
291.5453176340729	22.44914347445998
288.0307702181357	21.68440584282742
284.4697376340379	20.922817250674527
280.86209281183613	20.165277924973406
277.20771125848336	19.412679221796694
273.5064693502172	18.665902233677258
269.7582427613053	17.92581635903426
265.9629050286301	17.193277832714255
262.12032625308916	16.46912821686106
258.23037193974614	15.754192851502406
254.29290197944073	15.049279264472167
250.3077697752428	14.355175540540817
246.27482151773904	13.672648649933624
242.19389561335615	13.00244273676977
238.06482227062358	12.345277368347816
233.88742324937942	11.701845746679028
229.66151177839177	11.072812884184144
225.38689264725068	10.45881374608451
221.06336247859645	9.860451362682467
216.69071018729377	9.278294915531667
212.2687176333629	8.712877802340683
207.79715997821552	8.164695674457823
203.27580701335697	7.63420448652751
198.7044249942538	7.1218185508860135
194.08277772829885	6.627908577538223
189.41062828856022	6.152799745206891
184.68774096033962	5.696769806020485
179.91388342442514	5.260047238741942
175.0888291712193	4.842809467536151
170.21236018211215	4.445181165621067
165.28426976942947	4.067232665627865
160.30436570420724	3.708978501207494
155.2724734776511	3.3703761072688887
150.18843971856336	3.051324709240218
145.05213568591964	2.7516644348362895
139.86346074696934	2.4711756849201447
134.62234571199625	2.209578803131036
129.3287558465972	1.9665340868116958
123.98269331487825	1.741642184346682
118.5841987173178	1.5344449260717727
113.13335126707068	1.3444266371848408
107.63026698910107	1.171015981408538
102.07509411311854	1.0135883830121828
96.46800454669717	0.8714690719813524
90.80895699229251	0.7439176146522471
85.09882728212395	0.630232197657933
79.33696254264858	0.5295430043428118
73.52373528590805	0.4410497684922689
67.65899498930547	0.3638925040121392
61.74238695528166	0.2971978818693021
55.77319217530404	0.24008308307588228
49.750157938958104	0.19166416839514136
43.67126565174635	0.15106484345275517
37.53341318295286	0.11742545464317354
0.3	99
416.23496206507343	45.964836629161795
414.1454310778788	45.92029910494094
412.1725786691886	45.84623868376252
410.3102511454616	45.742888833982924
408.5432596363539	45.610546886058145
406.85306891908	45.4495589910503
405.2213403368204	45.260309807473824
403.63157239693226	45.043216073266706
402.0695988637045	44.798722750545295
400.523534777982	44.527300705697385
398.9835079869544	44.22944526131585
397.4413399941389	43.90567523172397
395.89024522458135	43.55653222243675
394.32457211541174	43.18258006986325
392.7395894331068	42.78440435087114
391.13131350086	42.36261192140798
389.49636979467914	41.91783046002808
387.83188240524635	41.45070800173017
386.13538570042283	40.96191245315266
384.4047535347895	40.45213108361186
382.63814229352255	39.92206998861365
380.8339448510846	39.37245352388122
378.9907531640427	38.80402370887015
377.10732771923944	38.2175395993944
375.1825724483617	37.61377662943198
373.21551402110094	36.99352592250146
371.2052846612738	36.35759357320564
369.1511078095458	35.7067998996842
367.05228609547737	35.04197866778613
364.9081911896197	34.36397628779089
362.71825519094045	33.67365098448975
360.48196327145513	32.97187194136276
358.1988473524997	32.259518419503856
355.8684806981547	31.53747885372128
353.4904730719274	30.806649920064984
351.0644664614425	30.067935579672813
348.5901314190598	29.322246102422554
346.0671637295059	28.57049706428788
343.49528140371245	27.813608320156682
340.8742219443688	27.052502951632906
338.2037398389717	26.28810618917828
335.4836042450695	25.521344307807833
332.7135968395534	24.753143495413735
329.8935098102607	23.98442869268114
327.0231450815819	23.216122403469253
324.1023070031431	22.44914347445998
321.1308117674071	21.68440584282742
318.1084747636142	20.922817250674527
315.03511464761584	20.165277924973406
311.9105508610549	19.412679221796694
308.73460235393435	18.665902233677258
305.50708640597173	17.92581635903426
302.22781754990194	17.193277832714255
298.8966066010051	16.46912821686106
295.5132597977509	15.754192851502406
292.07757805898154	15.049279264472167
288.58935636345564	14.355175540540817
285.0483832580107	13.672648649933624
281.45444050062684	13.00244273676977
277.80730284522275	12.345277368347816
274.1067379749977	11.701845746679028
270.3525065914813	11.072812884184144
266.5443626667474	10.45881374608451
262.68205386637135	9.860451362682467
258.7653221511961	9.278294915531667
254.79390456611097	8.712877802340683
250.76753381210736	8.164695674457823
246.68593961617336	7.63420448652751
242.54885060036506	7.1218185508860135
238.3559955752403	6.627908577538223
234.1071053743965	6.152799745206891
229.80191492317383	5.696769806020485
225.44016554722813	5.260047238741942
221.02160751370656	4.842809467536151
216.5460028634566	4.445181165621067
212.0131283786106	4.067232665627865
207.4227788916432	3.708978501207494
202.7747707237056	3.3703761072688887
198.06894531394875	3.051324709240218
193.30517295958327	2.7516644348362895
188.48335659024704	2.4711756849201447
183.60343546450608	2.209578803131036
178.6653886316146	1.9665340868116958
173.66923794187073	1.741642184346682
168.61505030954405	1.5344449260717727
163.50293882609932	1.3444266371848408
158.33306218083132	1.171015981408538
153.10562165759373	1.0135883830121828
147.82085472569068	0.8714690719813524
142.47877650506916	0.7439176146522471
137.0804415851675	0.630232197657933
131.6252313927542	0.5295430043428118
126.11371395448099	0.4410497684922689
120.54592779956938	0.3638925040121392
114.9217645692594	0.2971978818693021
109.2408197837123	0.24008308307588228
103.50224555783312	0.19166416839514136
97.70454840424823	0.15106484345275517
91.84531236548484	0.11742545464317354
0.4	99
417.35216462044656	45.964836629161795
416.36276436027754	45.92029910494094
415.45862551528325	45.84623868376252
414.62574843827787	45.742888833982924
413.84628556447194	45.610546886058145
413.1026545447003	45.4495589910503
412.379449851985	45.260309807473824
411.6639129319886	45.043216073266706
410.9457409452062	44.798722750545295
410.21668536830896	44.527300705697385
409.4701398170453	44.22944526131585
408.70078556348193	43.90567523172397
407.90430746564033	43.55653222243675
407.07717320669826	43.18258006986325
406.2164638118902	42.78440435087114
405.3197438873217	42.36261192140798
404.3849620426149	41.91783046002808
403.4103740964075	41.45070800173017
402.3944834779351	40.96191245315266
401.335994655497	40.45213108361186
400.23377648980176	39.92206998861365
399.0868331996083	39.37245352388122
397.894281207759	38.80402370887015
396.65533056209875	38.2175395993944
395.3692699399648	37.61377662943198
394.0354544776	36.99352592250146
392.65329583906924	36.35759357320564
391.22225406915015	35.7067998996842
389.741830873091	35.04197866778613
388.21156404092517	34.36397628779089
386.6310227916613	33.67365098448975
384.9998038574464	32.97187194136276
383.3175281627175	32.259518419503856
381.58383813024017	31.53747885372128
379.79839506582914	30.806649920064984
377.9608768572428	30.067935579672813
376.07097621426465	29.322246102422554
374.12839894953277	28.57049706428788
372.132862411444	27.813608320156682
370.08409403701086	27.052502951632906
367.9818299993985	26.28810618917828
365.82581393097115	25.521344307807833
363.6157957075126	24.753143495413735
361.35153028373486	23.98442869268114
359.03277752365955	23.216122403469253
356.65929637221313	22.44914347445998
354.2308533166786	21.68440584282742
351.74721189319047	20.922817250674527
349.20813648339555	20.165277924973406
346.61339046362644	19.412679221796694
343.9627353576516	18.665902233677258
341.255930050638	17.92581635903426
338.4927300711739	17.193277832714255
335.672886948921	16.46912821686106
332.7961476557557	15.754192851502406
329.8622541385224	15.049279264472167
326.8709429516684	14.355175540540817
323.8219449982823	13.672648649933624
320.7149853878976	13.00244273676977
317.54978341982195	12.345277368347816
314.3260527006161	11.701845746679028
311.04350140457086	11.072812884184144
307.7018326862443	10.45881374608451
304.3007452541463	9.860451362682467
300.8399341150984	9.278294915531667
297.3190914988591	8.712877802340683
293.7379076459992	8.164695674457823
290.0960722189898	7.63420448652751
286.3932762064763	7.1218185508860135
282.6292134221818	6.627908577538223
278.8035824602328	6.152799745206891
274.916088886008	5.696769806020485
270.9664476700311	5.260047238741942
266.9543858561939	4.842809467536151
262.8796455448011	4.445181165621067
258.7419869877919	4.067232665627865
254.54119207907914	3.708978501207494
250.27706796976008	3.3703761072688887
245.94945090933422	3.051324709240218
241.55821023324694	2.7516644348362895
237.10325243352483	2.4711756849201447
232.58452521701588	2.209578803131036
228.00202141663203	1.9665340868116958
223.35578256886325	1.741642184346682
218.64590190177043	1.5344449260717727
213.872526385128	1.3444266371848408
209.0358573725616	1.171015981408538
204.13614920206896	1.0135883830121828
199.17370490468423	0.8714690719813524
194.1485960178458	0.7439176146522471
189.06205588821115	0.630232197657933
183.91350024285984	0.5295430043428118
178.70369262305402	0.4410497684922689
173.4328606098333	0.3638925040121392
168.10114218323722	0.2971978818693021
162.70844739212052	0.24008308307588228
157.25433317670817	0.19166416839514136
151.7378311567502	0.15106484345275517
146.1572115480169	0.11742545464317354
0.5	99
418.4693671758197	45.964836629161795
418.5800976426764	45.92029910494094
418.7446723613779	45.84623868376252
418.94124573109406	45.742888833982924
419.14931149258996	45.610546886058145
419.3522401703206	45.4495589910503
419.53755936714947	45.260309807473824
419.69625346704487	45.043216073266706
419.8218830267077	44.798722750545295
419.90983595863594	44.527300705697385
419.9567716471362	44.22944526131585
419.9602311328249	43.90567523172397
419.91836970669937	43.55653222243675
419.8297742979848	43.18258006986325
419.69333819067356	42.78440435087114
419.50817427378337	42.36261192140798
419.27355429055063	41.91783046002808
418.9888657875686	41.45070800173017
418.6535812554474	40.96191245315266
418.26723577620436	40.45213108361186
417.829410686081	39.92206998861365
417.339721548132	39.37245352388122
416.7978092514753	38.80402370887015
416.203333404958	38.2175395993944
415.55596743156804	37.61377662943198
414.8553949340992	36.99352592250146
414.10130701686455	36.35759357320564
413.2934003287545	35.7067998996842
412.4313756507044	35.04197866778613
411.51493689223054	34.36397628779089
410.543790392382	33.67365098448975
409.5176444434375	32.97187194136276
408.4362089729354	32.259518419503856
407.2991955623257	31.53747885372128
406.10631705973094	30.806649920064984
404.85728725304307	30.067935579672813
403.55182100946934	29.322246102422554
402.18963416955955	28.57049706428788
400.7704434191755	27.813608320156682
399.2939661296529	27.052502951632906
397.75992015982536	26.28810618917828
396.16802361687274	25.521344307807833
394.51799457547173	24.753143495413735
392.80955075720885	23.98442869268114
391.042409965737	23.216122403469253
389.21628574128334	22.44914347445998
387.33089486595003	21.68440584282742
385.3859490227667	20.922817250674527
383.38115831917526	20.165277924973406
381.316230066198	19.412679221796694
379.1908683613688	18.665902233677258
377.0047736953044	17.92581635903426
374.75764259244585	17.193277832714255
372.44916729683683	16.46912821686106
370.07903551376046	15.754192851502406
367.64693021806323	15.049279264472167
365.1525295398813	14.355175540540817
362.5955067385539	13.672648649933624
359.97553027516835	13.00244273676977
357.29226399442115	12.345277368347816
354.5453674262344	11.701845746679028
351.73449621766025	11.072812884184144
348.85930270574096	10.45881374608451
345.91943664192127	9.860451362682467
342.9145460790006	9.278294915531667
339.8442784316071	8.712877802340683
336.708281479891	8.164695674457823
333.5062048218062	7.63420448652751
330.23770181258743	7.1218185508860135
326.9024312691232	6.627908577538223
323.5000595460691	6.152799745206891
320.03026284884214	5.696769806020485
316.49272979283404	5.260047238741942
312.88716419868115	4.842809467536151
309.21328822614566	4.445181165621067
305.4708455969731	4.067232665627865
301.6596052665151	3.708978501207494
297.7793652158145	3.3703761072688887
293.82995650471963	3.051324709240218
289.8112475069106	2.7516644348362895
285.72314827680253	2.4711756849201447
281.56561496952577	2.209578803131036
277.3386542016494	1.9665340868116958
273.0423271958557	1.741642184346682
268.67675349399667	1.5344449260717727
264.2421139441567	1.3444266371848408
259.73865256429184	1.171015981408538
255.16667674654417	1.0135883830121828
250.5265550836777	0.8714690719813524
245.81841553062247	0.7439176146522471
241.04367019125465	0.630232197657933
236.20176909296546	0.5295430043428118
231.293671291627	0.4410497684922689
226.31979342009726	0.3638925040121392
221.28051979721494	0.2971978818693021
216.17607500052867	0.24008308307588228
211.00642079558318	0.19166416839514136
205.77111390925208	0.15106484345275517
200.46911073054892	0.11742545464317354
0.6	99
419.5865697311929	45.964836629161795
420.79743092507516	45.92029910494094
422.03071920747266	45.84623868376252
423.25674302391025	45.742888833982924
424.452337420708	45.610546886058145
425.60182579594095	45.4495589910503
426.6956688823141	45.260309807473824
427.72859400210115	45.043216073266706
428.6980251082093	44.798722750545295
429.6029865489628	44.527300705697385
430.4434034772271	44.22944526131585
431.2196767021678	43.90567523172397
431.93243194775835	43.55653222243675
432.58237538927136	43.18258006986325
433.170212569457	42.78440435087114
433.696604660245	42.36261192140798
434.16214653848647	41.91783046002808
434.56735747872966	41.45070800173017
434.91267903295966	40.96191245315266
435.1984768969118	40.45213108361186
435.42504488236034	39.92206998861365
435.59260989665574	39.37245352388122
435.70133729519165	38.80402370887015
435.7513362478173	38.2175395993944
435.74266492317116	37.61377662943198
435.6753353905982	36.99352592250146
435.54931819466	36.35759357320564
435.36454658835873	35.7067998996842
435.120920428318	35.04197866778613
434.8183097435359	34.36397628779089
434.4565579931029	33.67365098448975
434.0354850294288	32.97187194136276
433.5548897831533	32.259518419503856
433.0145529944111	31.53747885372128
432.4142390536328	30.806649920064984
431.75369764884334	30.067935579672813
431.0326658046741	29.322246102422554
430.25086938958646	28.57049706428788
429.408024426907	27.813608320156682
428.50383822229503	27.052502951632906
427.5380103202521	26.28810618917828
426.5102333027744	25.521344307807833
425.4201934434309	24.753143495413735
424.2675712306829	23.98442869268114
423.0520424078146	23.216122403469253
421.7732751103534	22.44914347445998
420.43093641522154	21.68440584282742
419.0246861523429	20.922817250674527
417.55418015495496	20.165277924973406
416.01906966876953	19.412679221796694
414.419001365086	18.665902233677258
412.75361733997073	17.92581635903426
411.0225551137177	17.193277832714255
409.2254476447528	16.46912821686106
407.3619233717653	15.754192851502406
405.43160629760405	15.049279264472167
403.43411612809405	14.355175540540817
401.36906847882557	13.672648649933624
399.23607516243914	13.00244273676977
397.03474456902046	12.345277368347816
394.76468215185264	11.701845746679028
392.42549103074975	11.072812884184144
390.0167727252378	10.45881374608451
387.53812802969617	9.860451362682467
384.98915804290294	9.278294915531667
382.36946536435516	8.712877802340683
379.67865531378294	8.164695674457823
376.91633742462255	7.63420448652751
374.0821274186988	7.1218185508860135
371.1756491160647	6.627908577538223
368.19653663190536	6.152799745206891
365.1444368116763	5.696769806020485
362.01901191563695	5.260047238741942
358.8199425411684	4.842809467536151
355.54693090749015	4.445181165621067
352.19970420615425	4.067232665627865
348.7780184539511	3.708978501207494
345.281662461869	3.3703761072688887
341.710462100105	3.051324709240218
338.0642847805743	2.7516644348362895
334.34304412008026	2.4711756849201447
330.5467047220355	2.209578803131036
326.6752869866667	1.9665340868116958
322.72887182284813	1.741642184346682
318.70760508622294	1.5344449260717727
314.6117015031853	1.3444266371848408
310.4414477560221	1.171015981408538
306.1972042910194	1.0135883830121828
301.87940526267124	0.8714690719813524
297.48823504339913	0.7439176146522471
293.02528449429826	0.630232197657933
288.4900379430712	0.5295430043428118
283.8836499602	0.4410497684922689
279.20672623036126	0.3638925040121392
274.4598974111927	0.2971978818693021
269.6437026089369	0.24008308307588228
264.7585084144581	0.19166416839514136
259.8043966617539	0.15106484345275517
254.78100991308094	0.11742545464317354
0.7	99
420.7037722865661	45.964836629161795
423.01476420747395	45.92029910494094
425.3167660535672	45.84623868376252
427.57224031672644	45.742888833982924
429.755363348826	45.610546886058145
431.85141142156124	45.4495589910503
433.85377839747866	45.260309807473824
435.7609345371575	45.043216073266706
437.5741671897109	44.798722750545295
439.29613713928984	44.527300705697385
440.93003530731795	44.22944526131585
442.47912227151085	43.90567523172397
443.94649418881744	43.55653222243675
445.3349764805578	43.18258006986325
446.6470869482404	42.78440435087114
447.8850350467067	42.36261192140798
449.0507387864223	41.91783046002808
450.1458491698909	41.45070800173017
451.171776810472	40.96191245315266
452.1297180176192	40.45213108361186
453.0206790786396	39.92206998861365
453.84549824517944	39.37245352388122
454.604865338908	38.80402370887015
455.2993390906766	38.2175395993944
455.9293624147743	37.61377662943198
456.4952758470973	36.99352592250146
456.9973293724552	36.35759357320564
457.4356928479631	35.7067998996842
457.8104652059317	35.04197866778613
458.1216825948413	34.36397628779089
458.36932559382365	33.67365098448975
458.55332561542	32.97187194136276
458.6735705933711	32.259518419503856
458.7299104264966	31.53747885372128
458.72216104753454	30.806649920064984
458.65010804464356	30.067935579672813
458.51351059987894	29.322246102422554
458.3121046096133	28.57049706428788
458.04560543463845	27.813608320156682
457.7137103149371	27.052502951632906
457.3161004806789	26.28810618917828
456.85244298867605	25.521344307807833
456.32239231139005	24.753143495413735
455.72559170415695	23.98442869268114
455.06167484989214	23.216122403469253
454.3302644794234	22.44914347445998
453.53097796449293	21.68440584282742
452.6634232819192	20.922817250674527
451.7272019907346	20.165277924973406
450.7219092713411	19.412679221796694
449.6471343688033	18.665902233677258
448.5024609846371	17.92581635903426
447.2874676349897	17.193277832714255
446.0017279926685	16.46912821686106
444.6448112297701	15.754192851502406
443.2162823771448	15.049279264472167
441.7157027163068	14.355175540540817
440.1426302190972	13.672648649933624
438.4966200497098	13.00244273676977
436.7772251436196	12.345277368347816
434.98399687747104	11.701845746679028
433.11648584383926	11.072812884184144
431.17424274473456	10.45881374608451
429.1568194174712	9.860451362682467
427.0637700068052	9.278294915531667
424.8946522971033	8.712877802340683
422.6490291476747	8.164695674457823
420.326470027439	7.63420448652751
417.92655302481006	7.1218185508860135
415.4488669630061	6.627908577538223
412.8930137177416	6.152799745206891
410.2586107745105	5.696769806020485
407.5452940384399	5.260047238741942
404.7527208836557	4.842809467536151
401.88057358883475	4.445181165621067
398.92856281533545	4.067232665627865
395.8964316413868	3.708978501207494
392.7839597079236	3.3703761072688887
389.59096769549035	3.051324709240218
386.3173220542379	2.7516644348362895
382.96293996335805	2.4711756849201447
379.5277944745454	2.209578803131036
376.0119197716841	1.9665340868116958
372.4154164498407	1.741642184346682
368.73845667844915	1.5344449260717727
364.98128906221405	1.3444266371848408
361.1442429477524	1.171015981408538
357.2277318354945	1.0135883830121828
353.23225544166473	0.8714690719813524
349.1580545561758	0.7439176146522471
345.0068987973418	0.630232197657933
340.7783067931768	0.5295430043428118
336.473628628773	0.4410497684922689
332.09365904062514	0.3638925040121392
327.63927502517043	0.2971978818693021
323.11133021734514	0.24008308307588228
318.5105960333333	0.19166416839514136
313.8376794142558	0.15106484345275517
309.092909095613	0.11742545464317354
0.8	99
421.8209748419393	45.964836629161795
425.23209748987273	45.92029910494094
428.6028128996619	45.84623868376252
431.8877376095426	45.742888833982924
435.05838927694407	45.610546886058145
438.1009970471815	45.4495589910503
441.01188791264326	45.260309807473824
443.7932750722138	45.043216073266706
446.45030927121263	44.798722750545295
448.9892877296168	44.527300705697385
451.41666713740887	44.22944526131585
453.7385678408539	43.90567523172397
455.9605564298765	43.55653222243675
458.08757757184435	43.18258006986325
460.1239613270238	42.78440435087114
462.07346543316834	42.36261192140798
463.9393310343581	41.91783046002808
465.724340861052	41.45070800173017
467.43087458798425	40.96191245315266
469.0609591383267	40.45213108361186
470.61631327491887	39.92206998861365
472.0983865937032	39.37245352388122
473.50839338262426	38.80402370887015
474.84734193353586	38.2175395993944
476.1160599063775	37.61377662943198
477.3152163035964	36.99352592250146
478.4453405502506	36.35759357320564
479.50683910756743	35.7067998996842
480.50000998354517	35.04197866778613
481.4250554461467	34.36397628779089
482.2820931945445	33.67365098448975
483.0711662014113	32.97187194136276
483.792251403589	32.259518419503856
484.44526785858204	31.53747885372128
485.0300830414364	30.806649920064984
485.54651844044383	30.067935579672813
485.99435539508374	29.322246102422554
486.37333982964003	28.57049706428788
486.68318644237	27.813608320156682
486.92358240757926	27.052502951632906
487.09419064110574	26.28810618917828
487.19465267457764	25.521344307807833
487.22459117934926	24.753143495413735
487.1836121776311	23.98442869268114
487.0713072919698	23.216122403469253
486.88725384849363	22.44914347445998
486.63101951376433	21.68440584282742
486.3021604114955	20.922817250674527
485.9002238265143	20.165277924973406
485.4247488739126	19.412679221796694
484.87526737252045	18.665902233677258
484.2513046293035	17.92581635903426
483.5523801562617	17.193277832714255
482.77800834058456	16.46912821686106
481.92769908777495	15.754192851502406
481.0009584566856	15.049279264472167
479.9972893045197	14.355175540540817
478.91619195936886	13.672648649933624
477.75716493698064	13.00244273676977
476.51970571821886	12.345277368347816
475.20331160308933	11.701845746679028
473.80748065692876	11.072812884184144
472.3317127642314	10.45881374608451
470.77551080524614	9.860451362682467
469.13838197070754	9.278294915531667
467.4198392298513	8.712877802340683
465.6194029815667	8.164695674457823
463.7366026302553	7.63420448652751
461.7709786309212	7.1218185508860135
459.7220848099476	6.627908577538223
457.5894908035779	6.152799745206891
455.37278473734466	5.696769806020485
453.07157616124283	5.260047238741942
450.685499226143	4.842809467536151
448.21421627017924	4.445181165621067
445.6574214245168	4.067232665627865
443.0148448288229	3.708978501207494
440.286256953978	3.3703761072688887
437.47147329087574	3.051324709240218
434.5703593279016	2.7516644348362895
431.5828358066358	2.4711756849201447
428.50888422705515	2.209578803131036
425.34855255670163	1.9665340868116958
422.1019610768333	1.741642184346682
418.7693082706756	1.5344449260717727
415.35087662124266	1.3444266371848408
411.84703813948266	1.171015981408538
408.25825937996973	1.0135883830121828
404.5851056206583	0.8714690719813524
400.8278740689524	0.7439176146522471
396.98851310038543	0.630232197657933
393.0665756432825	0.5295430043428118
389.06360729734604	0.4410497684922689
384.98059185088914	0.3638925040121392
380.81865263914824	0.2971978818693021
376.5789578257535	0.24008308307588228
372.26268365220824	0.19166416839514136
367.8709621667578	0.15106484345275517
363.404808278145	0.11742545464317354
0.9	99
422.9381773973124	45.964836629161795
427.4494307722714	45.92029910494094
431.8888597457566	45.84623868376252
436.2032349023588	45.742888833982924
440.36141520506203	45.610546886058145
444.35058267280186	45.4495589910503
448.1699974278079	45.260309807473824
451.82561560727015	45.043216073266706
455.3264513527142	44.798722750545295
458.6824383199438	44.527300705697385
461.9032989674998	44.22944526131585
464.9980134101968	43.90567523172397
467.97461867093546	43.55653222243675
470.84017866313087	43.18258006986325
473.6008357058071	42.78440435087114
476.26189581963	42.36261192140798
478.82792328229385	41.91783046002808
481.3028325522131	41.45070800173017
483.68997236549654	40.96191245315266
485.9922002590341	40.45213108361186
488.2119474711982	39.92206998861365
490.35127494222695	39.37245352388122
492.4119214263406	38.80402370887015
494.3953447763951	38.2175395993944
496.3027573979805	37.61377662943198
498.1351567600955	36.99352592250146
499.89335172804596	36.35759357320564
501.5779853671718	35.7067998996842
503.1895547611588	35.04197866778613
504.728428297452	34.36397628779089
506.19486079526524	33.67365098448975
507.5890067874024	32.97187194136276
508.91093221380686	32.259518419503856
510.1606252906674	31.53747885372128
511.33800503533814	30.806649920064984
512.442928836244	30.067935579672813
513.4752001902885	29.322246102422554
514.4345750496669	28.57049706428788
515.3207674501015	27.813608320156682
516.1334545002213	27.052502951632906
516.8722808015325	26.28810618917828
517.5368623604794	25.521344307807833
518.1267900473083	24.753143495413735
518.6416326511052	23.98442869268114
519.0809397340473	23.216122403469253
519.4442432175636	22.44914347445998
519.7310610630359	21.68440584282742
519.9408975410719	20.922817250674527
520.0732456622941	20.165277924973406
520.1275884764841	19.412679221796694
520.1034003762378	18.665902233677258
520.0001482739698	17.92581635903426
519.8172926775336	17.193277832714255
519.5542886885005	16.46912821686106
519.2105869457797	15.754192851502406
518.7856345362263	15.049279264472167
518.2788758927326	14.355175540540817
517.6897536996405	13.672648649933624
517.0177098242513	13.00244273676977
516.2621862928181	12.345277368347816
515.4226263287077	11.701845746679028
514.4984754700182	11.072812884184144
513.4891827837281	10.45881374608451
512.3942021930212	9.860451362682467
511.2129939346098	9.278294915531667
509.9450261625994	8.712877802340683
508.5897768154584	8.164695674457823
507.14673523307175	7.63420448652751
505.6154042370326	7.1218185508860135
503.99530265688907	6.627908577538223
502.2859678894142	6.152799745206891
500.48695870017895	5.696769806020485
498.59785828404574	5.260047238741942
496.6182775686302	4.842809467536151
494.5478589515238	4.445181165621067
492.3862800336979	4.067232665627865
490.1332580162588	3.708978501207494
487.78855420003254	3.3703761072688887
485.3519788862612	3.051324709240218
482.8233966015653	2.7516644348362895
480.2027316499136	2.4711756849201447
477.489973979565	2.209578803131036
474.685185341719	1.9665340868116958
471.78850570382576	1.741642184346682
468.8001598629019	1.5344449260717727
465.7204641802714	1.3444266371848408
462.549833331213	1.171015981408538
459.288786924445	1.0135883830121828
455.9379557996517	0.8714690719813524
452.4976935817292	0.7439176146522471
448.97012740342893	0.630232197657933
445.3548444933881	0.5295430043428118
441.65358596591904	0.4410497684922689
437.867524661153	0.3638925040121392
433.99803025312593	0.2971978818693021
430.04658543416167	0.24008308307588228
426.01477127108325	0.19166416839514136
421.9042449192596	0.15106484345275517
417.71670746067707	0.11742545464317354
