# Table format: T1D
# table_unit = barA
# axis1_unit = kJ/kg
# axis2_unit = degC
# This file was automatically generated by generate_data_files.py
-180	120
69.17675437318088	799.9999999999992
43.16744830976313	643.1972787473388
22.218994376095086	517.1284242349778
5.378424519289954	415.7694940385468
-8.141271158879944	334.27725893969046
-18.984860279340253	268.7577791214108
-27.67717089071648	216.08034021633745
-34.64315933706603	173.7278585224344
-40.22547604484694	139.67660730529073
-44.699526481899106	112.29951715428008
-48.28616516738933	90.28842979784139
-51.16224016008311	72.59159043542721
-53.46924638336896	58.36339178501021
-55.320358333825155	46.92396846822924
-56.80610370335049	37.726711033488826
-57.99891660832664	30.332147341034045
-58.956779136429795	24.3869432853956
-59.72612796456329	19.607019447665188
-60.344172274627226	15.763976941355514
-60.84074194510234	12.674183838644591
-61.23976173676396	10.190000694199655
-61.56042792310394	8.192725896178397
-61.81814817052326	6.586923752431014
-62.025292931210856	5.295864291099802
-62.19179663530954	4.257856875813251
-62.32563906700924	3.423302444773414
-62.43323106135414	2.7523235210092225
-62.51972371938717	2.2128587486817843
-62.58925643135009	1.7791309067554608
-62.645155901455816	1.4304151972004986
-62.690095910500624	1.1500489528977496
-62.72622559922406	0.9246354461625745
-62.75527249984275	0.7434037535063762
-62.77862530282152	0.5976940890823238
-62.79740035538059	0.4805440145264016
-62.812495096406465	0.38635575307712927
-62.82463099865989	0.31062871125948566
-62.83438808170078	0.24974442722861823
-62.84223265204337	0.20079366996970022
-62.848539600929335	0.16143742764275318
-62.84879649969153	0.15983852124696882
-62.76713318456802	0.15983852124696882
-62.668908830369546	0.15983852124696882
-62.550764915404585	0.15983852124696882
-62.40866182134868	0.15983852124696882
-62.237740709192806	0.15983852124696882
-62.032157384109745	0.15983852124696882
-61.784882468687584	0.15983852124696882
-61.48746105198301	0.15983852124696882
-61.12972359623048	0.15983852124696882
-60.69943821642737	0.15983852124696882
-60.18189244341675	0.15983852124696882
-59.559390169963415	0.15983852124696882
-58.81064657922675	0.15983852124696882
-57.91006036681143	0.15983852124696882
-56.82683837195659	0.15983852124696882
-55.523942686944494	0.15983852124696882
-53.956824243923386	0.15983852124696882
-52.07189957749922	0.15983852124696882
-49.80471868002676	0.15983852124696882
-47.0777613042632	0.15983852124696882
-43.79778636378909	0.15983852124696882
-39.85264380096271	0.15983852124696882
-35.107439912674906	0.15983852124696882
-29.39992501737287	0.15983852124696882
-22.534945756840195	0.15983852124696882
-14.277772343883305	0.15983852124696882
-4.346072598827992	0.15983852124696882
7.5997416517425185	0.15983852124696882
21.96812589334023	0.15983852124696882
39.2503689773003	0.15983852124696882
60.037391442108074	0.15983852124696882
85.03995047644267	0.15983852124696882
115.11294237914134	0.15983852124696882
151.2846334743543	0.15983852124696882
194.79181895562692	0.15983852124696882
247.12211182248043	0.15983852124696882
310.0648078676979	0.15983852124696882
385.7720659088636	0.15983852124696882
476.83249516016497	0.15983852124696882
476.84875230730785	0.15824064689735234
476.8599269407073	0.1570348724489369
476.8710143541628	0.15583828585490025
476.8820152446916	0.15465081710491094
476.89293030349336	0.1534723967221086
476.90376021598485	0.15230295575903802
476.914505661869	0.15114242579361442
476.9251673151754	0.14999073892512174
476.93574584431684	0.14884782777023892
476.9462419121376	0.14771362545909772
476.95665617596245	0.1465880656313695
476.9669892876494	0.14547108243238394
476.97724189363703	0.14436261050927532
476.98741463499704	0.14326258500715797
476.99750814747154	0.1421709415653334
477.00752306153504	0.14108761631352368
477.01746000242935	0.14001254586813403
477.02731959021753	0.1389456673285455
477.03710243982675	0.13788691827343433
477.0468091610995	0.13683623675711884
477.0564403588265	0.13579356130593664
477.0659966328077	0.13475883091464694
477.07547857788484	0.13373198504286166
477.08488678398663	0.1327129636115024
477.0942218361821	0.1317017069992867
477.10348431470675	0.13069815603923907
477.11267479502277	0.1297022520152284
477.1217938478492	0.12871393665853403
477.13084203920846	0.12773315214443595
477.13981993046565	0.12675984108883068
477.14872807837685	0.12579394654487538
477.15756703511465	0.12483541199965512
477.1663373483242	0.12388418137087592
477.175039561154	0.12294019900358463
477.18367421229823	0.12200340966691194
477.1922418360334	0.12107375855084114
477.2007429622621	0.1201511912630006
477.2091781165416	0.11923565382548255
477.2175478201356	0.1183270926716843
477.2258525900383	0.11742545464317349
-160	120
133.2147291422403	799.9999999999992
112.76503649523997	676.5212496813818
95.53735010743962	572.1012515880739
81.04334124097282	483.7983170858068
68.86291585844305	409.12480258579967
58.63603675173168	345.9770284012427
50.05525175831925	292.5760145188249
42.85893387565906	247.41736371134215
36.82520402719804	209.2288801135879
31.766494689080254	176.9347293048502
27.524710833261082	149.62513022669302
23.96694673322723	126.53072510587745
20.98171942825947	107.00090533964962
18.475680608640726	90.48548274677384
16.370768325494087	76.51918983233813
14.601758892890262	64.7085724124753
13.114178435947016	54.72090534198254
11.862533368588126	46.27481908206833
10.808819971420863	39.132373042725945
9.921275199356423	33.09235239232869
9.173333687553276	27.98459949419362
8.542759348804495	23.66522027705603
8.010923657484728	20.01253049477392
7.562206430744175	16.923627674514037
7.1834984505731505	14.311492179380835
6.863788496625235	12.102535717500045
6.593820216516018	10.234528234895874
6.365806730947443	8.654844789213923
6.173192969704107	7.318983015746756
6.010457493804355	6.189309420262262
5.872947018961674	5.233999179575714
5.756738059378355	4.426139582247366
5.658521098669998	3.7429718518077695
5.5755035035827225	3.165249993384038
5.505328057744553	2.676698601347697
5.446004533793562	2.263554353505191
5.395852165455834	1.9141782749438285
5.353451244722844	1.61872784834744
5.317602367957113	1.3688797335725795
5.287292101105479	1.1575952850250493
5.2856454427691775	1.1461319224311068
5.647282733610876	1.1461319224311068
6.0618859105427925	1.1461319224311068
6.537212428784193	1.1461319224311068
7.082155910923974	1.1461319224311068
7.7069125515282515	1.1461319224311068
8.423171893591597	1.1461319224311068
9.244335546364942	1.1461319224311068
10.185767936892043	1.1461319224311068
11.265083786954646	1.1461319224311068
12.502477694279337	1.1461319224311068
13.921101984653157	1.1461319224311068
15.547499904770383	1.1461319224311068
17.412102261088876	1.1461319224311068
19.549796797083985	1.1461319224311068
22.000580962264387	1.1461319224311068
24.810310286619412	1.1461319224311068
28.031556362998977	1.1461319224311068
31.724590490751712	1.1461319224311068
35.95851138513896	1.1461319224311068
40.81253805259283	1.1461319224311068
46.377492022230726	1.1461319224311068
52.757496666999835	1.1461319224311068
60.07192540969145	1.1461319224311068
68.4576352658399	1.1461319224311068
78.07152751433128	1.1461319224311068
89.09348340728818	1.1461319224311068
101.7297298479898	1.1461319224311068
116.21669801052592	1.1461319224311068
132.82544709809775	1.1461319224311068
151.8667360109343	1.1461319224311068
173.69683781754316	1.1461319224311068
198.7242058212734	1.1461319224311068
227.41711594799156	1.1461319224311068
260.3124284481803	1.1461319224311068
298.0256328497595	1.1461319224311068
341.26236410826795	1.1461319224311068
390.8316054279519	1.1461319224311068
447.6608247858691	1.1461319224311068
512.8133283717535	1.1461319224311068
512.8872100578408	1.1346726061136638
513.2948974320284	1.0705609115663004
513.6773824558604	1.010071679882311
514.0363548852208	0.9530002333146922
514.373374827268	0.8991534588947965
514.6898847426855	0.8483491549949156
514.9872200784903	0.8004154148116266
515.2666187204063	0.7551900446837928
515.5292294232892	0.7125200152769783
515.7761193532689	0.6722609437772435
516.0082808547575	0.6342766053422224
516.2266375385723	0.5984384721563706
516.4320497734524	0.5646252785306872
516.6253196514691	0.5327226105753341
516.8071954880861	0.5026225190567252
516.9783759093466	0.47422315412910915
517.1395135716997	0.44742842070468464
517.2912185540877	0.4221476532961213
517.4340614568416	0.3982953092312501
517.5685762376678	0.37579067920185155
517.6952628113024	0.3545576141671239
517.8145894362654	0.33452426768775406
517.926994909346	0.31562285281872415
518.0328905861763	0.2977894127382518
518.1326622441079	0.28096360433673917
518.2266718018493	0.26508849403346035
518.3152589087861	0.2501103651300899
518.398742415495	0.23597853604921437
518.4774217357646	0.22264518884279944
518.5515781094405	0.2100652073903348
518.6214757743793	0.19819602473916875
518.6873630550782	0.18699747907047531
518.7494733747538	0.17643167780348648
518.808026196996	0.16646286937815744
518.8632279025941	0.15705732228241573
518.9152726065826	0.14818321091465755
518.9643429200878	0.13981050789528426
519.0106106611919	0.1319108824628921
519.0542375185973	0.12445760461131866
519.0953756716325	0.11742545464317349
-140	120
196.7362889817601	799.9999999999992
180.44698169879678	700.37087282039
166.29901563628738	613.1491993689941
154.02871726820123	536.7897999139844
143.40179522187256	469.93992585855017
134.2104489674522	411.41529505837804
126.27072448416276	360.1791116146185
119.42010560520089	315.3236984665051
113.51532463931709	276.05441739492477
108.43037355758	241.67559157100987
104.05469666673214	211.57818125996548
100.29154663877559	185.22899434849106
97.05648754077082	162.1612405543704
94.27603071096458	141.96626198087716
91.88639163259333	124.28629351824395
89.83235810846678	108.80812483872973
88.06626185742998	95.25755170406394
86.54704703273842	83.39451828713622
85.239430075326	73.00886445149703
84.1131457969067	63.9166026494007
83.14227472464155	55.95665848159367
82.30464663948086	48.98801717608284
81.58131502031762	42.88722543419185
80.95609686664993	37.546204387737255
80.41517219185918	32.8703349226654
79.9467374057217	28.776781449607213
79.54070685977725	25.19302442602883
79.18845701095178	22.05557563280404
78.88260795008615	19.30885344562888
78.61683741661834	16.904198176095132
78.38572284971761	14.79901003865078
78.18460748177745	12.955994472059482
78.00948693911299	11.342501445815568
77.85691325855771	9.92994704696549
77.72391364433811	8.693307100429367
77.60792166950645	7.610673852029267
77.50671896602354	6.66286786062134
77.41838574671638	5.83309822378787
77.34125876191995	5.106665117801725
77.27389551648652	4.4706993821953045
77.26921220545536	4.426434806550568
78.20397256017597	4.426434806550568
79.23966924728325	4.426434806550568
80.38720147013366	4.426434806550568
81.65864533866426	4.426434806550568
83.06738095291009	4.426434806550568
84.6282332091234	4.426434806550568
86.35762781027464	4.426434806550568
88.27376412271899	4.426434806550568
90.39680669809408	4.426434806550568
92.74909747593826	4.426434806550568
95.35539090015432	4.426434806550568
98.24311442357742	4.426434806550568
101.44265714207982	4.426434806550568
104.98768959566688	4.426434806550568
108.91551810200667	4.426434806550568
113.26747735123845	4.426434806550568
118.08936539355112	4.426434806550568
123.43192559714258	4.426434806550568
129.3513806484692	4.426434806550568
135.91002421436133	4.426434806550568
143.17687649238948	4.426434806550568
151.22841054819702	4.426434806550568
160.14935708344407	4.426434806550568
170.0335961033777	4.426434806550568
180.98514486753285	4.426434806550568
193.11925252031116	4.426434806550568
206.56361292083508	4.426434806550568
221.4597084353486	4.426434806550568
237.9642988336292	4.426434806550568
256.25107095788223	4.426434806550568
276.51246652448714	4.426434806550568
298.9617072935555	4.426434806550568
323.8350389182657	4.426434806550568
351.3942170872337	4.426434806550568
381.92926212295316	4.426434806550568
415.76151102445715	4.426434806550568
453.24699907251323	4.426434806550568
494.78020658383855	4.426434806550568
540.7982102434772	4.426434806550568
541.0305055269476	4.3821706815577715
543.0391495944892	3.993773835272994
544.8258738733757	3.639801049839797
546.4199855981154	3.3172012810057727
547.8458719772697	3.0231939020927103
549.1240580458891	2.755244736574863
550.2719851655369	2.5110442149174084
551.3045963712111	2.288487467399567
552.234784802818	2.085656181333761
553.0737429462893	1.9008020663004266
553.8312386168097	1.7323317848781072
554.5158359000844	1.578793218980362
555.135074096643	1.4388629534230681
555.6956141743806	1.3113348688376314
556.2033597646727	1.1951097456074364
556.6635579838778	1.0891857892194285
557.0808840974358	0.9926499953647185
557.4595131185434	0.9046702803602804
557.803180747544	0.8244883090604785
558.1152355434308	0.7514129584390543
558.3986838284578	0.684814360501401
558.6562285273417	0.6241184731803894
558.8903029108144	0.5688021324199779
559.1031000321653	0.5183885427983516
559.2965985028202	0.47244316782234413
559.472585139737	0.43056998446980527
559.632674926753	0.39240806969620945
559.7783286590682	0.35762848948311593
559.9108685808527	0.32593146361386005
560.0314922776445	0.297043781738447
560.1412850454718	0.2707164484555944
560.2412309260566	0.24672253711387745
560.3322225700417	0.2248552338329511
560.4150700676329	0.2049260548854302
560.4905088670075	0.18676322207427443
560.5592068846828	0.17021018210234753
560.6217708986343	0.15512425717196368
560.678752303229	0.1413754151833534
560.7306522953166	0.12884514893185806
560.7779265522871	0.11742545464317349
-120	120
259.6253065687562	799.9999999999992
246.57389777489993	718.4729308188198
234.9899242847552	645.2541903992292
224.72671732196218	579.4970866240743
215.65073678735618	520.4412127847083
207.64048326039355	467.4036543354119
200.5854925002478	419.77109175723785
194.385409209401	376.9927082097983
188.9491359875002	338.5738199560228
184.19405288433313	304.07015590290814
180.04530267519254	273.0827201076226
176.43513686833901	245.25317783962413
173.30231746880992	220.25971184382942
170.59156963211066	197.81330088718124
168.25308052201814	177.65437755419788
166.24203992122114	159.54982664269673
164.51821841980558	143.2902894495163
163.04557931530073	128.6877427733389
161.79192069267498	115.5733246385237
160.72854450669408	103.7953815968939
159.8299498565206	93.21771502672279
159.07354801567897	83.71800614935377
158.43939715079236	75.18640155054267
157.90995501997017	67.52424284967388
157.46984827525242	60.64292582690862
157.1056572924366	54.46287581535913
156.80571570664233	48.912627509853166
156.55992403577292	43.92799855131684
156.35957692294534	39.45134733021182
156.19720362307476	35.430906426360615
156.06642140178533	31.820183977143365
155.96180151391354	28.577426051565283
155.87874739359816	25.665133813157734
155.81338462916509	23.049629888245807
155.76246222471335	20.700668925121274
155.72326457653995	18.591087840677424
155.6935335247681	16.69649171000206
155.67139978501942	14.994971666596623
155.65532302552901	13.466851551056038
155.64403983392108	12.094460378486515
155.64319868869222	11.974712345132975
157.4087657323726	11.974712345132975
159.31191401714707	11.974712345132975
161.36336451674964	11.974712345132975
163.57467363332663	11.974712345132975
165.95829829792564	11.974712345132975
168.52766614391885	11.974712345132975
171.29725114866804	11.974712345132975
174.2826551695418	11.974712345132975
177.50069583360008	11.974712345132975
180.96950127605464	11.974712345132975
184.70861226119317	11.974712345132975
188.7390922610429	11.974712345132975
193.0836461118795	11.974712345132975
197.7667479170052	11.974712345132975
202.81477891630976	11.974712345132975
208.2561760992728	11.974712345132975
214.12159239858582	11.974712345132975
220.44406936681034	11.974712345132975
227.25922330880977	11.974712345132975
234.60544591848955	11.974712345132975
242.52412055009088	11.974712345132975
251.05985534235592	11.974712345132975
260.260734508817	11.974712345132975
270.1785892098006	11.974712345132975
280.86928953204585	11.974712345132975
292.3930592207384	11.974712345132975
304.81481493693866	11.974712345132975
318.2045319515327	11.974712345132975
332.6376383357686	11.974712345132975
348.19543986896184	11.974712345132975
364.9655780569955	11.974712345132975
383.04252384176567	11.974712345132975
402.528109782774	11.974712345132975
423.5321037088007	11.974712345132975
446.1728270711966	11.974712345132975
470.57782148215756	11.974712345132975
496.8845671927774	11.974712345132975
525.2412575582708	11.974712345132975
555.8076338531487	11.974712345132975
556.4257325819541	11.854966113565986
562.9468821432774	10.532031791280929
568.3321509871181	9.356728023508994
572.848191768669	8.312580235315693
576.6772488889043	7.384952303299647
579.950709957764	6.560841396791587
582.7670750146397	5.82869571339298
585.2024123515654	5.178252554000103
587.3168408813049	4.600394467564262
589.158756038664	4.087021449127157
590.7676994195725	3.6309373996942105
592.1763744946038	3.225749256420891
593.4121034384189	2.865777379190359
594.4979059531362	2.5459759374451507
595.4533150923936	2.261862181311864
596.2950055449647	2.009453605591699
597.0372852641854	1.7852121258261329
597.6924855969764	1.58599448393745
598.2712747241756	1.4090081882655765
598.7829122637944	1.2517723703998336
599.2354581055249	1.112083010124479
599.6359451944027	0.9879820410259508
599.9905235944642	0.877729903706149
600.3045814354792	0.7797811618721227
600.58284707731	0.6927628395058139
600.8294758827109	0.6154551754596771
601.0481242785884	0.546774525709708
601.2420132443431	0.48575817360181384
601.4139829490674	0.43155083517231246
601.5665399353016	0.38339267038372477
601.7018979926963	0.3406086322258473
601.8220136635224	0.3025990043853682
601.9286171612658	0.2688309948477792
602.0232393541455	0.23883126759666645
602.1072353605888	0.21217930772502103
602.1818052181466	0.18850152695541622
602.2480120170111	0.1674660269444044
602.3067978312248	0.14877794696685465
602.3589977323145	0.13217533076735938
602.4053521297138	0.11742545464317349
-100	120
321.7945479300581	799.9999999999992
311.3645594090544	732.9388936408196
301.95639147379745	671.4992772642864
293.4883278022574	615.2099216983728
285.88465240610134	563.6390992080763
279.0752332729411	516.3912722328449
272.99513210899323	473.10405969514625
267.58423922673524	433.44545761242637
262.7869324960659	397.1112926951135
258.5517591954341	363.8228894002919
254.83113955124776	333.32493254782054
251.58109073310655	305.38350910562576
248.76097007317907	279.7843141250359
246.33323629610112	256.33100706607445
244.2632275770783	234.84370590605815
242.51895528829377	215.15760748162054
241.07091234375278	197.12172348248103
239.89189510877696	180.5977224022767
238.95683790046755	165.45886856447083
238.24265916755022	151.5890500858814
237.7281185009329	138.88188832251151
237.39368368878445	127.23992196731193
237.2214070904682	116.57385954208237
237.19481066198293	106.80189455026779
237.29877902058848	97.84907803802103
237.51945998773775	89.64674375120178
237.84417209717802	82.13198147938523
238.2613185988277	75.24715454753618
238.76030752904745	68.93945775461373
239.33147745448898	63.16051236858082
239.96602852971336	57.86599507151881
240.6559585393141	53.0152980089302
241.39400362305074	48.57121733587969
242.17358340858527	44.49966787118436
242.98875030096397	40.769421671112276
243.83414270172378	37.35186851750139
244.70494195403427	34.220796483293626
245.5968328342554	31.35219089246613
246.50596743535755	28.724050132424956
247.42893231516126	26.316216906178756
247.53456830495514	26.0556602426594
250.1550206351822	26.0556602426594
252.9066867247828	26.0556602426594
255.79613683281116	26.0556602426594
258.8302702105267	26.0556602426594
262.0163315750018	26.0556602426594
265.3619284076117	26.0556602426594
268.87504911871036	26.0556602426594
272.5640821218661	26.0556602426594
276.4378358631987	26.0556602426594
280.5055598536461	26.0556602426594
284.7769667543772	26.0556602426594
289.2622555680872	26.0556602426594
293.97213599154884	26.0556602426594
298.91785398756747	26.0556602426594
304.1112186373997	26.0556602426594
309.56463033775134	26.0556602426594
315.29111040968155	26.0556602426594
321.30433219011314	26.0556602426594
327.6186536801849	26.0556602426594
334.2491518284038	26.0556602426594
341.21165853045585	26.0556602426594
348.522798431632	26.0556602426594
356.2000286221348	26.0556602426594
364.26168032004364	26.0556602426594
372.7270026414706	26.0556602426594
381.6162085624161	26.0556602426594
390.95052318206905	26.0556602426594
400.7522344027944	26.0556602426594
411.0447461478145	26.0556602426594
421.85263424365854	26.0556602426594
433.2017051008087	26.0556602426594
445.1190573326614	26.0556602426594
457.63314645992796	26.0556602426594
470.773852854978	26.0556602426594
484.57255308835465	26.0556602426594
499.0621948478201	26.0556602426594
514.2773756088175	26.0556602426594
530.2544252441954	26.0556602426594
547.0314927704443	26.0556602426594
548.8164269566819	25.795103700115803
568.2484082203772	22.46424177337302
581.9118776577349	19.563486323580577
592.3038890538891	17.037298698706824
600.5278367483173	14.837311824073241
607.1941135883134	12.921404153200276
612.6849035269516	11.252893197233169
617.2591196266	9.79983319204317
621.1019448057284	8.534403455947173
624.3511399425118	7.432375727376775
627.1122596139855	6.47265028399911
629.4680443803247	5.6368519616998
631.4845243476033	4.9089783386979775
633.2151544171896	4.275093348830667
634.7037142331138	3.723060457843396
635.9864015389529	3.2423102940075963
637.0933808670446	2.8236382840576035
638.0499536365338	2.45902841992984
638.8774583923258	2.1414997820943578
639.593974393165	1.8649728809726556
640.2148790715102	1.624153257378286
640.7532950071047	1.4144301133626906
641.2204520593255	1.2317880326248232
641.6259834422889	1.0727301002595813
641.9781697255339	0.9342109498748682
642.2841413238897	0.8135784561791596
642.5500475654806	0.708522956670035
642.7811986088594	0.6170330302083378
642.9821851264547	0.5373569858024984
643.1569796502812	0.4679693242568397
643.3090226963509	0.40754153054947584
643.4412961825011	0.3549166377227174
643.5563861852048	0.30908707527932805
643.6565367112936	0.26917537796401264
643.7436958669315	0.2344173855752132
643.8195555708294	0.20414761214625177
643.885585768592	0.17778650437019186
643.9430639503249	0.15482934531474307
643.9931006470607	0.1348365909747373
644.0366614769129	0.11742545464317349
-80	89
383.3331478955151	799.9999999999989
367.74454540299223	695.1027623311714
354.75225304299096	603.8871589673583
344.06969203816357	524.7202384413616
335.43360981174607	456.13479776054197
328.6036729520859	396.8188723411182
323.3617626275485	345.6047126506723
319.51100911082943	301.4574179487436
316.87461151772186	263.4634250158203
315.2944961124848	230.81906475248437
314.62987006308356	202.81939783695054
314.7557268719067	178.8475225353516
315.56135517884445	158.3645164342853
316.9488950666227	140.90013394517683
318.8319764825292	126.04433787744509
321.13446405723255	113.43970067282879
323.7893224662053	102.77467255049496
326.7376073443633	93.77768217501432
329.9275791746092	86.21201171063963
333.31393181226025	79.8713724441596
336.8571234382309	74.57609895177256
340.52279563205536	70.1698779449582
344.28126567435123	66.51693107639574
348.10707780909775	63.499577671212236
351.9786006767292	61.0161122076105
355.87766014053017	58.97894122585428
359.7891989805049	57.312934256163516
363.7009571844849	55.95395263847072
367.6031686491793	54.84752831475764
371.4882718972621	53.94767157124203
375.3506338559572	53.21579222418435
379.18628680847	52.619722934921995
382.99267933590056	52.13283634518169
386.7684424520192	51.733249728118835
390.51317224877255	51.40311205742143
394.22723027545663	51.12796900644865
397.911562628567	50.89620158411849
401.5675383871621	50.698534049993086
405.19680763862874	50.527606553346615
408.8011789409872	50.37760770504048
412.3825156910889	50.24396208364928
415.9426505343153	50.12306754083099
419.4833166746938	50.01207712770087
423.0060947310849	49.90872052073834
426.5123736369457	49.811159978114354
454.1776249866826	49.08818100523034
480.87944851688565	48.1504264420534
506.1553036127632	46.67063480751022
529.4915003591128	44.524679315461896
550.5770042358305	41.77946352394415
569.3221583788994	38.604403677400185
585.7939547947028	35.191865188145854
600.1486485526877	31.71317771354744
612.5837806293482	28.30210100061709
623.308738932203	25.053234266616936
632.5281703019918	22.026960557454228
640.4333528571669	19.256436651269432
647.1982683036158	16.754513319166563
652.9783757234698	14.519721730422798
657.9108946197393	12.54108028834617
662.1158904466675	10.8017629759508
665.6977445648276	9.281786835590045
668.7467631435431	7.959907513646361
671.3407836399157	6.81490294222575
673.5467006995962	5.826400002363087
675.4218717500224	4.975369592520442
677.0153857567013	4.244387700131248
678.3691923766607	3.6177361866347892
679.5190966323339	3.081397617264021
680.4956284631343	2.622983324176988
681.3247984873385	2.231622378021232
682.0287519074917	1.8978305749230608
682.6263322793801	1.6133722847026122
683.1335661936056	1.3711235062798828
683.5640790142828	1.1649412951751517
683.9294508210044	0.9895425186648571
684.2395206929957	0.8403933908604344
684.5026465083032	0.7136102430240575
684.725926532854	0.605871345861694
684.9153882575142	0.5143392120566292
685.0761492093566	0.4365925905465926
685.2125538149893	0.3705672628630644
685.3282898242397	0.31450472645467986
685.4264873052789	0.2669078724322346
685.5098027906419	0.22650281632493321
685.5804907803512	0.19220610710709826
685.6404644865642	0.16309661319096375
685.6913474276316	0.13839145860486632
685.7345172422447	0.11742545464317349
-60	89
444.40666879861277	799.9999999999989
432.2245223240992	714.2085354705287
421.9870546854458	638.566220206795
413.4867845868339	571.921813004647
406.53381971038016	513.2409025665729
400.9551816212216	461.597320961862
396.59399546340785	416.1645478821625
393.3085694572525	376.2072012594034
390.97139316661855	341.0727181576654
389.468085307323	310.18332890314923
388.6963214576058	283.0284180578257
388.5647696667993	259.15734999432186
388.99205809220086	238.17281687591276
389.90579396689634	219.72474518300663
391.2416479530965	203.504775659443
392.9425127447559	189.24131231158742
394.9577400281153	176.69511997808087
397.24245585197417	165.6554375761243
399.75695124850387	155.93656555066548
402.46614262571626	147.37488108680748
405.33909498785346	139.82623283462107
408.34860033444716	133.16366764462092
411.47080351075044	127.27544447803801
414.68486818380075	122.06329461454291
417.97267635178	117.44089197319555
421.3185557239791	113.33250232568498
424.7090303189726	109.67178505498394
428.132590627691	106.40072564196063
431.579480608895	103.46868108626121
435.0414995833828	100.83152390460272
438.5118177466562	98.45087318111442
441.9848045213459	96.29340339797776
445.45586932624667	94.33022350823705
448.92131456348244	92.53632000123464
452.3782007391463	90.89005863624934
455.82422365865744	89.37274016186565
459.25760359863153	87.96820577105747
462.67698627392696	86.66248832880001
466.08135531040193	85.44350560281173
469.469955816423	84.30079186985036
472.8422285317391	83.22526439017636
476.19775392986674	82.20902136214706
479.53620556563936	81.24516810027565
482.8573118964454	80.32766833001253
486.16082576512264	79.45121766276571
513.5966995892524	73.09348316599596
539.4701568242747	67.70538806754261
563.4263254866204	62.52708941731134
585.1902234964764	57.30567287375781
604.6533276769153	52.037360621238065
621.8518236181616	46.818188280035706
636.9143866049174	41.763237618079444
650.0179463687374	36.970815782127985
661.3584178568116	32.51093463414236
671.1331647955378	28.425089829956725
679.5310573044854	24.730562921538716
686.7271961838707	21.42600372033309
692.880489504488	18.496822083236292
698.1329722789901	15.919789372769168
702.6101744515364	13.666681397843329
706.422091416842	11.707002847801698
709.6644684112251	10.009922518094923
712.4202133408919	8.545574386115106
714.7608217674125	7.285873290915982
716.7477442087422	6.204973645737099
718.4336568106463	5.279475215425754
719.863616645355	4.488456567383698
721.0760957746793	3.813396541976289
722.1038961350035	3.2380276089725566
722.9749519066049	2.7481521217356906
723.7130284555708	2.3314427598506122
724.3383279593825	1.9772412822194114
724.8680119724495	1.6763645421522966
725.3166508065675	1.420923065535127
725.6966089255367	1.2041549734365573
726.0183747336467	1.020276336216096
726.2908422700527	0.8643479442256643
726.5215514642562	0.7321577962285676
726.7168927962917	0.6201182124561372
726.8822814572334	0.5251762818125042
727.0223054293584	0.44473628561866624
727.1408513022282	0.37659275652085933
727.241211108796	0.3188728981196009
727.3261729997552	0.26998718615497697
727.3980981689547	0.22858708071864112
727.4589860918253	0.19352889115706204
727.5105298360921	0.16384294491319243
727.5541629439173	0.13870731485154222
727.5910991615781	0.11742545464317357
-40	89
505.19405731344864	800.000000000001
495.6817022638954	729.4185838660251
487.61585503753207	666.3375761154097
480.8493925864148	609.9583282026108
475.24783539790144	559.5617613984241
470.6886862748228	514.5020223518512
467.0607173053769	474.200303931183
464.26322141332463	438.13888226402537
462.20524543970436	405.8554190526451
460.80482115572556	376.9375724177004
459.98820912897463	351.0179508284501
459.68916820816344	327.7694343044802
459.84826082176363	306.90087614115197
460.41220155511354	288.1531878588612
461.3332537960364	271.29580061390806
462.5686767890774	256.12348840149673
464.0802233293978	242.45353226687607
465.8336866246097	230.1232004637046
467.79849357770337	218.98751695570144
469.9473408820436	208.91728964218154
472.2558698301146	199.7973699341984
474.70237556406863	191.52511652658592
477.2675465734404	184.00903811807362
479.9342305072558	177.16759216823593
482.6872227520699	170.92811932533448
485.51307467949124	165.22589573578105
488.3999189412969	160.00328792115468
491.3373096522204	155.20899719109616
494.3160757251496	150.7973825949469
497.3281859946543	146.7278531765579
500.3666250745708	142.9643217832083
503.4252791417746	139.47471390553923
506.4988310240966	136.23052601622862
509.58266410162264	133.20642866214925
512.6727746152748	130.3799101815379
515.7656920235115	127.73095739718869
518.858407066003	125.24177000925573
521.9483071907787	122.89650570358899
525.033118985855	120.68105322601323
528.1108572341169	118.58283086764058
531.1797801862915	116.5906079750567
534.2383506248715	114.69434725220893
537.2852022746436	112.88506576505351
540.3191111045035	111.15471269991258
543.3389710615488	109.49606206443677
569.9732845296729	96.80749091121581
594.833604656552	86.62853597216122
617.5797325440436	77.65877048446049
638.0524255271773	69.40050711711504
656.246634633926	61.70046886681378
672.2614727412296	54.539041851851565
686.2540404662134	47.935423034087805
698.4080055328313	41.908796765246414
708.9145833564312	36.464990715215194
717.9613691063812	31.594097997174767
725.7258569566624	27.272528843518867
732.3718619569556	23.46654199213338
738.0478341598772	20.135903186509292
742.8864313032044	17.237077280466227
747.0049121875574	14.725746668554676
750.5060356563504	12.558646395009019
753.4792396620496	10.69479878258408
756.001943717622	9.096263403344818
758.1408703631935	7.728519370533216
759.9533198413438	6.560583116096134
761.4883595987764	5.5649457631102965
762.7879090542215	4.717395052301366
763.8877125242037	3.996769900816788
764.8182010927876	3.3846818540865633
765.6052489401195	2.86522692618555
766.2708322317362	2.4247032397827395
766.8335998478636	2.051343988203253
767.3093655100611	1.7350710716097084
767.7115305909549	1.4672718893599896
768.0514463058897	1.2405998597727346
768.338723238071	1.0487980192090778
768.5814953400213	0.8865443210484395
768.786644746307	0.7493168605952326
768.959992961819	0.6332770840103977
769.1064632768506	0.5351690190876689
769.230218613885	0.45223263749518244
769.3347784339599	0.3821295835055787
769.4231178211376	0.32287965714950373
769.4977514175721	0.272806602886567
769.5608044940321	0.2304919172475887
769.6140731052856	0.1947355437277179
769.6590749908653	0.1645224667102565
769.6970926337331	0.13899434655383208
769.7292096770481	0.11742545464317358
