# Table format: T1D
# table_unit = degC
# axis1_unit = kJ/kg/K
# axis2_unit = barA
# This file was automatically generated by generate_data_files.py
1.0	119
-1.393701497224789	-187.67999999999824
-1.3456464906937673	-185.49790103624503
-1.2974359724566948	-183.26009181289544
-1.2490915647119982	-180.9651500145219
-1.2006304082112274	-178.6116170131524
-1.1520658771246053	-176.19799694118996
-1.1034081737867747	-173.7227557406676
-1.0546648209651976	-171.184320188228
-1.005841066699215	-168.5810768951925
-0.9569402145315434	-165.91137128213683
-0.9079638900473401	-163.17350652725537
-0.8589122530102068	-160.36574248789387
-0.8097841629906889	-157.486294594541
-0.7605773051937594	-154.5333327165815
-0.7112882821785388	-151.5049799990993
-0.6619126762954566	-148.39931166998045
-0.6124450869302819	-145.21435381655252
-0.5628791460129924	-141.9480821310014
-0.5132075147106844	-138.59842062375276
-0.4634218637614704	-135.1632403040108
-0.4135128395011816	-131.6403578265979
-0.36347001728074246	-128.0275341042657
-0.31328184364656775	-124.32247288455733
-0.2629355683524518	-120.52281929035152
-0.2124171669704956	-116.62615832314475
-0.1617112545552609	-112.63001332810663
-0.11080099047566729	-108.53184441996808
-0.05966797413797031	-104.32904686870728
-0.00829213086153868	-100.01894944402358
0.0433484133935217	-95.59881271754804
0.09527747044966964	-91.06582732170835
0.14752094437505003	-86.41711216414143
0.20010700601416648	-81.64971259651011
0.2530662930924864	-76.76059853658552
0.3064321433504592	-71.74666254237007
0.3602408707634477	-66.60471783705955
0.4145320984317186	-61.33149628357819
0.46934916658556175	-55.92364630740522
0.5247396409738795	-50.37773076636489
0.5807559566728687	-44.690224766038995
0.6032748022246651	-42.38255026872625
0.6505797399094024	-42.382548354242545
0.6978846655536485	-42.382548354242545
0.7451895911978945	-42.382548354242545
0.7924945168421407	-42.382548354242545
0.8397994424863866	-42.382548354242545
0.8871043681306328	-42.382548354242545
0.9344092937748789	-42.382548354242545
0.9817142194191251	-42.382548354242545
1.029019145063371	-42.382548354242545
1.0763240707076172	-42.382548354242545
1.1236289963518633	-42.382548354242545
1.1709339219961095	-42.382548354242545
1.2182388476403556	-42.382548354242545
1.2655437732846015	-42.382548354242545
1.3128486989288477	-42.382548354242545
1.3601536245730939	-42.382548354242545
1.40745855021734	-42.382548354242545
1.454763475861586	-42.382548354242545
1.5020684015058319	-42.382548354242545
1.5493733271500778	-42.382548354242545
1.5966782527943242	-42.382548354242545
1.6439831784385701	-42.382548354242545
1.6912881040828163	-42.382548354242545
1.7385930297270629	-42.382548354242545
1.7858979553713086	-42.382548354242545
1.8332028810155547	-42.382548354242545
1.8805078066598013	-42.382548354242545
1.9278127323040468	-42.382548354242545
1.975117657948293	-42.382548354242545
2.0224225835925393	-42.382548354242545
2.0697275092367855	-42.382548354242545
2.117032434881031	-42.382548354242545
2.1643373605252774	-42.382548354242545
2.211642286169523	-42.382548354242545
2.2589472118137697	-42.382548354242545
2.306252137458016	-42.382548354242545
2.3535570631022615	-42.382548354242545
2.400861988746508	-42.382548354242545
2.462696353460621	-40.074903848213864
2.4913148539513124	-35.49118350619193
2.5201906224513713	-30.817318431760526
2.549345100640737	-26.051535813279088
2.578798895775519	-21.19202797449455
2.608571872000779	-16.236951688884744
2.6386832259483946	-11.184427480517115
2.6691515491993916	-6.03253891115628
2.699994879730425	-0.7793318533554157
2.731230744101278	4.577186250753073
2.7628761918508333	10.039047145239692
2.794947823336008	15.6083225310241
2.8274618120584356	21.287124851678698
2.8604339223678235	27.077608094685786
2.8938795233014933	32.98196860844911
2.9278135992109418	39.00244593537866
2.962250757734281	45.141323661355045
2.997205235594769	51.40093028189898
3.032690902637698	57.783640085380284
3.0687212644589557	64.29187405358965
3.105309463926991	70.92810078002702
3.1424682818543244	77.6948374062456
3.180210137034831	84.59465057661174
3.218547085827243	91.63015741184074
3.2574908214339695	98.80402650168037
3.2970526729962293	106.11897891711317
3.3372436046018312	113.57778924246901
3.3780742142800957	121.18328662783341
3.419554733039268	128.93835586215124
3.461695023985143	136.84593846743837
3.504504581545235	144.90903381450954
3.547992530810544	153.13070026064798
3.592167626996906	161.5140563096512
3.6370382550192244	170.06228179468945
3.6826124291654314	178.77861908442384
3.7288977928518645	187.66637431285136
3.7759016184379997	196.72891863332683
3.823630807076336	205.96968949725562
3.872091888572136	215.39219195792907
3.921291021227725	224.99999999999983
10.0	119
-1.3954494561461415	-187.67999999999824
-1.3345254821844956	-184.90545947534747
-1.2733640572180194	-182.04085138169052
-1.2120052768003753	-179.08325193149562
-1.1504786997057272	-176.0296424247879
-1.088805420955183	-172.87690616807643
-1.0269997056744378	-169.62182529327828
-0.9650702638245493	-166.2610774733762
-0.9030212311873965	-162.79123253144752
-0.8408529099429362	-159.20874893963622
-0.7785623122975649	-155.5099702044478
-0.7161435425295531	-151.69112113472903
-0.6535880461991783	-147.74830398847087
-0.5908847498611703	-143.6774944945659
-0.5280201101997646	-139.47453774537777
-0.46497808789186457	-135.1351439560117
-0.40174005852074696	-130.65488408590434
-0.33828467036407345	-126.02918531828269
-0.27458765671514446	-121.25332639287828
-0.21062160842144295	-116.3224327871365
-0.14635571039366915	-111.23147174098213
-0.081755443786853	-105.97524712010195
-0.016782253200268316	-100.54839411245004
0.0486068246335617	-94.94537375261484
0.11445957788409943	-89.16046726842319
0.180829094459099	-83.18777024402198
0.24777431330199215	-77.02118659348642
0.3153606799055142	-70.65442233879665
0.3836609466243499	-64.08097918583235
0.45275617687315933	-57.29414789183136
0.5227370396655406	-50.28700141754257
0.5937055225925233	-43.05238785708224
0.6657772567459597	-35.58292313827749
0.7390847535747216	-27.870983486048004
0.8137820342297655	-19.90869764113424
0.8900514529121701	-11.687938826224183
0.9681141186477399	-3.2003164512880744
1.0482465299029082	5.5628324503492195
1.1308086693845636	14.610452063945615
1.2162951478655832	23.95177692230169
1.272250260404156	26.95280372862908
1.3005994101169003	26.95280372862908
1.328948559829645	26.95280372862908
1.3572977095423897	26.95280372862908
1.385646859255134	26.95280372862908
1.4139960089678787	26.95280372862908
1.4423451586806233	26.95280372862908
1.470694308393368	26.95280372862908
1.4990434581061123	26.95280372862908
1.5273926078188569	26.95280372862908
1.5557417575316017	26.95280372862908
1.5840909072443463	26.95280372862908
1.6124400569570907	26.95280372862908
1.6407892066698355	26.95280372862908
1.66913835638258	26.95280372862908
1.6974875060953245	26.95280372862908
1.725836655808069	26.95280372862908
1.7541858055208137	26.95280372862908
1.7825349552335583	26.95280372862908
1.8108841049463027	26.95280372862908
1.8392332546590473	26.95280372862908
1.8675824043717921	26.95280372862908
1.8959315540845365	26.95280372862908
1.9242807037972811	26.95280372862908
1.952629853510026	26.95280372862908
1.9809790032227703	26.95280372862908
2.009328152935515	26.95280372862908
2.0376773026482593	26.95280372862908
2.066026452361004	26.95280372862908
2.0943756020737485	26.95280372862908
2.122724751786493	26.95280372862908
2.1510739014992373	26.95280372862908
2.1794230512119825	26.95280372862908
2.2077722009247274	26.95280372862908
2.2361213506374713	26.95280372862908
2.2644705003502157	26.95280372862908
2.2928196500629605	26.95280372862908
2.321168799775705	26.95280372862908
2.349517986514049	26.952810614806992
2.370059599001461	29.953838720955105
2.396203746268054	33.83981514389217
2.4222200880330873	37.77561215908321
2.4481509805512696	41.76186849696427
2.4740327591640336	45.79923107688478
2.4998969462949217	49.888355112096065
2.5257711599314807	54.02990421608337
2.551679808944168	58.22455051026304
2.5776446335810963	62.472974733058095
2.603685131463758	66.77586635037392
2.62981889752969	71.13392366749025
2.6560618983567994	75.54785394238792
2.68242869579172	80.01837350052631
2.708932630942164	84.54620785109535
2.7355859768420214	89.13209180475559
2.7624000661087647	93.77676959289028
2.7893853984543537	98.48099498838286
2.8165517318283984	103.24553142794616
2.843908160159216	108.07115213601759
2.8714631800411925	112.9586402502452
2.8992247482435434	117.90878894857974
2.9272003315492077	122.92240157799785
2.9553969501467137	128.00029178487523
2.983821215572625	133.14328364703186
3.012479364023725	138.35221180746856
3.0413772857155474	143.62792160981923
3.0705205508491247	148.97126923553952
3.099914432655094	154.38312184285587
3.12956392790875	159.86435770749154
3.159473775247836	165.4158663652014
3.189648471573991	171.03854875613285
3.220092286776625	176.7333173710365
3.250809276983136	182.5010963993518
3.2818032965100965	188.34282187919098
3.313078008665704	194.25944184924725
3.3446368955330428	200.2519165026498
3.3764832668464617	206.3212183427895
3.4086202680586104	212.46833234114553
3.4410508876830836	218.6942560971322
3.473777963987044	224.99999999999983
20.0	119
-1.3973857451542118	-187.67999999999836
-1.3317432462450234	-184.6874045269716
-1.2658324484549157	-181.59002810547966
-1.1997016126671187	-178.38420199804744
-1.1333853052255762	-175.0661290122207
-1.0669072741810306	-171.63187900291888
-1.0002826701380454	-168.07738421730517
-0.93351973940471	-164.3984344766885
-0.866621092153202	-160.59067218968934
-0.7995846280764417	-156.6495871908323
-0.7324041856958283	-152.57051139840496
-0.6650699683097573	-148.34861328527484
-0.59756878898178	-143.9788921561049
-0.5298841684584968	-139.45617222420236
-0.4619963130711858	-134.77509648097336
-0.3938819941493166	-129.9301203507317
-0.32551434594464446	-124.91550512332768
-0.25686259522329236	-119.72531115685283
-0.18789173224300795	-114.3533908423235
-0.11856212949268229	-108.79338132205248
-0.04882911100818456	-103.03869695305889
0.021357529069728116	-97.08252150659476
0.09205406520526777	-90.9178000945553
0.16332344972853388	-84.53723081320416
0.23523601508885805	-77.93325609431088
0.30787030423636313	-71.09805375347176
0.38131408227205793	-64.02352772499407
0.4556656086631993	-56.70129847238326
0.5310352883656778	-49.12269306306408
0.607547880300639	-41.27873489558681
0.68534553745415	-33.160133067145324
0.7645921118160204	-24.757271368818294
0.845479433300241	-16.06019689549521
0.9282367767903051	-7.058608256997843
1.013145715498762	2.2581566235686523
1.1005646276295082	11.901133138683463
1.1909719021226302	21.88174306745998
1.285049338866571	32.2118081043555
1.383865328370406	42.903563861567704
1.4893644459417865	53.96967436170473
1.5425874134402326	57.273913228660774
1.563217031054272	57.273913228660774
1.5838466486683114	57.273913228660774
1.6044762662823508	57.273913228660774
1.6251058838963903	57.273913228660774
1.6457355015104296	57.273913228660774
1.666365119124469	57.273913228660774
1.686994736738508	57.273913228660774
1.7076243543525476	57.273913228660774
1.7282539719665868	57.273913228660774
1.748883589580626	57.273913228660774
1.7695132071946655	57.273913228660774
1.7901428248087048	57.273913228660774
1.810772442422744	57.273913228660774
1.8314020600367835	57.273913228660774
1.8520316776508228	57.273913228660774
1.872661295264862	57.273913228660774
1.8932909128789015	57.273913228660774
1.9139205304929405	57.273913228660774
1.93455014810698	57.273913228660774
1.9551797657210195	57.273913228660774
1.9758093833350585	57.273913228660774
1.996439000949098	57.273913228660774
2.0170686185631372	57.273913228660774
2.0376982361771767	57.273913228660774
2.058327853791216	57.273913228660774
2.078957471405255	57.273913228660774
2.0995870890192947	57.273913228660774
2.120216706633334	57.273913228660774
2.140846324247373	57.273913228660774
2.1614759418614122	57.273913228660774
2.182105559475452	57.273913228660774
2.202735177089491	57.273913228660774
2.2233647947035307	57.273913228660774
2.2439944123175697	57.273913228660774
2.2646240299316096	57.273913228660774
2.2852536475456486	57.273913228660774
2.3058832651596877	57.273913228660774
2.3265128827737267	57.273913228660774
2.3530694883500356	60.5781523609474
2.3796929899136305	64.02358516526829
2.4056952179567945	67.50458885902486
2.431209933323251	71.0215306785687
2.456338559232235	74.57478165162644
2.4811602849120447	78.16471663644063
2.505738434009103	81.79171436131554
2.530124658546698	85.45615746457463
2.554361802542372	89.15843253492477
2.578485917512273	92.89893015224231
2.602527718200476	96.67804492877804
2.62651365771741	100.49617555078595
2.6504667371844817	104.35372482058602
2.6744071259696383	108.2510996990577
2.698352644091756	112.18871134857147
2.722319142545075	116.16697517636862
2.746320806820746	120.18631087838332
2.7703704018176243	124.24714248351921
2.7944794714468846	128.349898398385
2.8186585028029785	132.4950114524891
2.8429170623245428	136.6829189439013
2.867263909595341	140.91406268538827
2.891707093133663	145.18888905102142
2.9162540315513517	149.50784902327047
2.9409115827365606	153.87139824057948
2.965686103162073	158.27999704543487
2.9905834989972973	162.73411053293205
3.015609270374114	167.23420859984077
3.040768549900533	171.780765994177
3.0660661363146993	176.3742623652891
3.0915065240117636	181.0151823144593
3.1170939290486124	185.70401544602612
3.1428323121288075	190.44125641903935
3.168725398987029	195.22740499944126
3.1947766985248256	200.06296611279447
3.2209895189942164	204.9484498975479
3.2473669824801537	209.88437175885485
3.273912037895374	214.8712524229485
3.300627472669885	219.909617992076
3.3275159232912546	224.99999999999983
30.000000000000004	118
-1.399315913922159	-187.68000000000092
-1.3307286737658433	-184.55111590055617
-1.261854828093785	-181.30768967278846
-1.1927480036988745	-177.9455281606945
-1.1234458884172838	-174.4602847052842
-1.053973711033801	-170.8474535251715
-0.9843468935006949	-167.1023638914107
-0.9145730431748526	-163.22017408909613
-0.8446534186842036	-159.1958651579248
-0.7745839757097838	-155.02423440358768
-0.7043560771133762	-150.6998886716463
-0.6339569343999829	-146.21723737516263
-0.5633698336269336	-141.57048526711063
-0.49257418784417134	-136.75362494816642
-0.4215454493855632	-131.76042910025
-0.35025490830385025	-126.58444243574499
-0.2786693974861064	-121.21897335198639
-0.206750920058812	-115.6570852802534
-0.1344562101507654	-109.89158771804864
-0.0617362334792033	-103.91502693310335
0.011464370938734647	-97.71967632705721
0.0852079129425456	-91.29752644639242
0.1595643503940555	-84.6402746276693
0.2346120894546166	-77.73931426370632
0.3104389252408837	-70.58572367681549
0.38714318361158256	-63.1702545847032
0.46483515604267817	-55.48332014413876
0.5436389661519697	-47.514982556919904
0.6236950783013326	-39.25494022212115
0.7051637736663324	-30.692514418010717
0.7882301109031942	-21.816635496418797
0.873111224055865	-12.61582857171095
0.9600674312455303	-3.078198685861082
1.0494198559890828	6.808584569547634
1.141579898434311	17.057302994284782
1.237102149578832	27.68120630399693
1.3367892416774212	38.69402925966432
1.4419314462479924	50.1100094241296
1.5549892570576132	61.94390556866006
1.682504051994205	74.21101675333415
1.7380512530580425	77.71971327794051
1.7525916520965579	77.71971327794051
1.7671320511350737	77.71971327794051
1.781672450173589	77.71971327794051
1.7962128492121043	77.71971327794051
1.81075324825062	77.71971327794051
1.8252936472891357	77.71971327794051
1.8398340463276512	77.71971327794051
1.8543744453661666	77.71971327794051
1.8689148444046824	77.71971327794051
1.8834552434431977	77.71971327794051
1.8979956424817128	77.71971327794051
1.9125360415202288	77.71971327794051
1.927076440558744	77.71971327794051
1.9416168395972595	77.71971327794051
1.956157238635775	77.71971327794051
1.9706976376742906	77.71971327794051
1.985238036712806	77.71971327794051
1.9997784357513215	77.71971327794051
2.014318834789837	77.71971327794051
2.028859233828353	77.71971327794051
2.0433996328668678	77.71971327794051
2.0579400319053835	77.71971327794051
2.0724804309438993	77.71971327794051
2.087020829982415	77.71971327794051
2.10156122902093	77.71971327794051
2.1161016280594453	77.71971327794051
2.130642027097961	77.71971327794051
2.145182426136477	77.71971327794051
2.1597228251749923	77.71971327794051
2.1742632242135076	77.71971327794051
2.188803623252023	77.71971327794051
2.2033440222905383	77.71971327794051
2.217884421329054	77.71971327794051
2.23242482036757	77.71971327794051
2.2469652194060856	77.71971327794051
2.261505618444601	77.71971327794051
2.2760460174831163	77.71971327794051
2.328372932919665	81.228407117691
2.3583955238962564	84.33627859381392
2.386542647226267	87.47140586464081
2.413357965439879	90.63402796140377
2.439180220707075	93.82438601161846
2.464237237676877	97.04272325747223
2.4886909073221477	100.28928507436655
2.512661157821107	103.56431898962643
2.5362397805716683	106.86807470137347
2.559498906296781	110.20080409756144
2.58249645986377	113.56276127518333
2.60527981267048	116.95420255964223
2.627888310237934	120.37538652429657
2.650355070957183	123.82657401017201
2.672708297207438	127.30802814585059
2.6949722511232785	130.82001436753234
2.7171679941422364	134.3628004392715
2.7393139566205327	137.93665647339373
2.7614263829017918	141.54185495108783
2.783519683570845	145.1786707431819
2.8056067174984967	148.84738113110183
2.827699020055721	152.54826582800757
2.8498069895462113	156.2816070001249
2.8719400408447244	160.04768928825382
2.8941067330308363	163.84679982947262
2.916314876206893	167.6792282790309
2.938571621508365	171.5452668324309
2.9608835374335785	175.44521024770893
2.983256674954474	179.3793558679048
3.0056966233631313	183.34800364373558
3.028208558418308	187.35145615646223
3.050797284053253	191.3900186409599
3.0734672686687254	195.46399900899155
3.0962226768478023	199.57370787268115
3.1190673971804608	203.71945856819855
3.142005066766573	207.90156717964686
3.1650390928702556	212.12035256316256
3.1881726721206616	216.3761363712269
3.2114088075910177	220.6692430771875
3.2347503240358475	224.99999999999983
40.0	118
-1.4012400413006962	-187.6799999999988
-1.330510557961945	-184.4518848656885
-1.2594821675648382	-181.10184709980837
-1.188212471942812	-177.62528180833314
-1.116741371977827	-174.01741017506512
-1.0450950399962002	-170.27327289277758
-0.973288918534503	-166.3877233462341
-0.9013299482168277	-162.35542053776896
-0.8292181852008871	-158.1708217456586
-0.7569479349672366	-153.82817490520623
-0.6845085024831041	-149.32151070207084
-0.6118846375875346	-144.64463436696738
-0.5390567377294192	-139.79111716046066
-0.4660008570206937	-134.75428753615824
-0.3926885601879112	-129.52722197013395
-0.3190866517370214	-124.10273544398453
-0.24515680388380862	-118.47337156846305
-0.17085510096294093	-112.6313923340658
-0.09613151254311925	-106.56876747452625
-0.02092930174743924	-100.27716342857505
0.054815631343963105	-93.74793188478824
0.13117547961059972	-86.97209789380545
0.20823135143378205	-79.94034753153616
0.2860742200245495	-72.64301509643258
0.3648060544562122	-65.07006982321204
0.44454121703365856	-57.21110209476987
0.5254082553083772	-49.05530913333112
0.6075522832503976	-40.5914801511704
0.6911382500587133	-31.807980940489927
0.7763555651473107	-22.69273788127566
0.8634248392615973	-13.233221345141317
0.9526080288511348	-3.4164284723562446
1.044224287655212	6.771134701622941
1.1386759489752403	17.343471794680397
1.2364939229546434	28.31511532713347
1.3384243615576998	39.70114669783851
1.4456164173421349	51.517216914775986
1.560113454914952	63.77956810861008
1.6866095700034902	76.5050558587921
1.8457391235599663	89.71117236289797
1.9283540994648296	93.37643333890634
1.935508434226806	93.37643333890634
1.9426627689887823	93.37643333890634
1.949817103750759	93.37643333890634
1.9569714385127355	93.37643333890634
1.964125773274712	93.37643333890634
1.9712801080366886	93.37643333890634
1.9784344427986649	93.37643333890634
1.9855887775606416	93.37643333890634
1.9927431123226182	93.37643333890634
1.9998974470845947	93.37643333890634
2.007051781846571	93.37643333890634
2.0142061166085474	93.37643333890634
2.021360451370524	93.37643333890634
2.0285147861325004	93.37643333890634
2.035669120894477	93.37643333890634
2.0428234556564533	93.37643333890634
2.04997779041843	93.37643333890634
2.0571321251804067	93.37643333890634
2.064286459942383	93.37643333890634
2.0714407947043596	93.37643333890634
2.078595129466336	93.37643333890634
2.085749464228313	93.37643333890634
2.092903798990289	93.37643333890634
2.1000581337522655	93.37643333890634
2.107212468514242	93.37643333890634
2.1143668032762184	93.37643333890634
2.121521138038195	93.37643333890634
2.1286754728001718	93.37643333890634
2.135829807562148	93.37643333890634
2.1429841423241247	93.37643333890634
2.150138477086101	93.37643333890634
2.1572928118480776	93.37643333890634
2.164447146610054	93.37643333890634
2.171601481372031	93.37643333890634
2.178755816134007	93.37643333890634
2.185910150895984	93.37643333890634
2.19306448565796	93.37643333890634
2.2842780218062826	97.04169285330278
2.3242877118565213	99.87046162556481
2.3580665947041743	102.72084604431836
2.3883649549677695	105.59301128254594
2.4164073350474373	108.48712377537538
2.4428602125788657	111.40335122972692
2.4681319053227946	114.34186263402881
2.492493145953734	117.30282826801238
2.516133943573214	120.28641971257639
2.5391935100096688	123.29280985973332
2.5617773355790496	126.32217292262447
2.5839675580777874	129.37468444561785
2.6058295789749337	132.45052131447892
2.627416459241554	135.54986176662214
2.6487719399673844	138.6728854014376
2.669932577982055	141.81977319069966
2.6909292931254476	144.99070748905433
2.711788513275575	148.1858720445842
2.7325330375914594	151.40545200945877
2.753182698086388	154.64963395066115
2.7737548741075964	157.91860586080145
2.7942648976995415	161.21255716900833
2.8147263767848663	164.53167875190803
2.835151455594384	167.87616294468307
2.855551026583302	171.24620355221987
2.875934904412723	174.64199586033726
2.896311969958977	178.0637366471047
2.9166902904146146	181.51162419424304
2.937077220149615	184.98585829861594
2.957479485962812	188.48664028380813
2.9779032595726123	192.0141730117889
2.998354219602409	195.56866089467138
3.0188376048602743	199.15030990655407
3.039358260359971	202.75932759545924
3.0599206772546723	206.3959230953576
3.080529027638143	210.0603071382899
3.101187194996197	213.75269206657475
3.1218988009541935	217.47329184511716
3.142667228856016	221.22232207380375
3.1634956446210083	224.99999999999983
50.00000000000001	89
-1.403158205104277	-187.68000000000163
-1.005643387810409	-168.04949674664377
-0.6746057420652033	-148.5630456717525
-0.3956343955046159	-129.58343451454655
-0.1558142421209923	-111.24002397615533
0.05403421901297224	-93.59920214374677
0.24023791037012598	-76.71312401669724
0.4071877402401606	-60.63037206780524
0.5579865988923429	-45.39518442799252
0.6948836064800744	-31.043914395252273
0.8195637622401991	-17.601725854354754
0.9333406897650403	-5.080541169930427
1.0372833997460857	6.521540142416029
1.132297658811418	17.219493040826876
1.2191762815572165	27.039599315741214
1.2986286584269728	36.01704040868606
1.3712970746901683	44.193235021732846
1.437765322867208	51.61326282221228
1.4985634848582567	58.32363795552709
1.5541714319141229	64.3705983684506
1.605022514557042	69.79897532360644
1.6515080831959785	74.65161743779345
1.6939828921747677	78.9692766009677
1.7327710803866585	82.79082454202455
1.768172255755513	86.15365756520913
1.8004671897627922	89.09415740021217
1.829922699191001	91.64810045483699
1.8567954097629544	93.85093865383806
1.8813342280877305	95.73790696514851
1.903781476274019	97.34394238990575
1.9243727607560968	98.70342517876446
1.9433357518135355	99.8497748275671
1.9608881413478367	100.8149505476332
1.9772351181445011	101.6289174535138
1.992566741926871	102.31914423323275
2.0070555982037614	102.9101942245656
2.0208550674201495	103.42345927194106
2.0340984461236276	103.87706589675258
2.0468990289675983	104.28595949546803
2.059351122447637	104.6621490041889
2.0715318412086754	105.01507614714495
2.0835034568466027	105.35206298853132
2.0953160370049946	105.67878980106133
2.107010126058783	105.99976091647028
2.1186192651390368	106.318726573356
2.1307266644127174	106.65452980621723
2.142801999872605	106.99555083343097
2.1548732285148318	107.34566009838989
2.166967907382561	107.70904356837855
2.1791140964559848	108.09031374912098
2.191340915746364	108.49456526337559
2.203678839774776	108.92739026536543
2.2161598051715274	109.39486698610784
2.2288171950583417	109.90353217073397
2.2416857503822905	110.46034558128218
2.2548014454674496	111.07265238989515
2.2682013538059054	111.74814731444326
2.2819235209347206	112.49484278559135
2.296006854148104	113.32104225647026
2.3104910335617888	114.23531892017809
2.3254164453760313	115.24649952410829
2.3408241357532034	116.36365260352312
2.3567557822399685	117.59608024743153
2.3732536788698653	118.95331241486053
2.3903607307762886	120.4451028058046
2.408120454170863	122.08142533382261
2.426576977781557	123.87247032887836
2.4457750422156033	125.8286397076385
2.4657599941573434	127.96054047621362
2.4865777727948033	130.27897607225583
2.5082748863683637	132.79493520604996
2.5308983772385107	135.51957802112605
2.554495774370599	138.46421956119673
2.579115032628749	141.64031069845885
2.604804458754371	145.0594168439224
2.6316126243716447	148.733194917679
2.659588266804202	152.67336919899287
2.688780178892446	156.89170679516275
2.719237089356021	161.3999935565302
2.7510075355352193	166.21001131573473
2.784139730554387	171.33351733693075
2.8186814270669127	176.78222682213567
2.854679779757886	182.56779923734427
2.8921812086949403	188.70182909412648
2.9312312654359687	195.19584166021576
2.971874503536662	202.06129388520657
3.0141543547710117	209.30958062712602
3.0581130120072277	216.95204606555063
3.1037913192974904	225.00000000000006
60.00000000000001	89
-1.4050704821138207	-187.68000000000004
-1.0063708050120421	-167.9834894397195
-0.6744115840869781	-148.42085323216867
-0.39468411930509867	-129.35776447835596
-0.15419394784418364	-110.92388704532766
0.0562882910617227	-93.18528179178722
0.2431207078313619	-76.19364322919819
0.410714115776007	-59.99709354198103
0.5621843787734196	-44.639441514029215
0.6997893077300396	-30.15664042942572
0.8252199856489569	-16.57347225171327
0.9397945925642053	-3.9014828808022344
1.044585864564693	7.861610420841828
1.1405029093105823	18.731180049493673
1.228341784484759	28.733928379910253
1.3088152113107516	37.90548751898859
1.3825690151644812	46.28776268667508
1.4501908145053677	53.92635960263436
1.5122148397423825	60.86835792734871
1.5691254264798518	67.1605946513755
1.621360646889093	72.84851969091596
1.669316710793927	77.97559633095511
1.7133531823200374	82.5831529828472
1.7537987028942672	86.7105552042953
1.7909567518788463	90.39555695901544
1.825110963022662	93.674701957227
1.8565295956471883	96.58367186110257
1.8854688881851498	99.1575106976776
1.9121751649290881	101.43068824141568
1.9368857042529652	103.43699573488095
1.95982849760106	105.20929310968751
1.9812211276861245	106.77914679664201
2.001269066968057	108.17641052507622
2.0201637378869366	109.42880749363513
2.038080678558451	110.56157044429165
2.0551781185364946	111.59718666797403
2.0715961918886814	112.55527914585849
2.0874569103622544	113.45263549109819
2.1028649057274778	114.3033765726882
2.1179088477225934	115.11924016718046
2.1326633693381356	115.90994426919559
2.1471912936267428	116.68359083188506
2.1615459556492613	117.44707312437822
2.175773441752337	118.20645683000873
2.1899146142736035	118.96731423110066
2.2021688353697675	119.63421495990838
2.2144093157944997	120.3097893859329
2.226658639733206	120.99762853398107
2.2389391601375	121.70145992845335
2.2512732985124524	122.42518534272313
2.2636837491366886	123.17290288130317
2.2761936065357196	123.94891687263663
2.2888264339244935	124.75773874007695
2.3016062883560537	125.60408158700989
2.314557715906535	126.49285075316487
2.3277057277174635	127.429132124555
2.3410757653212513	128.4181795416656
2.354693661522432	129.46540226713023
2.3685856012585935	130.5763531522325
2.3827780853370686	131.7567178810752
2.397297898724436	133.01230546787156
2.4121720841258893	134.3490400299748
2.4274279208938796	135.77295374963563
2.4430929088106996	137.2901808637389
2.459194755960563	138.90695247621335
2.4757613697091965	140.62959196651218
2.492820849713967	142.46451076452638
2.510401481870411	144.41820427335148
2.5285317321417313	146.4972477431004
2.547240239300396	148.70829192866813
2.5665558057228193	151.05805839977063
2.5865073855092313	153.55333441079
2.607124069343835	156.200967279356
2.628435065658939	159.0078582646907
2.6504696778162415	161.98095597819167
2.6732572771648413	165.12724939818912
2.696827271975055	168.45376059701368
2.7212090723771016	171.96753732021688
2.7464320515507716	175.6756455838447
2.7725255035139607	179.585162475039
2.7995185979422113	183.7031693531378
2.82744033251597	188.0367456522573
2.856319483335984	192.59296348186717
2.8861845539696005	197.37888320921002
2.9170637236913772	202.4015501871051
2.948984795461988	207.6679927636149
2.9819751441512325	213.1852216775037
3.0160616654571006	218.96023090691546
3.051270725906581	225.0
70.0	89
-1.4069769480829055	-187.68000000000103
-1.007097724053894	-167.91779332571906
-0.6742200023165132	-148.27916515237004
-0.3937386232094268	-129.13274152992832
-0.1525802481520732	-110.60851813613286
0.058534144877787186	-92.77224266544803
0.245993743795696	-75.67515773846327
0.4142291767728657	-59.36493222626348
0.566369187443539	-43.88495282621852
0.7046801708607818	-29.270781512498957
0.8308591695830455	-15.54682934881265
0.946228773703273	-2.724279905894605
1.051865270502627	9.199513728328895
1.1486808994705644	20.240298436763908
1.2374747083284547	30.425168276659235
1.318962441618971	39.790169918231584
1.3937930907266054	48.377650381073124
1.4625576457045182	56.23368657392206
1.5257939365042348	63.40585714081993
1.5839901054938383	69.9415186016729
1.6375881684575553	75.88664622802281
1.6869882891425423	81.285211024793
1.732553809878238	86.1789989345566
1.7746167311828558	90.60774203351775
1.8134831807618812	94.60942283118038
1.8494384072394006	98.22062601897812
1.8827509233077926	101.47683928828201
1.9136755600349935	104.41263853796312
1.942455343912131	107.0617269084945
1.9693222482764787	109.45682759410806
1.9944969879263446	111.62945494349958
2.0181881125602223	113.60960569629344
2.040590706216447	115.42542167551255
2.061885012878957	117.10287670021154
2.0822352821819767	118.66553434790745
2.101789067528196	120.13441078885677
2.120677121491306	121.52796047402961
2.139013934681765	122.86218490735263
2.1568988710331922	124.15084909275322
2.1744177795046946	125.40577893690835
2.1916449187411744	126.63720718283338
2.2086450192953646	127.85413530507623
2.225475323011415	129.06468308777505
2.2421874723620623	130.2764046128666
2.258829164025582	131.4965573296849
2.270713684000449	132.37839993538466
2.2826012785070144	133.27087153024212
2.294507725480552	134.17666401002288
2.306448701575904	135.09853162538377
2.318439876677705	136.03930275130074
2.330496982680699	137.00188736393125
2.3426358607210322	137.98928099683667
2.354872490866746	139.00456589989204
2.367223007957733	140.0509100538128
2.379703706879146	141.13156461083616
2.3923310401031266	142.2498602453001
2.4051216098765655	143.4092028122921
2.4180921569919285	144.61306863205095
2.4312595476706673	145.8649996448206
2.4446407597235047	147.16859861668792
2.458252868834248	148.5275245220721
2.4721130355440226	149.94548818286
2.4862384932895822	151.4262482072087
2.500646537669322	152.97360724202883
2.5153545169695843	154.59140853129043
2.5303798238770714	156.28353275661692
2.5457398882262052	158.05389512634122
2.561452170578319	159.90644267338212
2.5775341563987424	161.84515172024493
2.5940033505840647	163.87402547042717
2.6108772720920643	165.99709168889615
2.628173448437655	168.2184004395487
2.6459094098376665	170.54202185415136
2.6641026828125343	172.9720439147565
2.6827707830827205	175.51257023960125
2.701931207629839	178.16771787064852
2.7216014258259604	180.9416150689346
2.7417988695679942	183.83839913142242
2.762540922386542	186.86221424991766
2.783844907529278	190.01720943852354
2.80572807504693	193.30753656095453
2.8282075879348905	196.7373484926186
2.8513005074048077	200.31079745464694
2.875023777377819	204.03203355791203
2.8993942083043156	207.9052035945541
2.9244284604241866	211.93445011264225
2.9501430265861766	216.12391080643937
2.9765542147459247	220.47771825043134
3.0036781302593156	225.00000000000006
80.0	89
-1.408877677741417	-187.68000000000177
-1.007824188611401	-167.8524076551456
-0.6740310025352283	-148.13797936849224
-0.3927978825940245	-128.90836235286577
-0.15097309291130842	-110.29391276551758
0.06077185498547442	-92.36007907720958
0.24885711900361093	-75.15766044454534
0.41773305453334436	-58.73387918249969
0.5705411938222569	-43.13170686907665
0.7095564129145623	-28.386322463073213
0.8364815944537768	-14.521776569305132
0.9526435988702706	-1.5489037386788027
1.059122099820741	10.535290211183167
1.1568322726130065	21.746905360512812
1.2465759204039022	32.11340088581272
1.3290715292340793	41.67120518455482
1.4049709177962104	50.4630668793838
1.4748680418718396	58.535485402249435
1.539303847765983	65.93648024543552
1.5987697152847924	72.71385916690843
1.6537109426849612	78.91404426280235
1.7045308945568431	84.58142638121114
1.7515958548654809	89.75815408771916
1.7952402836515593	94.4842282496275
1.8357720304129117	98.79776592132322
1.873477059492675	102.73531165793378
1.9086233390455645	106.33210267358447
1.941463687576932	109.62222860268929
1.972237524288984	112.63866078639421
2.001171607271757	115.41315573473639
2.028479952465248	117.97606019303055
2.0543631984200372	120.35605983415417
2.0790077136427034	122.57991968854856
2.102584734771376	124.67226246638029
2.1252497790667824	126.6554221653737
2.147142502373389	128.54939682149876
2.1683870865292603	130.37190857079685
2.18909315298808	132.13856414198523
2.2093571259738254	133.8630968967633
2.229263918593608	135.5576641071679
2.248888792896121	137.23317072308413
2.2682992478992836	138.89959282848764
2.287556811826339	140.5662790195023
2.3067186479496202	142.24221452843415
2.325838919631692	143.93623968026145
2.336921778996839	144.92978583139183
2.3480182429110528	145.93412879031735
2.359138229463791	146.95103764885476
2.3702916185526774	147.98230930082593
2.3814882791780256	149.02977167939832
2.392738090258969	150.09528589786942
2.4040509558338354	151.1807474527883
2.4154368154809855	152.288086641211
2.426905650749255	153.41926833352665
2.4384674883254664	154.5762912307573
2.450132400595863	155.7611867214634
2.461910504182921	156.97601743914316
2.4738119569626997	158.2228756068667
2.4858469539932395	159.5038812423179
2.498025722713438	160.82118028369655
2.510358517706067	162.1769426853138
2.522855615258581	163.57336052129455
2.535527307901878	165.01264612663243
2.548383899060291	166.4970302969473
2.561435697905602	168.02876056160733
2.5746930144737243	169.61009953935633
2.5881661550742328	171.24332338112714
2.6018654179999694	172.9307203012412
2.6158010895257986	174.67458919559107
2.629983440171741	176.47723834355503
2.6444227211957325	178.3409841892282
2.6591291612746293	180.26815019695692
2.6741129633281333	182.26106577602235
2.6893843014390515	184.32206526960016
2.7049533178235516	186.45348700366998
2.720830119807466	188.65767239235834
2.737024776767906	190.93696509714437
2.753547317003735	193.29371023841378
2.7704077245035332	195.7302536589408
2.787615935584923	198.24894123995244
2.8051818353847513	200.8521182714652
2.8231152541852134	203.54212887951513
2.8414259635663965	206.32131551371464
2.8601236723808254	209.1920184992323
2.8792180225503645	212.1565756577835
2.898718584690026	215.21732200253405
2.9186348535668913	218.3765895119405
2.938976243405504	221.63670698748354
2.959752083053367	225.00000000000006
90.00000000000001	89
-1.4107727448015612	-187.68000000000018
-1.0085502394209453	-167.7873315707556
-0.6738445873233577	-147.99729365596716
-0.3918618697011116	-128.6846234304463
-0.14937242891015012	-109.98006620871726
0.06300149899797725	-91.94878504947329
0.2517109373437688	-74.64114390064174
0.42122588357569113	-58.10392506118393
0.5747005700593508	-42.379691666814864
0.7144182540297425	-27.50324755355416
0.8420875433273722	-13.498292742857927
0.9590394353937154	-0.3753252770022186
1.0663568343863845	11.868980516717613
1.1649576678724407	23.25105820216595
1.2556462770765775	33.798707704811704
1.3391436314066996	43.54870933994488
1.4161040704665901	52.54417727313472
1.487124153541583	60.83199038326654
1.552747518424534	68.46055833073547
1.6134682899977215	75.47808161418027
1.6697344879031135	81.93136326331495
1.7219520522698222	87.86514206453182
1.7704895318635219	93.32185397349178
1.8156831412638057	98.34169441250538
1.857841754849972	102.96284794642429
1.8972514140183185	107.2217672907621
1.934179025340196	111.15341259143008
1.9688750724642314	114.79139647149492
2.001575315939096	118.16801406861572
2.0325015875081243	121.31416580531732
2.0618618839075133	124.25920142046999
2.089850022615764	127.0307257962798
2.116645136909817	129.65441043089896
2.142411263326928	132.15385005968528
2.1672972189763104	134.55049374663741
2.1914368906228874	136.86366618092126
2.2149499758103204	139.11068060421394
2.2379431419919857	141.307032233837
2.2605115132933453	143.46665204023134
2.282740361913149	145.60219613934572
2.3047068726935094	147.7253457465751
2.3264818609923523	149.84709572526202
2.348131348994653	151.97801496729704
2.3697179367450145	154.12846785310245
2.3913019352566542	156.30879178055108
2.401223508774225	157.3223385206673
2.411162589538316	158.34539702852044
2.4211247894630126	159.37900007147772
2.4311157075372622	160.42419178263611
2.441140936705495	161.48202839841065
2.4512060692977937	162.55357874782464
2.461316701164905	163.63992452210232
2.4714784346698617	164.74216035226914
2.481696880681985	165.8613937211946
2.4919776597111833	166.99874473492775
2.5023264023113287	168.1553457764012
2.512748748871316	169.33234106266593
2.52325034890197	170.53088612485266
2.533836859915927	171.75214722806902
2.5445139459871133	172.99730074650688
2.5552872760657728	174.26753250714654
2.5661625221150928	175.56403711368648
2.577145357125849	176.88801726065054
2.5882414530568822	178.24068304610398
2.5994564787408216	179.62325129001232
2.610796097787278	181.03694486402435
2.62226596650899	182.482992037345
2.63387173189053	183.96262584238883
2.645619029613934	185.4770834630587
2.6575134821511748	187.02760564776872
2.6695606969295143	188.615436148733
2.6817662645725098	190.24182118853253
2.6941357572168045	191.9080089545791
2.7066747269026528	193.61524912177782
2.7193887040343507	195.3647924034516
2.732283195905613	197.15789013042274
2.745363685283809	198.9957938580382
2.758635629046562	200.8797550008577
2.7721044568637434	202.81102449470637
2.7857755699179214	204.7908524858032
2.7996543396563194	206.82048804670728
2.813746106567727	208.90117891888355
2.8280561789780787	211.0341712817446
2.8425898318590264	213.2207095481004
2.8573523056442918	215.4620361860117
2.8723488050492523	217.75939156711235
2.8875844978897987	220.1140138415164
2.9030645138971596	222.52713883947877
2.918793943525956	225.0000000000001
