# Table format: T1D
# table_unit = barA
# axis1_unit = kJ/kg
# axis2_unit = degC
# This file was automatically generated by generate_data_files.py
-180	119
-86.01682592292504	799.9999999999992
-129.87494960848338	432.148429097684
-153.63848063135092	233.44033096449445
-166.4880842570943	126.1010903929373
-173.43105381594077	68.11798515101594
-177.1816856808437	36.796350345388674
-179.2076956047011	19.87685624785962
-180.30209753955825	10.737190253641286
-180.89327014202175	5.800074876292542
-181.21261054712525	3.13311655804846
-181.38511284290604	1.6924642484257297
-181.4782958552273	0.9142447078264637
-181.52863190159317	0.4938617678725955
-181.55582268544924	0.2667769839719343
-181.570510747628	0.14410906817861166
-181.578445024632	0.07784563429014754
-181.58273100579265	0.04205108571325004
-181.5850462306898	0.02271538829104132
-181.58629688163768	0.01227052420789678
-181.58697246518875	0.006628359700809628
-181.58733740563596	0.003580544040249091
-181.58753454120225	0.0019341581028858978
-181.5876410309712	0.001044804232235871
-181.58769855521228	0.0005643881345941789
-181.5877296289563	0.00030487430720780754
-181.58774641456358	0.0001646886911651233
-181.58775548190147	8.896244897145219e-05
-181.5877603799386	4.805622821461997e-05
-181.58776302579255	2.5959279414134703e-05
-181.58776445504466	1.4022827274157663e-05
-181.58776522710943	7.574928472544249e-06
-181.5877656441655	4.091866799921649e-06
-181.58776586943992	2.210367262078879e-06
-181.58776599115492	1.1940084250454218e-06
-181.58776605688274	6.449860815159719e-07
-181.5877660923948	3.484121523962479e-07
-181.58776611156912	1.8820720542072626e-07
-181.58776612193518	1.0166681020929007e-07
-181.58776612755145	5.491894040414641e-08
-181.58776613055724	2.9666417279201425e-08
-181.5878614457152	2.9487041558873805e-08
-181.58786134729323	2.9487041558873805e-08
-181.58786117343308	2.9487041558873805e-08
-181.58786086631326	2.9487041558873805e-08
-181.58786032379345	2.9487041558873805e-08
-181.587859365445	2.9487041558873805e-08
-181.5878576725452	2.9487041558873805e-08
-181.58785468207776	2.9487041558873805e-08
-181.5878493994879	2.9487041558873805e-08
-181.58784006791808	2.9487041558873805e-08
-181.587823583921	2.9487041558873805e-08
-181.58779446533063	2.9487041558873805e-08
-181.5877430280306	2.9487041558873805e-08
-181.58765216525853	2.9487041558873805e-08
-181.58749165832418	2.9487041558873805e-08
-181.58720812662688	2.9487041558873805e-08
-181.58670727460023	2.9487041558873805e-08
-181.58582253135984	2.9487041558873805e-08
-181.5842596533844	2.9487041558873805e-08
-181.581498866464	2.9487041558873805e-08
-181.57662200176944	2.9487041558873805e-08
-181.56800713581492	2.9487041558873805e-08
-181.55278917918434	2.9487041558873805e-08
-181.52590701929557	2.9487041558873805e-08
-181.47842032066524	2.9487041558873805e-08
-181.3945361924501	2.9487041558873805e-08
-181.2463568670944	2.9487041558873805e-08
-180.98460159908282	2.9487041558873805e-08
-180.52221711887722	2.9487041558873805e-08
-179.70542588804892	2.9487041558873805e-08
-178.26258352780914	2.9487041558873805e-08
-175.71383667802843	2.9487041558873805e-08
-171.21153574531388	2.9487041558873805e-08
-163.25832780296162	2.9487041558873805e-08
-149.20917437683565	2.9487041558873805e-08
-124.3916776608568	2.9487041558873805e-08
-80.55215761530924	2.9487041558873805e-08
-3.110683971976716	2.9487041558873805e-08
133.68784470306755	2.9487041558873805e-08
373.2705822965818	2.9078963471692528e-08
373.27058248057193	2.7041541273132703e-08
373.2705826516711	2.5146871384820325e-08
373.2705828107815	2.3384951843443375e-08
373.2705829587446	2.1746481474839457e-08
373.2705830963398	2.0222810793092543e-08
373.27058322429525	1.8805896339892345e-08
373.2705833432848	1.7488258223113852e-08
373.2705834539377	1.626294063046294e-08
373.2705835568376	1.512347510973965e-08
373.2705836525277	1.4063846421875797e-08
373.27058374151306	1.3078460786484795e-08
373.2705838242639	1.2162116352292096e-08
373.27058390121675	1.1309975736559723e-08
373.2705839727781	1.0517540488540262e-08
373.2705840393254	9.780627342153055e-09
373.27058410121	9.09534613252046e-09
373.27058415875837	8.458079259785404e-09
373.270584212275	7.865462591799948e-09
373.2705842620416	7.3143677048699125e-09
373.27058430832153	6.801885368804602e-09
373.27058435135876	6.325310189089122e-09
373.2705843913809	5.882126325105379e-09
373.2705844285987	5.469994209008146e-09
373.27058446320876	5.086738195145213e-09
373.27058449539396	4.730335074822859e-09
373.2705845253236	4.3989033957861526e-09
373.27058455315665	4.090693530031498e-09
373.27058457903996	3.804078437519535e-09
373.2705846031091	3.5375450770299146e-09
373.27058462549206	3.289686418815948e-09
373.27058464630676	3.059194016893818e-09
373.270584665663	2.8448511017555847e-09
373.27058468366306	2.645526157042316e-09
373.27058470040214	2.46016694626867e-09
373.27058471596825	2.2877949580659138e-09
373.2705847304438	2.1275002406199427e-09
373.27058474390475	1.9784365980351584e-09
373.27058475642326	1.8398171232659144e-09
373.27058476806394	1.7109100440338286e-09
-160	119
-47.44553740592461	799.9999999999992
-83.54031125298562	497.4798340550573
-105.99433217575468	309.3577316143084
-119.95049825546046	192.37404123391903
-128.62290094221345	119.62775763693818
-134.0123204886061	74.39049627200335
-137.3620627963929	46.25971467583686
-139.44437283644797	28.76659397546205
-140.7389550498752	17.888500496552574
-141.54386878347768	11.123960323148472
-142.04435577962394	6.917432419493673
-142.35556446825188	4.301603915170979
-142.5490820855362	2.6749515023622976
-142.66941807980717	1.6634180368756541
-142.74424786860516	1.034396161186361
-142.79078032142957	0.6432390382677234
-142.81971634876518	0.3999980625189525
-142.83771014603758	0.24873871220534052
-142.84889955985423	0.1546781165887267
-142.85585768474732	0.0961865547156358
-142.86018458947237	0.05981358909782768
-142.86287527281894	0.03719506797328084
-142.86454847314167	0.02312974530376789
-142.86558895219173	0.014383227319317727
-142.86623597379057	0.008944206924987914
-142.86663832400396	0.005561953220996348
-142.86688852538646	0.003458699456754071
-142.86704411305848	0.0021507915397404134
-142.8671408652218	0.0013374692728463514
-142.86720103052954	0.0008317049898866756
-142.8672384443131	0.0005171955754394827
-142.86726171007112	0.000321617961304555
-142.86727617787852	0.00019999806252364466
-142.86728517467714	0.00012436875369449454
-142.8672907693366	7.733868368696408e-05
-142.86729424837193	4.809304440828437e-05
-142.86729641181498	2.9906649689294684e-05
-142.86729775714426	1.8597443905716332e-05
-142.86729859373887	1.1564816635080008e-05
-142.86729911397757	7.191578825620941e-06
-142.86728103352323	7.11306332857603e-06
-142.86725992939444	7.11306332857603e-06
-142.86722740705636	7.11306332857603e-06
-142.86717728878418	7.11306332857603e-06
-142.86710005444746	7.11306332857603e-06
-142.86698103313043	7.11306332857603e-06
-142.86679761634304	7.11306332857603e-06
-142.86651496346437	7.11306332857603e-06
-142.866079383652	7.11306332857603e-06
-142.8654081370903	7.11306332857603e-06
-142.86437371829103	7.11306332857603e-06
-142.86277963600668	7.11306332857603e-06
-142.86032308907335	7.11306332857603e-06
-142.85653744833513	7.11306332857603e-06
-142.85070361890382	7.11306332857603e-06
-142.841713445724	7.11306332857603e-06
-142.8278592158814	7.11306332857603e-06
-142.80650927292797	7.11306332857603e-06
-142.77360812509852	7.11306332857603e-06
-142.7229060913339	7.11306332857603e-06
-142.64477215384355	7.11306332857603e-06
-142.5243645146532	7.11306332857603e-06
-142.33881134734764	7.11306332857603e-06
-142.0528662185449	7.11306332857603e-06
-141.61221291214562	7.11306332857603e-06
-140.93314788574145	7.11306332857603e-06
-139.886680507899	7.11306332857603e-06
-138.2740308641861	7.11306332857603e-06
-135.78887085974418	7.11306332857603e-06
-131.95913619186035	7.11306332857603e-06
-126.05735618567331	7.11306332857603e-06
-116.96246835087821	7.11306332857603e-06
-102.94686888075434	7.11306332857603e-06
-81.3482486365978	7.11306332857603e-06
-48.063878785297675	7.11306332857603e-06
3.228716013569583	7.11306332857603e-06
82.2727325581098	7.11306332857603e-06
204.08284132709758	7.11306332857603e-06
391.79727243715803	7.11306332857603e-06
392.29983555151347	7.049171324123497e-06
392.29990078716446	5.694400948968711e-06
392.2999534851901	4.600001996922336e-06
392.29999605520595	3.7159340484307973e-06
392.30003044371665	3.001773882169127e-06
392.3000582231267	2.4248671591676446e-06
392.30008066363655	1.9588353321805837e-06
392.3000987913276	1.582369510054362e-06
392.30011343507647	1.2782561276155548e-06
392.3001252644603	1.0325898707000358e-06
392.30013482036895	8.341378680196693e-07
392.3001425397386	6.738260781046563e-07
392.3001487755332	5.443243868209033e-07
392.30015381287774	4.3971144441508824e-07
392.30015788210187	3.552039170591471e-07
392.3001611692675	2.869377731616577e-07
392.300163824677	2.3179160395706216e-07
392.30016596974673	1.8724389986367562e-07
392.30016770255844	1.512577566987839e-07
392.30016910234343	1.2218774004496635e-07
392.300170233106	9.870464922356157e-08
392.3001711465486	7.973474077481876e-08
392.300171884438	6.441063249237434e-08
392.3001724805134	5.2031643142657866e-08
392.30017296202976	4.203175443814219e-08
392.30017335100433	3.395373035413307e-08
392.30017366522264	2.742821041785987e-08
392.3001739190516	2.215682102908675e-08
392.3001741240972	1.7898532592389456e-08
392.30017428973565	1.445863865309343e-08
392.3001744235403	1.1679853117658249e-08
392.30017453162895	9.435118486821317e-09
392.3001746189445	7.62179626435283e-09
392.3001746894791	6.1569739030244785e-09
392.3001747464576	4.973673702067049e-09
392.30017479248556	4.017790311321861e-09
392.30017482966747	3.2456168121851265e-09
392.30017485970296	2.6218462575945194e-09
392.30017488396646	2.117957293250022e-09
392.3001749035666	1.7109100440338286e-09
-140	120
-8.87081308682305	799.9999999999992
-38.96048473252231	547.0511764986104
-59.50152737167082	374.0812371356412
-73.5183214203714	255.80197610138543
-83.08341724203956	174.92096497116492
-89.61243363725531	119.6133996021851
-94.07063062574304	81.79331372171698
-97.11585304758631	55.931410626481565
-99.19652900406737	38.24667998305449
-100.61849305525493	26.153614102369737
-101.590449519007	17.884206705489998
-102.25489423227822	12.22947039872829
-102.70915922915242	8.362682711974044
-103.01974867846955	5.718519270337483
-103.23211368047927	3.910403368335115
-103.37732224572979	2.6739884540398147
-103.47661339103313	1.8285106621577276
-103.54450795389275	1.2503611362170441
-103.5909342164796	0.8550144132695907
-103.62268068091151	0.5846708008779978
-103.64438914036074	0.39980606185586715
-103.6592335869435	0.2733929706369102
-103.66938437954008	0.18694993279171454
-103.67632561117395	0.12783897585005433
-103.68107211197702	0.087418077676437
-103.68431783068601	0.05977770280017706
-103.68653729622521	0.040876828306526454
-103.68805499670289	0.02795214627077122
-103.68909282100593	0.019114068128858283
-103.68980249952699	0.013070466821958133
-103.69028778750439	0.008937767815422803
-103.69061963415628	0.00611177049837308
-103.69084655550765	0.004179314052030611
-103.691001727485	0.0028578733364006473
-103.69110783624768	0.0019542537137024773
-103.69118039489696	0.0013363459915721448
-103.69123001151544	0.000913812058623429
-103.69126394005312	0.0006248774522107054
-103.69128714086038	0.0004272999317491504
-103.6913030058944	0.0002921936629764355
-103.69130400933496	0.00028927746505803413
-103.69095105508039	0.00028927746505803413
-103.69045472676687	0.00028927746505803413
-103.68975678421022	0.00028927746505803413
-103.6887753293967	0.00028927746505803413
-103.68739519640184	0.00028927746505803413
-103.6854544375841	0.00028927746505803413
-103.68272532031597	0.00028927746505803413
-103.67888760436944	0.00028927746505803413
-103.67349096426962	0.00028927746505803413
-103.6659021471782	0.00028927746505803413
-103.6552306657043	0.00028927746505803413
-103.64022430628403	0.00028927746505803413
-103.61912219186809	0.00028927746505803413
-103.58944815699043	0.00028927746505803413
-103.54772018942452	0.00028927746505803413
-103.48904184371389	0.00028927746505803413
-103.406527682201	0.00028927746505803413
-103.29049532362446	0.00028927746505803413
-103.12732929260646	0.00028927746505803413
-102.89788335179504	0.00028927746505803413
-102.57523384303155	0.00028927746505803413
-102.12152040997992	0.00028927746505803413
-101.48350338611888	0.00028927746505803413
-100.586316542876	0.00028927746505803413
-99.32468213253236	0.00028927746505803413
-97.55055738098127	0.00028927746505803413
-95.05576284441752	0.00028927746505803413
-91.54755420563555	0.00028927746505803413
-86.61427105431984	0.00028927746505803413
-79.67703180862179	0.00028927746505803413
-69.92180656086396	0.00028927746505803413
-56.20389713551063	0.00028927746505803413
-36.91361585313333	0.00028927746505803413
-9.787401470532386	0.00028927746505803413
28.357791746688946	0.00028927746505803413
81.99799915109625	0.00028927746505803413
157.42747289901885	0.00028927746505803413
263.49726243195636	0.00028927746505803413
412.65381480511246	0.00028927746505803413
412.6910789074134	0.00028640764984818955
412.6932498342694	0.00021039824613092972
412.6948445551918	0.00015456089248466382
412.6960160192564	0.00011354215125343667
412.6968765705455	8.340932757319237e-05
412.69750873071087	6.127342004189418e-05
412.6979731169968	4.501213608676865e-05
412.69831425730524	3.3066415971370465e-05
412.69856486113935	2.4290957067312032e-05
412.6987489566233	1.7844407321219e-05
412.6988841947386	1.3108700153855656e-05
412.698983541906	9.629796979547794e-06
412.69905652330266	7.074156001656071e-06
412.6991101361738	5.19675370540539e-06
412.6991495207447	3.817593090726642e-06
412.69917845306765	2.804446358734429e-06
412.6991997070615	2.0601774972098433e-06
412.69921532047584	1.5134293108480642e-06
412.6992267902603	1.1117820100627703e-06
412.69923521608996	8.167274342047574e-07
412.6992414057967	5.999770600218889e-07
412.69924595282384	4.4074982359691637e-07
412.69924929312026	3.237797241674968e-07
412.69925174693924	2.3785218772510424e-07
412.6992535495418	1.7472886343047158e-07
412.69925487375366	1.283577670977293e-07
412.69925584653384	9.429304380996575e-08
412.6992565611497	6.926871908093028e-08
412.6992570861142	5.088557171600956e-08
412.6992574717589	3.738110713206468e-08
412.69925775505766	2.746057719892469e-08
412.6992579631723	2.0172845534884304e-08
412.6992581160549	1.4819196771662786e-08
412.6992582283653	1.0886346825860424e-08
412.69925831086874	7.99723149904729e-09
412.6992583714775	5.874855235865515e-09
412.6992584160014	4.315734019515149e-09
412.6992584487089	3.1703862273052877e-09
412.69925847273595	2.329000996084614e-09
412.69925849038657	1.7109100440338286e-09
-120	120
29.911644480438177	799.9999999999992
4.510161189742081	585.3893728636401
-14.012163774982175	428.3508973271093
-27.514570433819767	313.4400789398678
-37.358510944797096	229.35561405117485
-44.5377126151699	167.8279238402162
-49.77597330471859	122.80585385728874
-53.599951927497756	89.8615522168777
-56.3928088715931	65.7549971209894
-58.43342303344876	48.11534565913318
-59.924917694971626	35.20776502564665
-61.01535730917205	25.76281436036719
-61.81275440144304	18.851597177022217
-62.39595661189313	13.794405811168792
-62.82255366340291	10.093873208533342
-63.1346273888684	7.386057634135547
-63.36293841229851	5.40464955797666
-63.52997786054589	3.9547805191146375
-63.65219379565338	2.8938581098723364
-63.741616721486594	2.1175422301181595
-63.80704702415391	1.549483397626436
-63.85492277567491	1.1338138929989532
-63.889954146981324	0.8296532547084281
-63.91558731208603	0.6070877480850564
-63.93434373180851	0.4442283951558895
-63.94806832761222	0.32505822706066023
-63.95811102980414	0.23785703960400933
-63.96545959634994	0.17404872905624147
-63.97083678692041	0.12735784543743386
-63.97477146110757	0.09319241158735501
-63.97765059939873	0.06819230921846516
-63.979757366701726	0.04989881640940115
-63.98129896360202	0.036512796055671606
-63.98242700553973	0.02671775348065956
-63.98325243464271	0.019550361192960854
-63.98385643110729	0.01430571709750629
-63.98429839732024	0.010468018450092355
-63.984621800135784	0.0076598334445307425
-63.98485844580057	0.005604981370417249
-63.985031608096335	0.004101370661676186
-63.98504015442715	0.004060286851870218
-63.98168761965221	0.004060286851870218
-63.9772696281263	0.004060286851870218
-63.97144757095659	0.004060286851870218
-63.963775227203	0.004060286851870218
-63.95366456408901	0.004060286851870218
-63.940340668303364	0.004060286851870218
-63.922782354184356	0.004060286851870218
-63.899643896809614	0.004060286851870218
-63.86915189136683	0.004060286851870218
-63.828969333780364	0.004060286851870218
-63.77601650530145	0.004060286851870218
-63.70623493308861	0.004060286851870218
-63.61427633596785	0.004060286851870218
-63.49309271518865	0.004060286851870218
-63.33339617343004	0.004060286851870218
-63.122947060871155	0.004060286851870218
-62.84561588958148	0.004060286851870218
-62.48014711837255	0.004060286851870218
-61.998530060658375	0.004060286851870218
-61.36385205653239	0.004060286851870218
-60.52746936935518	0.004060286851870218
-59.4252789753883	0.004060286851870218
-57.97280550459838	0.004060286851870218
-56.058726780181615	0.004060286851870218
-53.536341733608324	0.004060286851870218
-50.212326769116615	0.004060286851870218
-45.83191882974386	0.004060286851870218
-40.05938954804907	0.004060286851870218
-32.452313958464764	0.004060286851870218
-22.42766164372427	0.004060286851870218
-9.217111433203335	0.004060286851870218
8.191835170169659	0.004060286851870218
31.13345508829564	0.004060286851870218
61.36606688605837	0.004060286851870218
101.20679388686045	0.004060286851870218
153.7091558584418	0.004060286851870218
222.89710045943863	0.004060286851870218
314.073411359542	0.004060286851870218
434.2261304104342	0.004060286851870218
434.27734049901215	0.004020155401048933
434.3004891076955	0.0027598372063972797
434.31637441140936	0.0018946286016275375
434.32727674625335	0.0013006627817700326
434.3347598214141	0.0008929051690809067
434.33989630381484	0.0006129795148642675
434.34342219356625	0.00042081051678757414
434.34584257311695	0.0002888864745802092
434.34750409603436	0.00019832060242332378
434.34864469970796	0.00013614711939249953
434.3494277091867	9.346501519448586e-05
434.34996523818404	6.416374510371552e-05
434.3503342485586	4.404841937026148e-05
434.3505875726487	3.023924563446461e-05
434.3507614789259	2.075924606636022e-05
434.3508808652565	1.4251225128199936e-05
434.35096282382284	9.783467906560988e-06
434.35101908831166	6.716351992033861e-06
434.3510577138538	4.610776517255806e-06
434.35108423027594	3.165298679594638e-06
434.35110243379523	2.172977955784038e-06
434.35111493050937	1.491749649650145e-06
434.35112350950396	1.024086328767385e-06
434.3511293989834	7.030353980738116e-07
434.35113344211203	4.826338923396286e-07
434.35113621771967	3.313282299484498e-07
434.35113812317513	2.274568730111527e-07
434.3511394312702	1.5614917294569518e-07
434.35114032927754	1.071964275637828e-07
434.3511409457595	7.359036148359023e-08
434.35114136897477	5.0519792742749545e-08
434.351141659512	3.468184429749674e-08
434.3511418589657	2.380909062712717e-08
434.3511419958911	1.634494381637223e-08
434.3511420898904	1.1220806058673092e-08
434.35114215442036	7.703084820654938e-09
434.3511421987204	5.288168732614327e-09
434.35114222913256	3.6303285236605077e-09
434.35114225001047	2.49222100429983e-09
434.351142264343	1.7109100440338286e-09
-100	120
69.09924325878644	799.9999999999992
47.41287284407165	615.5910079981483
30.81211371625167	473.69036141022076
18.108382311050153	364.49940882440785
8.38666952176291	280.4781981161832
0.9448699806155564	215.82482087480713
-4.754357816235406	166.07477379167807
-9.121532213058192	127.79267175185457
-12.469994221420817	98.33502452312588
-15.038867783884234	75.66769608464233
-17.01070568575626	58.2254416320533
-18.52497307639635	44.80382288176634
-19.68831280016108	34.476038112446325
-20.58234677687087	26.528923816779336
-21.26960291368733	20.41370869184661
-21.798020861493242	15.708119388243034
-22.20438152933866	12.087221309954765
-22.51692123095516	9.3009809376147
-22.757327286675373	7.15700028844725
-22.942263564254063	5.507231277260366
-23.0845381247264	4.237752566559559
-23.193997881591297	3.260902967618927
-23.27821469883222	2.5092281810258625
-23.34301192515327	1.9308228815688402
-23.392868707284833	1.4857465049135659
-23.431230595614107	1.1432652357368358
-23.460748247454273	0.8797297485956032
-23.483460925035914	0.6769421533799068
-23.500937587099006	0.5208993781944679
-23.5143853930042	0.4008262166104268
-23.524733157239464	0.3084312683941212
-23.532695544080237	0.23733439426110625
-23.538822451187123	0.18262614874478092
-23.543537001764967	0.14052876874077444
-23.547164774372405	0.1081353080023401
-23.549956292145215	0.08320890406668854
-23.55210432630612	0.0640283164110427
-23.55375721007605	0.04926906979987282
-23.555029082966822	0.03791199542654358
-23.55600777332634	0.029172854349808968
-23.556038296446147	0.028900300281023198
-23.53908436332798	0.02888552126134487
-23.517795299008245	0.02888552126134487
-23.491055867532292	0.02888552126134487
-23.457470681029093	0.02888552126134487
-23.415287108297953	0.02888552126134487
-23.3623038143629	0.02888552126134487
-23.295755884577506	0.02888552126134487
-23.212170538522017	0.02888552126134487
-23.107185904172802	0.02888552126134487
-22.975323395137785	0.02888552126134487
-22.809701812543388	0.02888552126134487
-22.60167825208021	0.02888552126134487
-22.3403970770672	0.02888552126134487
-22.012223420851647	0.02888552126134487
-21.600031656065987	0.02888552126134487
-21.082311699758705	0.02888552126134487
-20.432046517245432	0.02888552126134487
-19.61530224761166	0.02888552126134487
-18.58945737705997	0.02888552126134487
-17.300978550132786	0.02888552126134487
-15.68262695029799	0.02888552126134487
-13.64994946584612	0.02888552126134487
-11.096871533819863	0.02888552126134487
-7.8901616760791535	0.02888552126134487
-3.862478861254002	0.02888552126134487
1.1963601283972907	0.02888552126134487
7.550349034628267	0.02888552126134487
15.531068544202753	0.02888552126134487
25.554989710959056	0.02888552126134487
38.145207351962355	0.02888552126134487
53.95873756741645	0.02888552126134487
73.82080389585485	0.02888552126134487
98.7679013156168	0.02888552126134487
130.1018853724521	0.02888552126134487
169.4579090554423	0.02888552126134487
218.88975268332558	0.02888552126134487
280.9769997114752	0.02888552126134487
358.9596513914957	0.02888552126134487
456.88553440687707	0.028884134440915026
456.88918530556265	0.028595174065654323
457.01446743655384	0.0186674903326484
457.09609718023074	0.012186503726797564
457.14932011535114	0.007955588589405269
457.1840368067284	0.005193564226686321
457.20668851251224	0.003390460564116766
457.2214708692428	0.0022133591374040498
457.23111890092	0.0014449242450947704
457.2374163963352	0.0009432748796977356
457.2415271291118	0.0006157883374781485
457.2442105274688	0.00040199870126469674
457.2459622306891	0.0002624326346944454
457.24710574628403	0.00017132116978487447
457.2478522426402	0.0001118418189514867
457.2483395645394	7.301253243883399e-05
457.2486576954613	4.7664012827296005e-05
457.24886537655505	3.111600218365093e-05
457.24900095441495	2.0313136357216236e-05
457.2490894621173	1.3260813719947035e-05
457.2491472416028	8.656919218319788e-06
457.2491849611502	5.651406613139114e-06
457.2492095851966	3.6893490515014123e-06
457.24922566025054	2.408479402662181e-06
457.24923615435824	1.5723025802308652e-06
457.24924300511674	1.0264299545464636e-06
457.24924747742585	6.700736008685801e-07
457.2492503970365	4.374371856473924e-07
457.2492523030154	2.855675721877014e-07
457.24925354727594	1.8642411061713548e-07
457.2492543595538	1.2170131486969557e-07
457.24925488982467	7.944900470213849e-08
457.2492552359954	5.18658681290238e-08
457.2492554619828	3.385905571583429e-08
457.2492556095117	2.2103855489626532e-08
457.24925570582167	1.442983028253227e-08
457.2492557686946	9.420076152796247e-09
457.24925580973917	6.14961042417112e-09
457.2492558365339	4.014586268270078e-09
457.24925585402656	2.620800635115828e-09
457.24925586544526	1.7109100440338257e-09
-80	120
108.88161986675695	799.9999999999992
90.18902927087595	639.8116548454781
75.34245620761914	511.69869209513695
63.55601754534988	409.23848371457075
54.20050988343643	327.2944393648425
46.77376995202956	261.75849608967883
40.87619440590001	209.34517069125147
36.19057380324807	167.4268501173485
32.46556689307723	133.90206254893332
29.50225423582373	107.09012528331978
27.143284169203014	85.64688784391308
25.264178882635267	68.49734630472393
23.76641721889471	54.781750614686466
22.571959632040272	43.81250314514366
21.618929979606477	35.03968767527132
20.8582165197772	28.02350069598008
20.25079830518642	22.41220294357305
19.765641535924416	17.924485817575228
19.37804274156833	14.335368666496398
19.06832206209594	11.464919936663852
18.820791008484424	9.169236746684776
18.62293571776552	7.33323067070795
18.4647697032717	5.864858063486591
18.33832018785785	4.6905056787915065
18.237219928848234	3.7513002505121293
18.156382509004338	3.0001570263780306
18.091743780593458	2.399419289804027
18.040055820423962	1.9189705330970936
17.998722621783365	1.5347246404757022
17.9656689968293	1.2274183899436142
17.93923592957757	0.981645739071996
17.918097011868035	0.7850854809845834
17.901191694828015	0.6278835509798811
17.887671959054902	0.5021590172533664
17.876859697559983	0.40160898978056964
17.86821265411958	0.32119264044040896
17.861297196043246	0.2568784935054586
17.855766547836065	0.20544231752992625
17.851343389022162	0.1643054864426405
17.847805940213178	0.1314057064763215
17.847666163487123	0.13010571715063785
17.90405646539513	0.13010508717399744
17.972323573952025	0.13010508717399744
18.05497075472919	0.13010508717399744
18.155027086904465	0.13010508717399744
18.276159707693562	0.13010508717399744
18.422808215591402	0.13010508717399744
18.600347384880138	0.13010508717399744
18.815284155008694	0.13010508717399744
19.075496114647663	0.13010508717399744
19.390520221033245	0.13010508717399744
19.771902336373852	0.13010508717399744
20.233620392082415	0.13010508717399744
20.7925966901107	0.13010508717399744
21.469318117601578	0.13010508717399744
22.28858700617639	0.13010508717399744
23.28043015539549	0.13010508717399744
24.4811993367618	0.13010508717399744
25.934903612537994	0.13010508717399744
27.694822299829237	0.13010508717399744
29.825457696236207	0.13010508717399744
32.40489913589125	0.13010508717399744
35.52768502024755	0.13010508717399744
39.308267719128025	0.13010508717399744
43.88520833317214	0.13010508717399744
49.426255058770835	0.13010508717399744
56.13449128125028	0.13010508717399744
64.25577872838382	0.13010508717399744
74.08776848121205	0.13010508717399744
85.99081010225939	0.13010508717399744
100.40115870861631	0.13010508717399744
117.84696403870481	0.13010508717399744
138.9676275236316	0.13010508717399744
164.53723681384662	0.13010508717399744
195.49293665352525	0.13010508717399744
232.9692759158145	0.13010508717399744
278.33978964272285	0.13010508717399744
333.26734010160493	0.13010508717399744
399.76506189450885	0.13010508717399744
480.268700549978	0.13010466727334863
480.2807669979251	0.12880361327877052
480.72088846529834	0.08090239105751865
480.99562187614185	0.050815320410754775
481.1675186929056	0.03191743475927453
481.27522814595386	0.02004754930949804
481.342779123197	0.012591996704872084
481.3851682179772	0.00790911540197028
481.41177729336823	0.004967767059332227
481.42848440570947	0.003120286947594484
481.4389757996236	0.0019598726186322523
481.44556454564906	0.0012310087968754463
481.44970259868995	0.0007732046682923112
481.45230158640953	0.00048565490399944927
481.45393396823687	0.0003050430182989363
481.4549592545194	0.00019159951283644557
481.45560323429754	0.0001203449058558284
481.4560077185603	7.558942165897467e-05
481.4562617763317	4.747820961847175e-05
481.4564213511107	2.9821373667143337e-05
481.4565215808488	1.873099964261071e-05
481.4565845357129	1.176506325723162e-05
481.45662407804	7.389713100617468e-06
481.4566489148203	4.64152708026212e-06
481.45666451495873	2.9153734852042378e-06
481.4566743135056	1.8311651340730592e-06
481.4566804680362	1.1501667848947652e-06
481.4566843337365	7.224272723742135e-07
481.4566867618081	4.537612898617983e-07
481.4566882868956	2.8501043087751555e-07
481.45668924481305	1.7901691379123015e-07
481.456689846487	1.1244169318528955e-07
481.4566902244028	7.062536214382101e-08
481.45669046177414	4.436025140359952e-08
481.4566906108684	2.786296374074907e-08
481.45669070451544	1.7500909572286657e-08
481.45669076333587	1.0992435647088851e-08
481.4566908002813	6.904420650612038e-09
481.45669082348724	4.336711721684973e-09
481.4566908380627	2.7239169669265014e-09
481.45669084721794	1.7109100440338315e-09
-60	120
149.44024991906034	799.9999999999992
133.2017618417117	659.5716179982959
119.92977360793343	543.7933990861129
109.08971867431609	448.33836511502767
100.23980682741734	369.63907611203723
93.01597193024735	304.7543043832648
87.11907863044661	251.25911204251912
82.3040381807957	207.1542238333745
78.37055809114854	170.7913082362001
75.15530631375145	140.81137439174535
72.52530881286476	116.09398255015964
70.37242354277332	95.71536988809348
68.60874916088329	78.91392673049405
67.16283790939451	65.06173292028872
65.97659227236751	53.641090565009925
65.00273589484115	44.22517611894594
64.2027611835103	36.46208871129106
63.5452685784302	30.06169855862958
63.00462500051884	24.784803947615462
62.5598807917151	20.434191551874118
62.193895120405735	16.847265980445947
61.89262909295864	13.889973101962987
61.64457364701768	11.451790041018201
61.44028578319046	9.44159460791394
61.27201196787055	7.784259790032236
61.133381787367995	6.417846030788302
61.01915832766914	5.29128636323874
60.9250344550039	4.362477884867123
60.847466317619464	3.596708246254499
60.7835370929316	2.9653583468123688
60.73084535934209	2.4448327534397345
60.68741355208231	2.015677868651845
60.65161282569495	1.661854891487572
60.622101337869694	1.3701403995710515
60.59777352594034	1.1296321502873905
60.57771839628774	0.9313416313849362
60.56118521010425	0.7678581334021692
60.54755524355468	0.6330717893015256
60.53631853989086	0.5219452304733558
60.527054766151444	0.4303253252122563
60.526618896089715	0.42606137412733514
60.66736752395985	0.42606137412733514
60.83287533084604	0.42606137412733514
61.02749771938938	0.42606137412733514
61.256356253829125	0.42606137412733514
61.52547343596793	0.42606137412733514
61.84193118966121	0.42606137412733514
62.21405722441189	0.42606137412733514
62.65164418230163	0.42606137412733514
63.166207335195494	0.42606137412733514
63.77128761362279	0.42606137412733514
64.48280794165754	0.42606137412733514
65.31949225489042	0.42606137412733514
66.30335822811357	0.42606137412733514
67.46029667904027	0.42606137412733514
68.82075289529477	0.42606137412733514
70.42052781405812	0.42606137412733514
72.30172013772608	0.42606137412733514
74.51383417772045	0.42606137412733514
77.1150825797971	0.42606137412733514
80.17391821257654	0.42606137412733514
83.77083553154213	0.42606137412733514
88.00048882210442	0.42606137412733514
92.97418306412524	0.42606137412733514
98.82280296597607	0.42606137412733514
105.70025724680603	0.42606137412733514
113.78752880465473	0.42606137412733514
123.29743735216687	0.42606137412733514
134.48023985052922	0.42606137412733514
147.63021611923824	0.42606137412733514
163.09341292459487	0.42606137412733514
181.2767503356415	0.42606137412733514
202.65872998485824	0.42606137412733514
227.8020270256848	0.42606137412733514
257.3682971491524	0.42606137412733514
292.13558831205916	0.42606137412733514
333.0188153731178	0.42606137412733514
381.09383643513627	0.42606137412733514
437.6257644715844	0.42606137412733514
504.1022592690674	0.42606137412733514
504.13551692959606	0.4218040316436967
505.29819993322053	0.2570006520208531
505.9959102760027	0.15658772838600193
506.4171789513601	0.09540721585056033
506.6724571408202	0.05813058871329244
506.82748337610167	0.03541834141189973
506.92175052118154	0.021580013829845167
506.9791167515549	0.013148469926371123
507.01404356404555	0.008011221066299304
507.0353145276784	0.004881150683882717
507.0482711486896	0.0029740325228317164
507.0561641619713	0.0018120459743367567
507.06097280145224	0.0011040600894248658
507.0639024723839	0.0006726919174923268
507.06568742202535	0.0004098639378362362
507.0667749476311	0.00024972568150492526
507.0674375559932	0.00015215516723019647
507.06784127268713	9.270650409414313e-05
507.0680872516415	5.6485074137211024e-05
507.06823712349376	3.441574710924505e-05
507.06832843862253	2.0969143923053256e-05
507.06838407588106	1.277627347359265e-05
507.0684179750394	7.784445777615684e-06
507.068438629422	4.742978943734105e-06
507.0684512139117	2.8898459702028266e-06
507.0684588815044	1.7607520148345171e-06
507.0684635532854	1.0728072325343447e-06
507.0684663997514	6.53649888502989e-07
507.06846813407213	3.9826183472928044e-07
507.068469190775	2.4265664508134834e-07
507.06846983461287	1.4784807949815457e-07
507.06847022689607	9.008224194299148e-08
507.06847046591037	5.488613948196012e-08
507.06847061153906	3.344153345050669e-08
507.06847070026873	2.037556603683024e-08
507.0684707543312	1.2414612862644945e-08
507.0684707872704	7.564089863847808e-09
507.0684708073401	4.6087184595601926e-09
507.0684708195685	2.808042503699974e-09
507.068470827019	1.7109100440338286e-09
-40	120
190.94249802555225	799.9999999999992
176.75023902545794	675.9638121033923
164.8850373497318	571.1588440916863
154.9747989665419	482.6033869609796
146.70381739728688	407.77803148018944
139.80486748457207	344.55399081420774
134.0523535755801	291.1325363827606
129.25635342063265	245.99382390077568
125.25742903014586	207.8536536973231
121.92210199747636	175.62693514107625
119.13891212022175	148.39681573249655
116.81499407384283	125.38859658317845
114.87311773951654	105.94769217582471
113.24914451094143	89.5210073584088
111.889855771782	75.64120174665737
110.75111202284874	63.9133938559402
109.79630288838639	54.00392669415863
108.9950501320102	45.63087519591948
108.3221281957153	38.556025433809786
107.75656968859515	32.57809741474174
107.28092656819582	27.527018649430595
106.88066127333185	23.259085577637826
106.54364557580574	19.652875191373855
106.25974825127794	16.605790541441557
106.02049571218214	14.031141846729101
105.81879243668443	11.855680163598054
105.64869034886131	10.01751344808038
105.50519826826773	8.464345722701756
105.38412418223281	7.151989252098145
105.2819444408078	6.043107398713435
105.19569507422031	5.106152392730681
105.12288132607195	4.314467795713858
105.06140221870952	3.645530122985077
105.0094875517563	3.0803080488384182
104.96564520707585	2.602720963931977
104.92861701554271	2.1991814807760877
104.8973417506079	1.8582088715657359
104.8709240651466	1.5701024406348958
104.84860839297023	1.3266655389555042
104.82975700381425	1.1209723688732043
104.82874076276325	1.1098826229107102
105.11550386262049	1.109876291617097
105.44479077721272	1.109876291617097
105.82291090335629	1.109876291617097
106.25710620070622	1.109876291617097
106.75569261070127	1.109876291617097
107.32821932793884	1.109876291617097
107.98565169147658	1.109876291617097
108.74058119889284	1.109876291617097
109.60746666540831	1.109876291617097
110.60291114687742	1.109876291617097
111.74597993042777	1.109876291617097
113.05856568307462	1.109876291617097
114.56580775183293	1.109876291617097
116.29657364598789	1.109876291617097
118.28401192313055	1.109876291617097
120.56618706812921	1.109876291617097
123.18680852457898	1.109876291617097
126.19606784153159	1.109876291617097
129.65159996898888	1.109876291617097
133.61958711340742	1.109876291617097
138.17602629484728	1.109876291617097
143.40818488270045	1.109876291617097
149.41627198720002	1.109876291617097
156.3153577180982	1.109876291617097
164.2375770691853	1.109876291617097
173.3346606386291	1.109876291617097
183.78084065485004	1.109876291617097
195.77618796569882	1.109876291617097
209.55044390274512	1.109876291617097
225.36742041060015	1.109876291617097
243.53005271491034	1.109876291617097
264.386201300435	1.109876291617097
288.33531432180325	1.109876291617097
315.8360780490217	1.109876291617097
347.41520187316917	1.109876291617097
383.67750612742645	1.109876291617097
425.31750593080335	1.109876291617097
473.1327129145597	1.109876291617097
528.0379554430438	1.1098737889260386
528.102527209967	1.0987748962222512
530.6386570664482	0.6532369463668607
532.1003514785651	0.3883584431768698
532.954145450345	0.23088449179979448
533.4565706391671	0.13726403916335483
533.7534841822646	0.08160537895189958
533.9293808041069	0.04851553192280672
534.0337354594204	0.02884315798766464
534.0956989429285	0.01714765828034343
534.1325100219547	0.010194521162529545
534.1543851668266	0.006060784512623342
534.1673868712103	0.003603220624375104
534.1751153735844	0.002142164738060036
534.1797096546408	0.0012735467081712946
534.1824408698039	0.0007571412175156827
534.1840645625979	0.0004501309764164735
534.185029851948	0.0002676091213135562
534.1856037233143	0.00015909734180114208
534.1859448954959	9.458558080511607e-05
534.1861477262787	5.6232442320899396e-05
534.1862683117087	3.343096846747114e-05
534.1863400013198	1.9875175371098335e-05
534.1863826217536	1.181606797949266e-05
534.1864079601812	7.024816631254505e-06
534.1864230242238	4.176351116834784e-06
534.186431980005	2.4828987810849613e-06
534.1864373043412	1.4761178322059807e-06
534.1864404697324	8.775725660489273e-07
534.1864423516016	5.217290868512667e-07
534.1864434703987	3.1017519302384506e-07
534.1864441355392	1.8440346300800803e-07
534.1864445309749	1.096304215622162e-07
534.1864447660665	6.517680924130614e-08
534.1864449058319	3.874851890874856e-08
534.1864449889243	2.3036533010733737e-08
534.186445038324	1.3695539032197973e-08
534.1864450676928	8.142188292615967e-09
534.1864450851526	4.840644098531196e-09
534.1864450955333	2.877830190919903e-09
534.1864451017041	1.7109100440338257e-09
-20	120
233.53542881047676	799.9999999999992
221.07736483537855	689.7826866047704
210.4708831261741	594.7501934246192
201.45233119873055	512.8104828489282
193.79300920245169	442.1597407232794
187.29488739823915	381.2426673307158
181.7868452512937	328.7182391496877
177.12135836652814	283.4301876708265
173.17157002211616	244.38154539559733
169.82869428395665	210.71269867450118
166.99970722768637	181.68246424179875
164.60529129735585	156.65177286710397
162.57800500028767	135.0696009370897
160.86065580113186	116.46084026627503
159.4048582093399	100.41583910390037
158.16976178120206	86.58138409345102
157.12093533415313	74.65292466242542
156.22939442320595	64.36786867068933
155.47075939593884	55.49980172836396
154.82453142014361	47.853502927778756
154.2734739896931	41.260647266215706
153.80308769427594	35.57610015292759
153.40116654267013	30.674722428008554
153.0574248509216	26.44861555905921
152.76318460115226	22.80474637163076
152.51111418111833	19.662899024454873
152.2950104648065	16.95390914440855
152.10961723434522	14.618141247604154
151.9504739309245	12.604175928675517
151.81378962886535	10.867677918151228
151.6963379369577	9.37042008942214
151.5953692394455	8.07944192987117
151.50853729757287	6.9663239508172135
151.43383774815652	6.006562063192326
151.36955646763104	5.179028146508883
151.31422612892672	4.4655049361257815
151.2665895746659	3.8502849898596416
151.22556887358868	3.3198249056242592
151.19023912642308	2.862447178073665
151.1598062503642	2.468083130944877
151.15792185684475	2.4436525992366387
151.66209022252465	2.443648621997961
152.2295534255453	2.443648621997961
152.8682600948918	2.443648621997961
153.58715465456737	2.443648621997961
154.39630447675404	2.443648621997961
155.30704086491116	2.443648621997961
156.33211773691977	2.443648621997961
157.48589023046569	2.443648621997961
158.78451573184356	2.443648621997961
160.2461801433829	2.443648621997961
161.89135255813503	2.443648621997961
163.74307190827707	2.443648621997961
165.82726960144538	2.443648621997961
168.17313266318573	2.443648621997961
170.81351247095353	2.443648621997961
173.78538480355917	2.443648621997961
177.13036764857418	2.443648621997961
180.89530401905222	2.443648621997961
185.1329179413098	2.443648621997961
189.90255280019358	2.443648621997961
195.27100238159377	2.443648621997961
201.31344625009157	2.443648621997961
208.11450256073388	2.443648621997961
215.76941304847108	2.443648621997961
224.38537678980575	2.443648621997961
234.08305141459908	2.443648621997961
244.9982427909492	2.443648621997961
257.2838068454233	2.443648621997961
271.1117901516635	2.443648621997961
286.67583926408696	2.443648621997961
304.1939125368981	2.443648621997961
323.91133240462574	2.443648621997961
346.10422086820216	2.443648621997961
371.08336629700534	2.443648621997961
399.198575697411	2.443648621997961
430.84357339685926	2.443648621997961
466.46151474442183	2.443648621997961
506.55119204152373	2.443648621997961
551.6736962536837	2.443646711489198
551.7959001964621	2.4192101976588387
556.6543313341109	1.4094405853139367
559.331154517504	0.8211451677297529
560.8444777704195	0.4784021359337647
561.7114641296174	0.2787188096092062
562.2117713179181	0.16238258359433463
562.5016561265106	0.09460467878627209
562.6700088860655	0.05511702702435618
562.7679114294687	0.03211137870746027
562.8248888270225	0.018708205035047887
562.8580634159449	0.010899467718964008
562.8773840521266	0.006350069198738301
562.8886379507103	0.003699573214809947
562.895193707277	0.0021553846963523887
562.8990128414163	0.0012557348968450489
562.9012377899974	0.000731595679334192
562.9025340215869	0.0004262302810610695
562.9032892001022	0.0002483232988181856
562.9037291662027	0.00014467404939516883
562.903985490808	8.428762290130682e-05
562.9041348260301	4.910627306039969e-05
562.9042218291273	2.8609491772073042e-05
562.904272517397	1.6667993077983607e-05
562.9043020485498	9.710832875364234e-06
562.9043192534999	5.657566252401086e-06
562.9043292771643	3.296118500969162e-06
562.9043351169869	1.9203305251300125e-06
562.9043385192879	1.118791489038338e-06
562.904340501481	6.518119561005664e-07
562.9043416563137	3.797479961890271e-07
562.9043423291233	2.212425520272783e-07
562.9043427211049	1.2889670865617413e-07
562.9043429494743	7.509568729050886e-08
562.9043430825233	4.3751018225582534e-08
562.9043431600384	2.5489500993184014e-08
562.9043432051978	1.4850275198889402e-08
562.9043432315095	8.651823883948185e-09
562.9043432468379	5.040583795002958e-09
562.9043432557676	2.9366622963263387e-09
562.9043432609714	1.7109100440338286e-09
0	120
277.3418494257786	799.9999999999992
266.37588894767737	701.6123584519762
256.9005400132805	615.324876915683
248.72661381074244	539.6494226337309
241.6869042321602	473.28088018912615
235.63380089958753	415.07464319965027
230.43717067863278	364.02687418615056
225.98247417864903	319.25719217205767
222.16908717637892	279.9934894407417
218.90880029459478	245.55861559714768
216.12447359647106	215.35869928414644
213.74882599306804	188.87290614737572
211.72334246433527	165.64445641217392
209.99728500549125	145.27274715980127
208.52679585973104	127.40644344198279
207.27408391340913	111.73741908163494
206.20668705110128	97.99544266150386
205.29680476066605	85.94351705410396
204.52069634126227	75.3737921174846
203.8581407340167	66.10398006627186
203.29195433001783	57.97421169669942
202.80756319724514	50.84427924739442
202.39262609806403	44.591218345694195
202.03670452740087	39.107187337212025
201.73097585936372	34.29760742510576
201.46798559734046	30.079531543485658
201.24143470862776	26.38021383419455
201.04599809964077	23.13585505584592
200.8771704471631	20.29050228816897
200.73113583079183	17.79508395572183
200.6046578925571	15.606563528781184
200.4949875616434	13.687197305948487
200.399785706571	12.0038834780301
200.31705839876153	10.527591247004287
200.2451027784967	9.232860154536331
200.1824617989625	8.097360985351928
200.12788638161075	7.1015106727122355
200.0803037446385	6.2281345645669175
200.03879086581145	5.462170225752588
200.00255221257973	4.790407667945558
200.0000000000002	4.742985826271252
200.79382410704335	4.742980402482155
201.67187584107356	4.742980402482155
202.64309500960204	4.742980402482155
203.7173673295115	4.742980402482155
204.90562746143638	4.742980402482155
206.21997031003667	4.742980402482155
207.6737741340093	4.742980402482155
209.28183671893404	4.742980402482155
211.06052599901082	4.742980402482155
213.0279466608181	4.742980402482155
215.20412442489558	4.742980402482155
217.6112098808931	4.742980402482155
220.2737039510552	4.742980402482155
223.21870727695935	4.742980402482155
226.4761960679329	4.742980402482155
230.07932721891737	4.742980402482155
234.0647758034741	4.742980402482155
238.4731083771594	4.742980402482155
243.34919589100102	4.742980402482155
248.74267041798433	4.742980402482155
254.70843034141515	4.742980402482155
261.3071991473039	4.742980402482155
268.60614350853285	4.742980402482155
276.679556952079	4.742980402482155
285.609616068115	4.742980402482155
295.4872169581876	4.742980402482155
306.4129004364037	4.742980402482155
318.4978754009351	4.742980402482155
331.8651507924054	4.742980402482155
346.6507876609826	4.742980402482155
363.0052840865539	4.742980402482155
381.0951070486245	4.742980402482155
401.10438683833394	4.742980402482155
423.23679125944625	4.742980402482155
447.71759869518394	4.742980402482155
474.79599114196105	4.742980402482155
504.747590550046	4.742980402482155
537.8772642877191	4.742980402482155
574.5220028837039	4.742977764991801
574.7374812018334	4.695548110164456
583.2648724251578	2.6895184159345775
587.7182575498073	1.5405037154220307
590.1530359893187	0.8823704954644963
591.5132167652437	0.5054046176402532
592.2816110022488	0.28948591192141504
592.7183294127298	0.16581188670623417
592.9673756724362	0.09497381613701639
593.1096679019693	0.0543991503311728
593.1910537625628	0.031158772776743695
593.2376319433616	0.01784713759391939
593.2642985551779	0.010222492476790601
593.2795685862208	0.005855244399171552
593.2883136231189	0.003353769841539997
593.2933221705566	0.0019209739821645431
593.2961908248185	0.0011002964468362713
593.2978338867944	0.0006302283540333884
593.298774985158	0.00036098251463929074
593.2993140228672	0.0002067637468884842
593.2996227714897	0.00011843024327669775
593.2997996161347	6.783453450445745e-05
593.2999009091192	3.885429890307269e-05
593.2999589277074	2.225498493175496e-05
593.2999921596044	1.2747221499175553e-05
593.3000111941811	7.3013599626027625e-06
593.3000220968132	4.1820766436785e-06
593.3000283416269	2.395411970260757e-06
593.300031918535	1.3720452770615515e-06
593.3000339673177	7.858807861354997e-07
593.3000351408207	4.501371932416508e-07
593.3000358129802	2.5782980868619443e-07
593.3000361979804	1.476798879213535e-07
593.3000364185006	8.458816072352474e-08
593.3000365448104	4.845044938278469e-08
593.3000366171584	2.7751472845784953e-08
593.3000366585975	1.5895502620126008e-08
593.3000366823333	9.104634011697486e-09
593.3000366959285	5.2149568634591444e-09
593.3000367037159	2.987025623742694e-09
593.3000367081762	1.7109100440338286e-09
20	120
322.4589040548041	799.9999999999992
312.7943415680081	711.8888164954292
304.3409565810799	633.4821088140767
296.9619700059653	563.7110358933526
290.5345768776338	501.6244777344144
284.9485827870184	446.3760697243613
280.10518047540177	397.21266498494623
275.9158518042665	353.4640674664113
272.301381566416	314.5338958279042
269.19097078110076	279.8914535607794
266.5214382200748	249.06449452821096
264.23649995246467	221.63278530089985
262.28611768730184	197.2223765305541
260.6259076472364	175.5005052684402
259.21660263540554	156.17105873737424
258.02356086566243	138.9705377192345
257.0163160125451	123.66446453084914
256.16816379381305	110.04418662175868
255.4557812103403	97.92403222045748
254.85887531721409	87.13877925485211
254.3598590658304	77.54140304324146
253.9435523214626	69.00107205231022
253.5969066110252	61.40136440029363
253.30875248554025	54.63868079266206
253.0695685942528	48.62083225544961
252.8712716732627	43.26578341419348
252.70702666949828	38.50053418684723
252.5710761731808	34.26012464589557
252.45858824325995	30.486749483940578
252.36552160354526	27.12897001114384
252.28850708265165	24.141012942466492
252.22474408335455	21.482146415766653
252.17191080662283	19.11612473462704
252.12808692724218	17.010694266640787
252.09168742215664	15.137153761555602
252.06140628675573	13.469963095528925
252.03616893344125	11.986395107891504
252.01509214512083	10.666225784254364
251.99745054757508	9.49145856253231
251.98264866327347	8.446079003620675
251.98155332632288	8.362451477616567
253.12837012760508	8.362451477616567
254.37706313545158	8.362451477616567
255.73668241038848	8.362451477616567
257.21708196509405	8.362451477616567
258.8289911826021	8.362451477616567
260.58409257886285	8.362451477616567
262.4951064732548	8.362451477616567
264.5758831807087	8.362451477616567
266.8415033936166	8.362451477616567
269.3083874810585	8.362451477616567
271.99441449750293	8.362451477616567
274.91905176351696	8.362451477616567
278.10349595763404	8.362451477616567
281.57082674196295	8.362451477616567
285.34617403495844	8.362451477616567
289.4569001436837	8.362451477616567
293.9327980755926	8.362451477616567
298.8063074671192	8.362451477616567
304.1127496940464	8.362451477616567
309.89058386764515	8.362451477616567
316.1816855719476	8.362451477616567
323.03165036234026	8.362451477616567
330.49012422511834	8.362451477616567
338.61116339305164	8.362451477616567
347.4536261247697	8.362451477616567
357.0815992874358	8.362451477616567
367.56486283442354	8.362451477616567
378.97939554435607	8.362451477616567
391.4079256869141	8.362451477616567
404.94053060643597	8.362451477616567
419.6752895688639	8.362451477616567
435.7189946036316	8.362451477616567
453.18792449240505	8.362451477616567
472.2086875142615	8.362451477616567
492.91913905520715	8.362451477616567
515.4693807325255	8.362451477616567
540.0228482752343	8.362451477616567
566.7574960452076	8.362451477616567
595.8670867839202	8.362451477616567
596.23364436411	8.27882991444008
610.3776343845327	4.6735000087796434
617.2868000192004	2.6382475008898143
620.9339577037804	1.4893227480208866
622.9229351611376	0.840740774709115
624.0250665538299	0.47460837565113784
624.6409063699543	0.26792219078008445
624.9865836197736	0.1512453298236015
625.181102005695	0.08537982511581639
625.290713591187	0.04819794796513335
625.3525283169955	0.027208326848860775
625.3874036561929	0.015359430871413223
625.4070848990456	0.00867058522209716
625.4181931903144	0.004894650636669882
625.4244633155565	0.00276308971555881
625.4280026734642	0.001559797694043628
625.4300006190012	0.00088052473745022
625.4311284628105	0.0004970669056778918
625.4317651377379	0.000280600303673084
625.4321245463622	0.00015840227849015108
625.4323274362246	8.942000953820856e-05
625.4324419698028	5.047868112774939e-05
625.4325066253288	2.8495828411964305e-05
625.4325431241374	1.6086241136710854e-05
625.432563728151	9.080878441834038e-06
625.4325753593645	5.1262661410176634e-06
625.4325819253254	2.893839480053288e-06
625.4325856318895	1.6336075236726992e-06
625.4325877242901	9.22191282479466e-07
625.4325889054755	5.205881762647354e-07
625.432589572269	2.9387834651611736e-07
625.4325899486818	1.658978948978826e-07
625.4325901611718	9.365137601262292e-08
625.4325902811249	5.286733888007657e-08
625.4325903488399	2.984425471638702e-08
625.4325903870657	1.6847444158235242e-08
625.4325904086455	9.51058679005995e-09
625.4325904208264	5.368841721137235e-09
625.4325904277027	3.030776340398869e-09
625.4325904315849	1.7109100440338286e-09
40	120
368.95866790314994	799.9999999999992
360.4429290268766	720.9439782901917
352.9179309253708	649.7002747911133
346.2845507493149	585.4968760051705
340.4526203230207	527.6380588295607
335.340134667751	475.4968515373726
330.8725332322263	428.50823976476795
326.982047254644	386.1630438826756
323.60710722518803	348.00240140678284
320.69180492267117	313.61279465593304
318.18540496185227	282.6215697774429
316.04190120943963	254.6928985824611
314.2196138093033	229.5241394328758
312.680822904357	206.84255774546287
311.39143545789756	186.40237057591605
310.3206818652906	167.98208325715513
309.4408393120532	151.38208923110963
308.7269790810703	136.4225070651968
308.15673524407697	122.94123121488109
307.71009239480304	110.79217540993844
307.36919029678944	99.84368962933264
307.1181435309356	89.97713351067787
306.94287443833923	81.08559073542
306.83095786371143	73.0727104585052
306.7714764130149	65.85166322800261
306.7548851439361	59.34420008077782
306.7728848057712	53.47980461835648
306.81830293175597	48.19492887467524
306.88498225674306	43.43230469540161
306.96767608117005	39.1403231667683
307.06195032431714	35.272475369267205
307.16409210276817	31.786848396077957
307.2710247326156	28.645671174969632
307.3802290870207	25.814905172094164
307.4896712468816	23.263875542442037
307.59773636598175	20.96493873002012
307.70316863830095	18.893182915788582
307.8050172103662	17.026158067341143
307.90258783130616	15.343632665083248
307.99539998309785	13.827374468735604
308.0040123975688	13.690468186255444
309.5451553132039	13.690468186255444
311.1984166400303	13.690468186255444
312.9719530116739	13.690468186255444
314.87451445825457	13.690468186255444
316.9154875760828	13.690468186255444
319.1049418379591	13.690468186255444
321.45367927255535	13.690468186255444
323.9732877579808	13.690468186255444
326.6761981924623	13.690468186255444
329.57574582420295	13.690468186255444
332.6862360429977	13.690468186255444
336.02301495820024	13.690468186255444
339.6025451112494	13.690468186255444
343.4424866962947	13.690468186255444
347.56178468963583	13.690468186255444
351.98076231784484	13.690468186255444
356.72122132570917	13.690468186255444
361.80654953868554	13.690468186255444
367.26183625053994	13.690468186255444
373.1139960054592	13.690468186255444
379.3919013853315	13.690468186255444
386.1265254573246	13.690468186255444
393.3510945845504	13.690468186255444
401.1012523537304	13.690468186255444
409.41523542862774	13.690468186255444
418.334062196846	13.690468186255444
427.9017351407163	13.690468186255444
438.1654579306983	13.690468186255444
449.17586831236713	13.690468186255444
460.98728793596405	13.690468186255444
473.6579903610951	13.690468186255444
487.2504885588117	13.690468186255444
501.8318433295217	13.690468186255444
517.4739941583535	13.690468186255444
534.2541141403057	13.690468186255444
552.2549907262614	13.690468186255444
571.5654341683418	13.690468186255444
592.2807156797278	13.690468186255444
614.5030374706839	13.690468186255444
615.126640666669	13.553565073315092
637.8674367408688	7.555052463490535
648.0464535709835	4.2113508451347546
653.2241028205333	2.347498713810808
655.9830081122752	1.3085469280503668
657.4849702221683	0.729412567017087
658.3115895639479	0.40659045657243553
658.7691585964064	0.22664237888282626
659.023236085006	0.12633539984850925
659.1645619821638	0.07042210434587051
659.2432465782437	0.03925481524930792
659.2870780968514	0.021881489264920798
659.3115017455362	0.012197218848438853
659.3251132268159	0.006798995527019073
659.332699695701	0.003789908236527371
659.3369282893124	0.0021125774217997497
659.3392853158144	0.00117759668165144
659.3405991477327	0.000656418046660316
659.3413314981877	0.0003659017205934045
659.3417397237762	0.00020396159096231644
659.3419672768333	0.00011369263451511921
659.3420941196227	6.337475150101503e-05
659.3421648244813	3.532646723285577e-05
659.3422042368871	1.9691742493602404e-05
659.3422262062132	1.0976606290076535e-05
659.342238452392	6.118599493492873e-06
659.3422452786782	3.4106406636463486e-06
659.3422490837988	1.9011654135703942e-06
659.3422512048555	1.059751022229374e-06
659.3422523871787	5.907283085941839e-07
659.3422530462316	3.292848294125221e-07
659.3422534136017	1.8355053804560758e-07
659.3422536183824	1.0231506892358169e-07
659.3422537325312	5.7032648557184366e-08
659.3422537961601	3.1791240876519726e-08
659.3422538316286	1.7721130300577412e-08
659.3422538513995	9.878144119941643e-09
659.3422538624202	5.506292747656091e-09
659.342253868563	3.069327543185225e-09
659.3422538719876	1.7109100440338257e-09
60	120
416.89002544135155	799.9999999999992
409.399583146188	729.0403324168321
402.72257440871675	664.3747578630545
396.7873821101462	605.4449929022925
391.52815954166743	551.7422736069929
386.88437042885835	502.80296319857644
382.8003663089892	458.2045492880717
379.22499823369964	417.56199615985105
376.1112600043984	380.52442060626754
373.41596036669364	346.77206261439494
371.09942179268876	316.0135247515854
369.1252036666553	287.98325641638854
367.45984786153815	262.4392612353573
366.0726448523293	239.16100781281614
364.93541865926363	217.94752579624947
364.0223290503233	198.61567081990495
363.3096895600466	180.99854334716966
362.7758000011292	164.94404776097883
362.4007922574252	150.31357926230191
362.1664882521822	136.98082724019065
362.0562690837998	124.83068478240163
362.0549544131705	113.7582549119787
362.1486912714752	103.66794497023432
362.3248515351588	94.47264132758694
362.5719373853509	86.09295729720023
362.8794941322775	78.45654775837366
363.23802984112217	71.49748457255231
363.6389412445361	65.15568739967601
364.0744454688137	59.37640500088381
364.537517136116	54.10974254945093
365.02183043449816	49.31023086905109
365.521705771798	44.93643388040472
366.0320606492036	40.950590867246596
366.54836440668	37.3182904731539
367.0665965062692	34.00817361471999
367.58320803155794	30.99166274620603
368.0950860934556	28.24271513830552
368.59952084471536	25.737598040980167
369.09417481931564	23.454683789258713
369.57705432863304	21.374263083066086
369.62801333972914	21.162635993229117
371.55510867064487	21.162635993229117
373.59158279913	21.162635993229117
375.74364388788706	21.162635993229117
378.01785246483934	21.162635993229117
380.42114142280775	21.162635993229117
382.960837154337	21.162635993229117
385.64468188610016	21.162635993229117
388.4808572809673	21.162635993229117
391.47800937969015	21.162635993229117
394.645274958235	21.162635993229117
397.99230938111594	21.162635993229117
401.52931603563735	21.162635993229117
405.2670774367767	21.162635993229117
409.21698809752917	21.162635993229117
413.3910892649206	21.162635993229117
417.80210562757935	21.162635993229117
422.4634841067696	21.162635993229117
427.38943484914284	21.162635993229117
432.5949745461688	21.162635993229117
438.09597221230825	21.162635993229117
443.9091975614801	21.162635993229117
450.0523721292979	21.162635993229117
456.54422329692244	21.162635993229117
463.40454138121834	21.162635993229117
470.65423996525675	21.162635993229117
478.3154196530794	21.162635993229117
486.41143544307823	21.162635993229117
494.9669679253788	21.162635993229117
504.0080985202726	21.162635993229117
513.562388987059	21.162635993229117
523.65896544568	21.162635993229117
534.3286071672874	21.162635993229117
545.6038404044174	21.162635993229117
557.5190375468128	21.162635993229117
570.1105219051698	21.162635993229117
583.4166784422384	21.162635993229117
597.4780707888418	21.162635993229117
612.3375649015327	21.162635993229117
628.0404597388589	21.162635993229117
629.1639216599323	20.951010348747975
665.5520008961372	11.548853547939746
679.9795445041739	6.366090038217701
687.0372382416824	3.50918835419162
690.714865355911	1.9343746053333706
692.6846058704941	1.066287909364901
693.7539499264803	0.5877713150922096
694.338569661781	0.323997970727246
694.6593863331819	0.17859783616508224
694.8357959208589	0.09844872488322413
694.932907042742	0.0542680227221459
694.9863979332417	0.029914234985416
695.0158717131698	0.016489663891835666
695.0321149184366	0.009089619553977303
695.041067568873	0.005010483183769064
695.046002212163	0.0027619353687743176
695.0487222394488	0.0015224653394701661
695.050221572519	0.0008392306120170503
695.0510480424132	0.00046261021639521806
695.0515036156395	0.00025500525034337406
695.0517547410045	0.00014056688632905652
695.0518931689105	7.74848733727622e-05
695.0519694746295	4.2712090723403386e-05
695.0520115367093	2.3544243083263977e-05
695.052034722638	1.2978324707951765e-05
695.052047503447	7.154059343906528e-06
695.0520545486283	3.943541731913848e-06
695.0520584321533	2.1738038005782106e-06
695.0520605728735	1.198268785941048e-06
695.0520617529057	6.605233107876211e-07
695.0520624033765	3.641011509376869e-07
695.0520627619361	2.0070396600548364e-07
695.0520629595856	1.1063431649856087e-07
695.0520630685363	6.098510273967042e-08
695.0520631285933	3.3616900016881615e-08
695.0520631616985	1.85306889056021e-08
695.0520631799473	1.021469651109306e-08
695.0520631900063	5.630660864539879e-09
695.0520631955517	3.1037967439395063e-09
695.0520631986078	1.7109100440338286e-09
80	120
466.2812435676878	799.9999999999992
459.716168156394	736.4021457991021
453.81873876621063	677.8601504219054
448.53769190417506	623.9720866529942
443.8254878537328	574.3679794125107
439.6380484620081	528.7072656470865
435.9345142868202	486.6764561526134
432.67701975922574	447.98698327586084
429.8304851212464	412.37321971801333
427.36242399631703	379.59065483803727
425.2427655421264	349.41421593502275
423.44369022256734	321.63672298407835
421.93947831861544	296.06746621658357
420.70637037851765	272.53089677899436
419.7224388875429	250.86542148075736
418.96747051884296	230.92229335653334
418.42285841227556	212.56459042575128
418.07150402056067	195.6662756380383
417.8977281657073	180.11133155046326
417.8871910684781	165.79296379561904
418.0268212564157	152.6128678718585
418.3047534310877	140.48055422173942
418.7102755959136	129.31272696492059
419.23378603143055	119.03271202012668
419.86676108355914	109.56993068988491
420.6017352452687	100.85941509386275
421.4322957289431	92.841362123954
422.35309474949617	85.46072285873922
423.35988423312637	78.66682461839763
424.449579907344	72.41302306523724
425.6203651771219	66.65638196130088
426.8718506563042	61.357378384383324
428.2053141587141	56.4796313785843
429.62406109520305	51.98965217641485
431.1339719526112	47.85661427757619
432.7443530195295	44.05214180585893
434.46930348602086	40.550114691101165
436.33001551660624	37.326489338658334
438.3588889218875	34.359133555169215
440.60752808052007	31.627674597280755
440.89603743255105	31.314533537978818
443.0488622003321	31.314529631242543
445.28512573655286	31.314529631242543
447.60806260187053	31.314529631242543
450.0210320899706	31.314529631242543
452.5275236943845	31.314529631242543
455.131162154788	31.314529631242543
457.83571269888483	31.314529631242543
460.6450864874567	31.314529631242543
463.56334627045135	31.314529631242543
466.5947122622916	31.314529631242543
469.7435682448991	31.314529631242543
473.01446790726015	31.314529631242543
476.412141430701	31.314529631242543
479.94150232939575	31.314529631242543
483.60765455599943	31.314529631242543
487.4158998826823	31.314529631242543
491.37174556823845	31.314529631242543
495.4809123223568	31.314529631242543
499.7493425785737	31.314529631242543
504.183209087867	31.314529631242543
508.78892384532395	31.314529631242543
513.5731473627876	31.314529631242543
518.5427983008956	31.314529631242543
523.7050634744362	31.314529631242543
529.0674082454948	31.314529631242543
534.6375873194185	31.314529631242543
540.4236559592106	31.314529631242543
546.4339816345762	31.314529631242543
552.6772561224599	31.314529631242543
559.1625080765795	31.314529631242543
565.8991160841297	31.314529631242543
572.8968222285397	31.314529631242543
580.165746177897	31.314529631242543
587.716399819412	31.314529631242543
595.559702461086	31.314529631242543
603.7069966225685	31.314529631242543
612.1700644380364	31.314529631242543
620.9611446948193	31.314529631242543
630.092931998827	31.314528031656085
632.6114140045164	31.001384011195977
693.1432635629855	16.918096403605027
713.0177814289736	9.232555095550113
722.353680975479	5.0383962568155525
727.115101987318	2.749557037891735
729.6270118794055	1.5004901399712862
730.9737858462984	0.8188485014580368
731.7018493857207	0.44686256209114844
732.0971538992719	0.24386214182856147
732.3122860060134	0.13308061418016812
732.429512231531	0.07262484343724601
732.4934328103907	0.039632879039346064
732.5283000737779	0.021628481750941238
732.5473232432091	0.01180310979644936
732.5577032058017	0.00644120111949033
732.5633673568634	0.0035150966632712544
732.5664582793954	0.0019182609458899195
732.5681450234612	0.0010468346702881357
732.5690655037771	0.000571279329470411
732.5695678257042	0.00031175894488700255
732.56984195221	0.00017013330380281363
732.5699915484284	9.284526246184118e-05
732.5700731860934	5.0667579885471125e-05
732.5701177374305	2.7650346214549218e-05
732.5701420500086	1.5089365774181496e-05
732.5701553178836	8.234578970560365e-06
732.5701625584367	4.493780045972354e-06
732.5701665097554	2.4523487082673574e-06
732.570168666072	1.3382974078428217e-06
732.5701698428187	7.303365731801746e-07
732.5701704849938	3.985597722888256e-07
732.5701708354418	2.1750231046930284e-07
732.5701710266886	1.1869550905203384e-07
732.5701711310559	6.477459406625426e-08
732.5701711880115	3.534883560429124e-08
732.570171219093	1.9290590648875762e-08
732.5701712360552	1.0527274271442179e-08
732.5701712453114	5.744951287566031e-09
732.5701712503632	3.1351387306436432e-09
732.5701712531197	1.7109100440338286e-09
100	89
517.1428423452027	800.0000000000008
506.2263997444679	690.2645151458645
497.34986709743305	595.5190195791325
490.26645415982927	513.8699431326759
484.75244444255424	443.63322944424965
480.6059045376394	383.3160377273647
477.64547989232295	331.6000800665477
475.70918664826183	287.32599646399024
474.65314912791246	249.47842854555094
474.35026647513934	217.17165523610655
474.68881780470247	189.63579563853565
475.5710323612595	166.2036693193669
476.9116601226701	146.29844086557665
478.6365802580765	129.42217525074255
480.6814815400846	115.14540517615367
482.9906420033111	103.09777218260697
485.5158265189769	92.9597591631329
488.21531193430184	84.45548984663267
491.0530410800452	77.34653541508034
493.99789999122896	71.42664208619036
497.0231074903254	66.51727693295193
500.1057029432577	62.46388184696153
503.2261163987405	59.13272599609099
506.36780520254655	56.40825357577456
509.5169422063923	54.1908342053387
512.6621425112738	52.3948362015941
515.7942179608004	50.9469566645013
518.9059510406966	49.78475566318666
521.9918822154413	48.855353992486336
525.0481068758126	48.114264480143696
528.0720798774015	47.524335434804904
531.0624270694319	47.05479151921631
534.0187642384503	46.68036224644851
536.9415245479365	46.38049165912806
539.831795889527	46.138624839636485
542.6911696330012	45.941568000979146
545.5216021334977	45.77891929616788
548.3252900866438	45.64256739911939
551.1045604707731	45.52625455199768
553.8617754270923	45.42520029881357
556.5992520410347	45.33578164713512
559.3191966290665	45.25526499566729
562.0236528238654	45.18158488034489
564.7144624981937	45.11316444555629
567.3932383786472	45.048772541589486
638.0377719174011	41.96234131139315
691.3784160236025	32.80950067660427
725.1894632670858	22.186968536386466
745.2216819856642	13.819640925813594
756.7662290054485	8.229715871699286
763.3405703459123	4.782074821483012
767.0647383885592	2.7414626518577543
769.1691526018982	1.5598882412333663
770.3568389513358	0.8838684126030373
771.0267193316097	0.49964714806189053
771.4044181688805	0.2820766561763367
771.6173368015413	0.1591289016727621
771.7373522643251	0.08973250697745963
771.804997299421	0.05058811358896593
771.8431232557676	0.028516069979960257
771.8646113429263	0.016073056074511198
771.8767220743932	0.009059182110108444
771.8835476694462	0.005105863860477156
771.8873945550391	0.0028776877817257777
771.889562644693	0.0016218655410897634
771.8907845702869	0.0009140799408885784
771.8914732416691	0.000515172263062811
771.8918613734197	0.0002903488975386791
771.8920801224956	0.00016363928018113349
771.8922034083469	9.22262932183369e-05
771.8922728916126	5.1978272576969645e-05
771.8923120520196	2.9294687649182704e-05
771.8923341226205	1.6510334341220555e-05
771.8923465614957	9.305138581944807e-06
771.892353571981	5.244327591006914e-06
771.8923575230538	2.955675647647581e-06
771.8923597498577	1.6658033494244897e-06
771.8923610048724	9.388380585925443e-07
771.8923617121934	5.291242200962701e-07
771.8923621108346	2.982116429374806e-07
771.8923623355071	1.680705220750323e-07
771.8923624621312	9.472366705709598e-08
771.892362533496	5.338576323643181e-08
771.8923625737168	3.008793688509347e-08
771.8923625963847	1.6957403829198202e-08
771.8923626091604	9.557104088323799e-09
771.8923626163611	5.386333867658541e-09
771.892362620419	3.035709589992049e-09
771.8923626227058	1.7109100440338342e-09
120	89
569.470528843375	799.999999999998
560.0342503756129	702.5795760089338
552.3142448853079	617.705379666356
546.1078218245923	543.8431070848735
541.2312602033369	479.62599376185096
537.5187653833176	423.8404807761804
534.8214371292233	375.4128351022609
533.0062076541959	333.396441527784
531.9547332327534	296.9596336695983
531.5622423066098	265.3740397266587
531.7363563770833	238.00348686409106
532.3959076033293	214.2935419398004
533.4697796741895	193.76177302885765
534.895797263423	175.9888038201959
536.6196853947392	160.61020898304358
538.5941144739983	147.3092694720075
540.7778405828219	135.81057747476908
543.1349446536103	125.87445480177055
545.6341689131522	117.29212805261895
548.2483448212034	109.88158975149372
550.9539037791122	103.48406678594647
553.7304601264727	97.96101523931327
556.5604552568658	93.19156303485236
559.4288518763854	89.07032751458372
562.3228682801296	85.50554297406097
565.2317438101663	82.41744220512665
568.146528181145	79.73684538841076
571.0598889462321	77.40391856508725
573.9659328944592	75.367071952276
576.8600385280479	73.58197528576186
579.7386979084988	72.01067307029177
582.5993670579727	70.62078710354031
585.4403247573008	69.38479701002697
588.2605400115251	68.2793919219604
591.059548687655	67.28488804590884
593.8373399032118	66.38470783216204
596.5942526960237	65.56491698215643
599.3308833721578	64.81381573340533
602.0480037428053	64.12158087178935
604.7464902503684	63.47995483294586
607.4272637713701	62.88197813838134
610.0912396858811	62.32176131625493
612.7392876315907	61.794292411367934
615.3722002222449	61.2952762086468
617.9906699081732	60.821001382967864
686.987582287288	49.802250705283626
737.2833310679282	36.51161249313686
769.0350267948331	23.968430491222698
787.8824468831908	14.711101557205575
798.7590962840951	8.690345854636146
804.9554902743428	5.0253890375082335
808.464580266125	2.8718018680861026
810.4461242853799	1.6303046645864878
811.5634609265097	0.9220981761557813
812.1930169496314	0.5204571059254323
812.5475908598971	0.29341807347742505
812.7472464629691	0.16531199982500253
812.8596557123685	0.09310262321661099
812.9229394829955	0.05242391313624909
812.9585653713435	0.02951523803405562
812.9786206889444	0.016616311646080295
812.9899105354732	0.009354205720115893
812.9962659447729	0.005265870436920155
812.9998435903934	0.002964342195349688
813.0018575472475	0.001668720646906049
813.0029912585295	0.0009393713951324428
813.0036294551106	0.0005287983799162514
813.0039887129954	0.00029767501887092166
813.0041909488	0.0001675692694368623
813.0043047926914	9.432921076985956e-05
813.0043688784291	5.310041732491183e-05
813.0044049539846	2.9891631278453982e-05
813.0044252618678	1.6826789808925507e-05
813.0044366937113	9.472244657414818e-06
813.0044431289979	5.3321767240686506e-06
813.0044467515905	3.0016230901829853e-06
813.0044487908436	1.6896928930938617e-06
813.0044499387932	9.511727410351891e-07
813.0044505850045	5.354402477944413e-07
813.0044509487734	3.0141345125679145e-07
813.0044511535488	1.6967358899869727e-07
813.0044512688224	9.551374257782898e-08
813.0044513337126	5.3767207219009644e-08
813.0044513702413	3.026698037123398e-08
813.004451390804	1.703808228311925e-08
813.0044514023797	9.591186313096601e-09
813.0044514088958	5.3991319775295534e-09
813.0044514125636	3.039313924141762e-09
813.0044514146288	1.7109100440338323e-09
140	89
623.24806544625	799.9999999999986
615.0799505868545	713.2745536421594
608.3544352059537	637.0490343597809
602.9057665059894	570.0841760779447
598.5837289713944	511.2742256558599
595.2527609152659	459.6355387091246
592.791056113476	414.29578925648315
591.0896364631976	374.4836786045532
590.0513957312792	339.51910875209165
589.5901244741899	308.80383776897924
589.6295322488423	281.81266262271765
590.1022857733767	258.08518361523346
590.9490814292657	237.21819922836147
592.1177681973234	218.85876582681894
593.5625335537677	202.69793775792792
595.2431606982825	188.4651834542015
597.1243612970766	175.9234547542844
599.1751841082722	164.86487144594057
601.3684966784073	155.10697183030874
603.6805348920201	146.48947309487036
606.0905135495851	138.87148218359775
608.5802902914202	132.12909808978813
611.1340749726947	126.15334934163181
613.7381768944548	120.84841513674424
616.3807829656963	116.13008438911638
619.0517607757013	111.9244132571363
621.7424815738214	108.16654802609521
624.4456591871075	104.79968615617659
627.1552018800361	101.77415363524977
629.8660750241601	99.04658136138809
632.5741731690133	96.57916707736987
635.2762006772207	94.33901240910701
637.969560508514	92.29752688783559
640.6522510214024	90.42989255503254
643.3227708260633	88.71458396469473
645.9800317895846	87.13293921616659
648.6232802877475	85.66877817156355
651.2520267379291	84.30806432258063
653.8659833550932	83.03860694527137
656.465009963878	81.84980027631867
659.0490675878698	80.73239650402785
661.6181794323974	79.67830942242065
664.1723987866054	78.68044566706799
666.7117832984682	77.7325605474573
669.2363750248547	76.82913561676774
736.4425722560192	57.40091533645871
784.1789610062694	40.097073258662924
814.2194950044486	25.707116780773603
832.074700278888	15.58653073205806
842.3877576441217	9.144426603386666
848.263641585875	5.26574001975721
851.5898083847615	3.000667046051669
853.4666838638555	1.6999325069654874
854.5240427035925	0.9598856704199972
855.1192070140481	0.5410123985575335
855.4540564884428	0.30461102410169766
855.6424003173497	0.17140818863797366
855.7483236312067	0.09642188701184069
855.8078894795306	0.05423004006298573
855.8413847773667	0.03049715877005794
855.8602195140115	0.017149585319750277
855.8708103244091	0.00964347789279758
855.8767655117072	0.005422577705572306
855.880114084475	0.0030491121400673758
855.8819969659376	0.00171450394948115
855.8830556968973	0.0009640557861857502
855.8836510133777	0.0005420820721785361
855.8839857552241	0.0003048087818539967
855.8841739779248	0.0001713916478132969
855.8842798140502	9.637218186442369e-05
855.884339324856	5.418931349574912e-05
855.8843727873042	3.047021803904857e-05
855.8843916029697	1.7133159171356678e-05
855.8844021828671	9.633837645778768e-06
855.8844081318583	5.4170293496588125e-06
855.8844114769277	3.045951961356624e-06
855.8844133578332	1.7127142384220993e-06
855.8844144154511	9.630454091685714e-07
855.8844150101414	5.415126689641454e-07
855.8844153445307	3.0448820746639276e-07
855.8844155325556	1.7121126382827216e-07
855.88441563828	9.62707130631927e-08
855.8844156977283	5.413224565232824e-08
855.8844157311555	3.043812521819226e-08
855.8844157499514	1.7115112361957634e-08
855.88441576052	9.62368966725372e-09
855.8844157664627	5.4113230957086375e-09
855.8844157698044	3.0427433404764376e-09
855.884415771683	1.7109100440338337e-09
160	89
678.4499965418569	800.000000000002
671.3650598893137	722.5626354698527
665.4921294676515	653.9159618727375
660.6962465857409	593.0620912866052
656.8550929892697	539.1089749111874
653.8582295266716	491.26128380246536
651.6063177080041	448.81173722359983
650.0103233101735	411.1328439834613
648.9907084423039	377.6690604437335
648.4766230106402	347.9293904870826
648.4051086260063	321.48046084768316
648.720328128864	297.9401033045921
649.3728325770716	276.9714667092419
650.3188752567086	258.277669649558
651.5197794951091	241.59699117805346
652.9413641587811	226.69858426604247
654.5534279971763	213.3786857052313
656.3292916441401	201.4572877414531
658.2453942251323	190.7752310368317
660.2809401810522	181.1916755318764
662.4175910941499	172.58190511225504
664.6391969342365	164.83542324322096
666.9315611564764	157.85429943440946
669.2822343869224	151.551730063075
671.6803319396529	145.85078128577004
674.1163710378507	140.68328614792458
676.5821242900618	135.98887227857333
679.0704866460852	131.71410053413413
681.5753536829685	127.81169850396293
684.091509622912	124.23987584663526
686.6145239463357	120.96171097380544
689.1406558297477	117.94460065864375
691.6667659121339	115.15976576312313
694.1902350833691	112.58180751185914
696.7088901054624	110.18830965477113
699.2209359353999	107.95948252122015
701.7248946308182	105.87784543466134
704.2195506996327	103.92794428216901
706.7039027137998	102.09610126184003
709.1771209554831	100.37019399859258
711.6385108090327	98.73946135229785
714.0874815604286	97.19433336096535
716.5235202214241	95.72628287880225
718.9461699612507	94.32769659206825
721.3550127057358	92.99176322837373
786.6767071502389	64.81498420361277
832.2206231991177	43.592441150073284
860.8135666791907	27.411851968171707
877.8237002188465	16.4488184619732
887.653536523262	9.592953313312151
893.2534322124523	5.503496293158522
896.4216952602142	3.1282074577498338
898.2080978969634	1.768838567082039
899.2135795876011	0.9972637512858741
899.7789896734561	0.5613304461454334
900.0967742304325	0.3156652230501886
900.2753328427107	0.1774230483359387
900.375646831452	0.09969355183696162
900.4319982212381	0.05600840272015578
900.4636520858943	0.031462952638509484
900.4814323033112	0.017673533806042894
900.4914194351383	0.00992738233485591
900.4970291499991	0.005576209011827156
900.500180079655	0.0031321270880964175
900.5019499255732	0.0017592901878071938
900.502944028957	0.0009881760748498558
900.5035024056427	0.0005550479290946532
900.5038160393948	0.00031176420026030375
900.5039922038136	0.00017511436736918027
900.5040911532972	9.835969891269573e-05
900.504146732054	5.5247487444457134e-05
900.5041779499838	3.103186189711398e-05
900.504195484726	1.743022983362934e-05
900.5042053337826	9.790353682044909e-06
900.5042108658806	5.499125633934392e-06
900.5042139731947	3.088793668511844e-06
900.5042157185363	1.734938772725642e-06
900.5042166988736	9.744945307431215e-07
900.5042172495178	5.473620186847111e-07
900.5042175588079	3.0744675293528784e-07
900.5042177325327	1.726891940182821e-07
900.5042178301118	9.699747171677379e-08
900.5042178849204	5.4482329200959904e-08
900.5042179157061	3.0602077996057264e-08
900.5042179329982	1.7188824181425828e-08
900.5042179427107	9.654758633375246e-09
900.504217948166	5.422963390828509e-09
900.5042179512304	3.0460142044715572e-09
900.5042179529514	1.7109100440338267e-09
180	89
735.0441738188676	800.0000000000019
728.8818717674345	730.6324224046722
723.7379794818921	668.6312068529776
719.5030500563917	613.1949792688046
716.0778342564067	563.6057497997032
713.3726266632108	519.2216423443961
711.3066016623936	479.46998483623815
709.8071435614589	443.84075770234546
708.8091783643763	411.8804136929708
708.2545163198149	383.18608880381083
708.0912145916706	357.4002236057516
708.2729686104526	334.20560918904835
708.7585391864469	313.3208641115087
709.5112206052371	294.49633985206725
710.4983529404345	277.5104435602814
711.690879907518	262.1663592208243
713.0629518880962	248.28914223482954
714.5915723622628	235.72315808227606
716.2562849373267	224.32983317364008
718.0388974555003	213.98568506970116
719.9232392748451	204.58059969331023
721.8949477024839	196.01632467668654
723.9412796627157	188.20515027501992
726.0509449483843	181.0687520443832
728.213957777212	174.53717247952224
730.4215038073344	168.54792183227332
732.6658202175967	163.04518123087206
734.9400868966967	157.97909388835023
737.2383271884565	153.3051325603192
739.5553169937463	148.98353345935493
741.8865013254145	144.97878855252353
744.22791764914	141.2591895775717
746.5761255227993	137.79641824205356
748.9281421752193	134.5651779554789
751.2813837492238	131.54286312749198
753.6336119818167	128.70926258446883
755.9828861143648	126.04629404917668
758.3275198254962	123.5377669253071
760.6660429660277	121.16917085773204
762.99716785446	118.92748772202307
765.3197598681971	116.80102484990287
767.632812043266	114.77926743323766
769.9354233764943	112.85274817644452
772.2267805105545	111.01293239119343
774.5061424748018	109.2521168509917
837.880554059744	72.08550637200487
881.5113389170381	47.01701620136423
908.8581103344187	29.089135726826807
925.1367271343693	17.30012933497919
934.5458995416212	10.036686385296575
939.904667746664	5.738946479218747
942.9346927590839	3.254543474467542
944.6418077782212	1.837078355456082
945.6018050191109	1.0342604409347973
946.1411243568953	0.5814263908371177
946.4439464203198	0.32658921791454365
946.6139272144557	0.18336152287026528
946.7093254775206	0.10292051056939425
946.7628608804066	0.057760700612097315
946.7929022211591	0.03241361787006662
946.8097594048156	0.018188742029100053
946.8192183716491	0.010206260594042067
946.8245259748682	0.005726962995113445
946.827504155164	0.0032135020799956863
946.8291752545663	0.0018031457024545424
946.8301129307523	0.00101177035418813
946.8306390729073	0.0005677177303304685
946.8309342978806	0.0003185536731398425
946.8310999522761	0.00017874445619449136
946.8311929029973	0.00010029572798005224
946.8312450587877	5.62771670751547e-05
946.8312743240398	3.1577808405810215e-05
946.8312907451306	1.7718694650628352e-05
946.8312999592051	9.942176107498119e-06
946.8313051293345	5.578676438217377e-06
946.8313080303575	3.130263457458743e-06
946.8313096581569	1.7564290344250739e-06
946.831310571535	9.855537679939866e-07
946.8313110840427	5.530062468888796e-07
946.8313113716167	3.102985537577991e-07
946.8313115329784	1.7411230517491496e-07
946.8313116235204	9.769653915153143e-08
946.8313116743243	5.4818720315488525e-08
946.831311702831	3.075945292323918e-08
946.8313117188266	1.725950439285441e-08
946.831311727802	9.684518532338177e-09
946.8313117328382	5.434101528474183e-09
946.8313117356638	3.0491406798319614e-09
946.8313117372494	1.7109100440338267e-09
