# Table format: T1D
# table_unit = degC
# axis1_unit = bar
# axis2_unit = rev/min
    1.00000000000000e+003     12
    1.07000000000000e+000     4.10000000000000e+002
    2.06000000000000e+000     3.97000000000000e+002
    2.98000000000000e+000     4.26000000000000e+002
    3.96000000000000e+000     4.54000000000000e+002
    4.89000000000000e+000     4.87000000000000e+002
    6.01000000000000e+000     5.23000000000000e+002
    6.48000000000000e+000     5.49000000000000e+002
    6.97000000000000e+000     5.75000000000000e+002
    7.39000000000000e+000     6.04000000000000e+002
    8.10000000000000e+000     6.34000000000000e+002
    8.59000000000000e+000     6.59000000000000e+002
    9.03000000000000e+000     5.98000000000000e+002
    1.50000000000000e+003     14
    9.40000000000000e-001     4.63000000000000e+002
    1.97000000000000e+000     4.72000000000000e+002
    3.00000000000000e+000     5.05000000000000e+002
    3.98000000000000e+000     5.33000000000000e+002
    4.98000000000000e+000     5.60000000000000e+002
    6.07000000000000e+000     5.92000000000000e+002
    6.55000000000000e+000     6.08000000000000e+002
    6.95000000000000e+000     6.29000000000000e+002
    7.52000000000000e+000     6.44000000000000e+002
    7.97000000000000e+000     6.63000000000000e+002
    8.53000000000000e+000     6.73000000000000e+002
    8.96000000000000e+000     6.83000000000000e+002
    9.47000000000000e+000     6.94000000000000e+002
    1.00700000000000e+001     7.23000000000000e+002
    2.00000000000000e+003     16
    1.03000000000000e+000     5.26000000000000e+002
    2.01000000000000e+000     5.35000000000000e+002
    2.98000000000000e+000     5.55000000000000e+002
    4.13000000000000e+000     5.99000000000000e+002
    5.02000000000000e+000     6.25000000000000e+002
    5.98000000000000e+000     6.51000000000000e+002
    6.60000000000000e+000     6.64000000000000e+002
    6.99000000000000e+000     6.77000000000000e+002
    7.50000000000000e+000     6.90000000000000e+002
    7.99000000000000e+000     7.03000000000000e+002
    8.43000000000000e+000     7.15000000000000e+002
    8.92000000000000e+000     7.24000000000000e+002
    9.44000000000000e+000     7.35000000000000e+002
    9.95000000000000e+000     7.42000000000000e+002
    1.05200000000000e+001     7.52000000000000e+002
    1.10800000000000e+001     7.60000000000000e+002
    2.50000000000000e+003     16
    9.80000000000000e-001     5.51000000000000e+002
    1.98000000000000e+000     5.89000000000000e+002
    2.99000000000000e+000     6.15000000000000e+002
    4.00000000000000e+000     6.37000000000000e+002
    5.13000000000000e+000     6.66000000000000e+002
    5.97000000000000e+000     6.84000000000000e+002
    6.48000000000000e+000     6.93000000000000e+002
    6.91000000000000e+000     7.04000000000000e+002
    7.52000000000000e+000     7.18000000000000e+002
    7.95000000000000e+000     7.29000000000000e+002
    8.45000000000000e+000     7.39000000000000e+002
    8.92000000000000e+000     7.50000000000000e+002
    9.49000000000000e+000     7.56000000000000e+002
    1.00100000000000e+001     7.66000000000000e+002
    1.04700000000000e+001     7.80000000000000e+002
    1.12400000000000e+001     7.36000000000000e+002
    3.00000000000000e+003     17
    1.00000000000000e+000     5.96000000000000e+002
    1.99000000000000e+000     6.15000000000000e+002
    2.97000000000000e+000     6.40000000000000e+002
    4.04000000000000e+000     6.70000000000000e+002
    4.97000000000000e+000     6.95000000000000e+002
    5.99000000000000e+000     7.21000000000000e+002
    6.47000000000000e+000     7.30000000000000e+002
    6.98000000000000e+000     7.41000000000000e+002
    7.50000000000000e+000     7.56000000000000e+002
    7.98000000000000e+000     7.64000000000000e+002
    8.51000000000000e+000     7.73000000000000e+002
    8.94000000000000e+000     7.81000000000000e+002
    9.45000000000000e+000     7.91000000000000e+002
    9.96000000000000e+000     7.97000000000000e+002
    1.05000000000000e+001     8.10000000000000e+002
    1.08300000000000e+001     8.14000000000000e+002
    1.12400000000000e+001     7.66000000000000e+002
    3.50000000000000e+003     17
    1.01000000000000e+000     6.37000000000000e+002
    1.99000000000000e+000     6.62000000000000e+002
    3.00000000000000e+000     6.89000000000000e+002
    3.97000000000000e+000     7.16000000000000e+002
    4.98000000000000e+000     7.45000000000000e+002
    5.95000000000000e+000     7.70000000000000e+002
    6.47000000000000e+000     7.79000000000000e+002
    6.96000000000000e+000     7.85000000000000e+002
    7.49000000000000e+000     7.91000000000000e+002
    7.98000000000000e+000     8.01000000000000e+002
    8.47000000000000e+000     8.09000000000000e+002
    8.98000000000000e+000     8.14000000000000e+002
    9.51000000000000e+000     8.23000000000000e+002
    1.00300000000000e+001     8.31000000000000e+002
    1.04600000000000e+001     8.39000000000000e+002
    1.15100000000000e+001     8.54000000000000e+002
    1.18700000000000e+001     8.32000000000000e+002
    4.00000000000000e+003     18
    9.70000000000000e-001     6.78000000000000e+002
    2.00000000000000e+000     6.99000000000000e+002
    2.99000000000000e+000     7.25000000000000e+002
    3.99000000000000e+000     7.53000000000000e+002
    4.95000000000000e+000     7.76000000000000e+002
    5.97000000000000e+000     8.00000000000000e+002
    6.48000000000000e+000     8.06000000000000e+002
    7.02000000000000e+000     8.13000000000000e+002
    7.47000000000000e+000     8.22000000000000e+002
    8.02000000000000e+000     8.30000000000000e+002
    8.50000000000000e+000     8.38000000000000e+002
    8.99000000000000e+000     8.44000000000000e+002
    9.47000000000000e+000     8.48000000000000e+002
    9.99000000000000e+000     8.59000000000000e+002
    1.04600000000000e+001     8.60000000000000e+002
    1.09300000000000e+001     8.61000000000000e+002
    1.15000000000000e+001     8.75000000000000e+002
    1.19900000000000e+001     8.16000000000000e+002
    4.50000000000000e+003     18
    1.01000000000000e+000     7.11000000000000e+002
    1.98000000000000e+000     7.35000000000000e+002
    2.97000000000000e+000     7.58000000000000e+002
    4.04000000000000e+000     7.90000000000000e+002
    5.04000000000000e+000     8.10000000000000e+002
    5.96000000000000e+000     8.29000000000000e+002
    6.50000000000000e+000     8.36000000000000e+002
    6.97000000000000e+000     8.43000000000000e+002
    7.52000000000000e+000     8.54000000000000e+002
    7.96000000000000e+000     8.63000000000000e+002
    8.46000000000000e+000     8.74000000000000e+002
    9.00000000000000e+000     8.69000000000000e+002
    9.57000000000000e+000     8.68000000000000e+002
    9.95000000000000e+000     8.66000000000000e+002
    1.04900000000000e+001     8.68000000000000e+002
    1.09600000000000e+001     8.79000000000000e+002
    1.15200000000000e+001     8.78000000000000e+002
    1.19100000000000e+001     8.36000000000000e+002
    5.00000000000000e+003     16
    1.01000000000000e+000     7.41000000000000e+002
    1.99000000000000e+000     7.63000000000000e+002
    2.98000000000000e+000     7.78000000000000e+002
    3.96000000000000e+000     7.95000000000000e+002
    5.01000000000000e+000     8.15000000000000e+002
    6.02000000000000e+000     8.34000000000000e+002
    6.47000000000000e+000     8.41000000000000e+002
    7.00000000000000e+000     8.50000000000000e+002
    7.31000000000000e+000     8.51000000000000e+002
    8.00000000000000e+000     8.57000000000000e+002
    8.56000000000000e+000     8.71000000000000e+002
    8.96000000000000e+000     8.80000000000000e+002
    9.46000000000000e+000     8.84000000000000e+002
    1.00000000000000e+001     8.93000000000000e+002
    1.09600000000000e+001     8.94000000000000e+002
    1.15200000000000e+001     8.49000000000000e+002
    5.50000000000000e+003     16
    1.03000000000000e+000     7.75000000000000e+002
    1.96000000000000e+000     7.82000000000000e+002
    3.01000000000000e+000     7.96000000000000e+002
    3.99000000000000e+000     8.16000000000000e+002
    4.95000000000000e+000     8.30000000000000e+002
    5.97000000000000e+000     8.48000000000000e+002
    6.51000000000000e+000     8.57000000000000e+002
    6.98000000000000e+000     8.67000000000000e+002
    7.44000000000000e+000     8.65000000000000e+002
    8.00000000000000e+000     8.82000000000000e+002
    8.47000000000000e+000     8.84000000000000e+002
    8.98000000000000e+000     8.81000000000000e+002
    9.49000000000000e+000     8.86000000000000e+002
    9.98000000000000e+000     8.87000000000000e+002
    1.04500000000000e+001     8.84000000000000e+002
    1.10400000000000e+001     8.48000000000000e+002
    6.00000000000000e+003     16
    9.70000000000000e-001     8.03000000000000e+002
    2.01000000000000e+000     8.00000000000000e+002
    3.01000000000000e+000     8.12000000000000e+002
    3.98000000000000e+000     8.31000000000000e+002
    4.48000000000000e+000     8.41000000000000e+002
    4.73000000000000e+000     8.30000000000000e+002
    5.02000000000000e+000     8.32000000000000e+002
    6.00000000000000e+000     8.46000000000000e+002
    7.01000000000000e+000     8.63000000000000e+002
    8.00000000000000e+000     8.63000000000000e+002
    8.48000000000000e+000     8.58000000000000e+002
    9.00000000000000e+000     8.70000000000000e+002
    9.48000000000000e+000     8.74000000000000e+002
    1.00500000000000e+001     8.78000000000000e+002
    1.05000000000000e+001     8.77000000000000e+002
    1.08800000000000e+001     8.58000000000000e+002
