# Table format: T1D
# table_unit = barA
# axis1_unit = m**3/kg
# axis2_unit = null
# This file was automatically generated by generate_data_files.py
0.1	99
0.0026157539313163844	45.14656895310655
0.0025321347135283606	45.08397470706341
0.002464409880806479	44.98021290284689
0.0024090315866082722	44.835917846981495
0.00236299728279729	44.65178558696123
0.002324134731198302	44.4285545221075
0.002290926861999848	44.167003123076
0.00226230941125795	43.867950510722345
0.0022375232900089595	43.53225690735354
0.0022160169653312406	43.16082361855645
0.002197383054916319	42.75459263731927
0.0021813167965551556	42.314545977723384
0.0021675883679343737	41.84170480959404
0.002156024070217161	41.33712843746269
0.002146493290072478	40.80191315032735
0.0021388993098503907	40.23719095926636
0.002133172737571745	39.644128234656016
0.0021292667603042244	39.023924251739295
0.0021271536948859133	38.3778096515056
0.002126822482517066	37.70704482265357
0.002128276886079257	37.012918209535925
0.002131534223648566	36.296744550295365
0.0021366245222259835	35.55986304871336
0.002143590010682623	34.80363548268752
0.0021524848956469477	34.0294442516391
0.0021633753819771183	33.238690364565294
0.0021763399128091367	32.43279136988677
0.002191469614449018	31.61317922776259
0.002208868939612111	30.781298125074485
0.0022286565094228653	29.938602232947623
0.002250966160696545	29.08655340636902
0.0022759482107265892	28.22661882530316
0.0023037709574140128	27.36026857659637
0.002334622442762098	26.488973175883647
0.0023687124972551826	25.614201027331507
0.002406275108724749	24.73741582469826
0.002447571170140333	23.860073891226435
0.0024928916472614538	22.983621457702483
0.0025425612344632644	22.109491879794206
0.0025969425756101794	21.239102795512505
0.002656441141851014	20.373853224061335
0.0027215108762070265	19.51512060784265
0.002792660736535273	18.664257799893516
0.0028704622947576014	17.82258999960139
0.002955558582257109	16.991411640123573
0.003048674410448999	16.171983231643775
0.003150628443487968	15.365528165245138
0.0032623473591080736	14.57322948302646
0.0033848825065380507	13.796226620921006
0.0035194295609360434	13.035612131670852
0.0036673517865054993	12.292428396472074
0.003830207661424639	11.567664335057852
0.0040097837947719655	10.862252125302517
0.004208134288957737	10.177063945047365
0.004427627984142768	9.512908750460204
0.004671005381337204	8.870529107278943
0.004941447501610159	8.250598093312325
0.0052426595311028034	7.653716293048769
0.0055789728667975024	7.080408907681538
0.005955470172087156	6.531123006840973
0.006378139349723214	6.006224951232656
0.006854064045736397	5.505998018759183
0.007391660552745292	5.030640270055618
0.008000973979872582	4.580262693053951
0.008694050570673014	4.154887669750647
0.009485408460249563	3.7544478120656986
0.010392636627967713	3.3787851807358456
0.01143716145615001	3.027651044660318
0.012645234437562608	2.7007061787430278
0.014049214071918989	2.3975216767676986
0.015689241251592944	2.1175804457178593
0.017615445829716716	1.8602794076619809
0.01989087615601546	1.6249324671884058
0.022595421352083138	1.410774298637127
0.02583110949307427	1.216965001288594
0.029729331495978076	1.042595661490968
0.03446167653129741	0.8866680628792402
0.040248566197508	0.7482527182925666
0.047391424761357374	0.6261460616939819
0.056283867397470703	0.5193142268149215
0.06746369806629167	0.4266025712770081
0.08166647877628	0.3468566277267613
0.09991254986884979	0.2789168759066417
0.1236366032867911	0.22163060131271162
0.15488541022551267	0.17386395635087984
0.1966246566659245	0.13451396452455283
0.2532237060805766	0.10252017082986026
0.33123630072626004	0.07687561189464669
0.4406839947919603	0.05663676085966816
0.5972131786717177	0.040932099177196576
0.8258075142292729	0.02896898471404282
1.1673431957894216	0.02003852629455002
1.6904887552256223	0.013518241544787972
2.5139636442998707	0.008872367749274114
3.849547500721547	0.0056498111345094785
6.0881709102380075	0.0034798525271116367
9.971268766253065	0.002067687964724608
17.017860923805205	0.0011774388139747796
30.329440923613035	0.000641386179810568
0.2	99
0.002643086748645188	45.14656895310655
0.002585558757570346	45.08397470706341
0.0025421397381491877	44.98021290284689
0.0025094001705731083	44.835917846981495
0.00248469294961662	44.65178558696123
0.002466207899506356	44.4285545221075
0.002452730336158592	44.167003123076
0.0024434361713882107	43.867950510722345
0.0024377570028892466	43.53225690735354
0.0024352956098743273	43.16082361855645
0.0024357728936756882	42.75459263731927
0.002438993944874556	42.314545977723384
0.002444825855304463	41.84170480959404
0.0024531828986814326	41.33712843746269
0.0024640164538324316	40.80191315032735
0.002477308062964246	40.23719095926636
0.002493064619031746	39.644128234656016
0.002511315039147998	39.023924251739295
0.0025321080049754033	38.3778096515056
0.0025555104925925084	37.70704482265357
0.0025816069059374645	37.012918209535925
0.0026104986886500378	36.296744550295365
0.0026423043304096756	35.55986304871336
0.002677159712704959	34.80363548268752
0.0027152187597574737	34.0294442516391
0.0027566543758732005	33.238690364565294
0.002801659662653518	32.43279136988677
0.0028504494195058	31.61317922776259
0.0029032619396230476	30.781298125074485
0.0029603611216826114	29.938602232947623
0.00302203892543365	29.08655340636902
0.003088618207501805	28.22661882530316
0.0031604559824952396	27.36026857659637
0.0032379471739893014	26.488973175883647
0.0033215288931051235	25.614201027331507
0.0034116853397658576	24.73741582469826
0.0035089534408963914	23.860073891226435
0.0036139293076145104	22.983621457702483
0.0037272756520381695	22.109491879794206
0.003849730319799992	21.239102795512505
0.003982116124004181	20.373853224061335
0.004125352202069261	19.51512060784265
0.00428046716008583	18.664257799893516
0.004448614321737722	17.82258999960139
0.00463108946269289	16.991411640123573
0.00482935148943943	16.171983231643775
0.005045046617331235	15.365528165245138
0.005280036720569599	14.57322948302646
0.005536432672648028	13.796226620921006
0.005816633676707363	13.035612131670852
0.0061233738106108515	12.292428396472074
0.006459777293425067	11.567664335057852
0.006829424334034818	10.862252125302517
0.007236429869223672	10.177063945047365
0.007685538064448941	9.512908750460204
0.00818223617092231	8.870529107278943
0.008732892254048268	8.250598093312325
0.009344922492765157	7.653716293048769
0.010026995279826482	7.080408907681538
0.010789281341220371	6.531123006840973
0.011643761689973442	6.006224951232656
0.012604608641599641	5.505998018759183
0.013688659628082335	5.030640270055618
0.014916009544874891	4.580262693053951
0.01631075539376337	4.154887669750647
0.017901937803970872	3.7544478120656986
0.019724738944490675	3.3787851807358456
0.02182201564795804	3.027651044660318
0.024246274832049042	2.7007061787430278
0.02706223729911452	2.3975216767676986
0.03035018851397692	2.1175804457178593
0.03421039174639582	1.8602794076619809
0.03876894714889333	1.6249324671884058
0.044185636313333665	1.410774298637127
0.050664518640184314	1.216965001288594
0.05846837912076482	1.042595661490968
0.06794039926275797	0.8866680628792402
0.07952142490003904	0.7482527182925666
0.0938143079498559	0.6261460616939819
0.11160628131993293	0.5193142268149215
0.133972955761803	0.4266025712770081
0.16238545799708798	0.3468566277267613
0.19888447135127507	0.2789168759066417
0.24633938229264968	0.22163060131271162
0.3088437357358921	0.17386395635087984
0.3923289061077632	0.13451396452455283
0.505533622757862	0.10252017082986026
0.6615653725405646	0.07687561189464669
0.8804672661055718	0.05663676085966816
1.193532086435762	0.040932099177196576
1.6507271593656354	0.02896898471404282
2.333804875549696	0.02003852629455002
3.3801023006193254	0.013518241544787972
5.027058339839711	0.008872367749274114
7.698232270199921	0.0056498111345094785
12.17548526456167	0.0034798525271116367
19.941687110811966	0.002067687964724608
34.03487752001981	0.0011774388139747796
60.65804357401137	0.000641386179810568
0.3	99
0.0026704195659739923	45.14656895310655
0.002638982801612331	45.08397470706341
0.002619869595491896	44.98021290284689
0.0026097687545379453	44.835917846981495
0.0026063886164359507	44.65178558696123
0.002608281067814411	44.4285545221075
0.002614533810317336	44.167003123076
0.0026245629315184713	43.867950510722345
0.002637990715769533	43.53225690735354
0.002654574254417415	43.16082361855645
0.0026741627324350574	42.75459263731927
0.002696671093193957	42.314545977723384
0.002722063342674551	41.84170480959404
0.0027503417271457047	41.33712843746269
0.0027815396175923848	40.80191315032735
0.002815716816078101	40.23719095926636
0.002852956500491747	39.644128234656016
0.0028933633179917717	39.023924251739295
0.0029370623150648933	38.3778096515056
0.0029841985026679515	37.70704482265357
0.0030349369257956713	37.012918209535925
0.003089463153651509	36.296744550295365
0.0031479841385933685	35.55986304871336
0.0032107294147272953	34.80363548268752
0.0032779526238679996	34.0294442516391
0.0033499333697692814	33.238690364565294
0.0034269794124978997	32.43279136988677
0.0035094292245625826	31.61317922776259
0.0035976549396339835	30.781298125074485
0.003692065733942358	29.938602232947623
0.0037931116901707552	29.08655340636902
0.0039012882042770204	28.22661882530316
0.0040171410075764665	27.36026857659637
0.004141271905216504	26.488973175883647
0.004274345288955065	25.614201027331507
0.004417095570806965	24.73741582469826
0.0045703357116524505	23.860073891226435
0.0047349669679675665	22.983621457702483
0.004911990069613074	22.109491879794206
0.0051025180639898025	21.239102795512505
0.005307791106157349	20.373853224061335
0.005529193527931495	19.51512060784265
0.005768273583636385	18.664257799893516
0.0060267663487178404	17.82258999960139
0.006306620343128671	16.991411640123573
0.00661002856842986	16.171983231643775
0.006939464791174501	15.365528165245138
0.007297726082031125	14.57322948302646
0.007687982838758006	13.796226620921006
0.00811383779247868	13.035612131670852
0.0085793958347162	12.292428396472074
0.009089346925425497	11.567664335057852
0.009649064873297667	10.862252125302517
0.010264725449489606	10.177063945047365
0.010943448144755114	9.512908750460204
0.011693466960507413	8.870529107278943
0.012524337006486377	8.250598093312325
0.013447185454427508	7.653716293048769
0.014475017692855459	7.080408907681538
0.015623092510353584	6.531123006840973
0.016909384030223667	6.006224951232656
0.018355153237462882	5.505998018759183
0.01998565870341937	5.030640270055618
0.0218310451098772	4.580262693053951
0.02392746021685373	4.154887669750647
0.026318467147692173	3.7544478120656986
0.029056841261013634	3.3787851807358456
0.03220686983976608	3.027651044660318
0.035847315226535476	2.7007061787430278
0.04007526052631005	2.3975216767676986
0.04501113577636089	2.1175804457178593
0.05080533766307491	1.8602794076619809
0.05764701814177119	1.6249324671884058
0.0657758512745842	1.410774298637127
0.07549792778729435	1.216965001288594
0.08720742674555158	1.042595661490968
0.10141912199421851	0.8866680628792402
0.11879428360257002	0.7482527182925666
0.1402371911383544	0.6261460616939819
0.16692869524239515	0.5193142268149215
0.2004822134573143	0.4266025712770081
0.24310443721789596	0.3468566277267613
0.29785639283370025	0.2789168759066417
0.3690421612985082	0.22163060131271162
0.4628020612462713	0.17386395635087984
0.5880331555496018	0.13451396452455283
0.7578435394351473	0.10252017082986026
0.9918944443548691	0.07687561189464669
1.3202505374191833	0.05663676085966816
1.789850994199806	0.040932099177196576
2.475646804501998	0.02896898471404282
3.50026655530997	0.02003852629455002
5.069715846013027	0.013518241544787972
7.540153035379553	0.008872367749274114
11.546917039678295	0.0056498111345094785
18.262799618885335	0.0034798525271116367
29.912105455370867	0.002067687964724608
51.051894116234415	0.0011774388139747796
90.9866462244097	0.000641386179810568
0.4	99
0.0026977523833027956	45.14656895310655
0.002692406845654316	45.08397470706341
0.0026975994528346046	44.98021290284689
0.002710137338502782	44.835917846981495
0.0027280842832552808	44.65178558696123
0.0027503542361224653	44.4285545221075
0.0027763372844760805	44.167003123076
0.002805689691648732	43.867950510722345
0.0028382244286498195	43.53225690735354
0.002873852898960502	43.16082361855645
0.002912552571194427	42.75459263731927
0.0029543482415133582	42.314545977723384
0.00299930083004464	41.84170480959404
0.003047500555609976	41.33712843746269
0.003099062781352338	40.80191315032735
0.003154125569191956	40.23719095926636
0.0032128483819517484	39.644128234656016
0.0032754115968355456	39.023924251739295
0.0033420166251543824	38.3778096515056
0.0034128865127433937	37.70704482265357
0.003488266945653879	37.012918209535925
0.003568427618652981	36.296744550295365
0.0036536639467770614	35.55986304871336
0.0037442991167496316	34.80363548268752
0.0038406864879785255	34.0294442516391
0.003943212363665364	33.238690364565294
0.004052299162342282	32.43279136988677
0.0041684090296193665	31.61317922776259
0.00429204793964492	30.781298125074485
0.004423770346202103	29.938602232947623
0.004564184454907859	29.08655340636902
0.0047139582010522355	28.22661882530316
0.004873826032657693	27.36026857659637
0.005044596636443709	26.488973175883647
0.005227161684805008	25.614201027331507
0.005422505801848074	24.73741582469826
0.005631717982408508	23.860073891226435
0.005856004628320623	22.983621457702483
0.006096704487187981	22.109491879794206
0.006355305808179615	21.239102795512505
0.006633466088310518	20.373853224061335
0.006933034853793731	19.51512060784265
0.007256080007186941	18.664257799893516
0.007604918375697963	17.82258999960139
0.007982151223564452	16.991411640123573
0.008390705647420293	16.171983231643775
0.008833882965017768	15.365528165245138
0.00931541544349265	14.57322948302646
0.009839533004867984	13.796226620921006
0.010411041908249999	13.035612131670852
0.011035417858821553	12.292428396472074
0.011718916557425922	11.567664335057852
0.012468705412560522	10.862252125302517
0.013293021029755542	10.177063945047365
0.01420135822506129	9.512908750460204
0.01520469775009252	8.870529107278943
0.016315781758924484	8.250598093312325
0.017549448416089863	7.653716293048769
0.018923040105884442	7.080408907681538
0.020456903679486802	6.531123006840973
0.022175006370473895	6.006224951232656
0.02410569783332613	5.505998018759183
0.026282657778756414	5.030640270055618
0.02874608067487951	4.580262693053951
0.03154416503994409	4.154887669750647
0.03473499649141348	3.7544478120656986
0.0383889435775366	3.3787851807358456
0.042591724031574116	3.027651044660318
0.04744835562102191	2.7007061787430278
0.05308828375350559	2.3975216767676986
0.05967208303874487	2.1175804457178593
0.06740028357975403	1.8602794076619809
0.07652508913464907	1.6249324671884058
0.08736606623583472	1.410774298637127
0.10033133693440441	1.216965001288594
0.11594647437033834	1.042595661490968
0.1348978447256791	0.8866680628792402
0.15806714230510108	0.7482527182925666
0.18666007432685292	0.6261460616939819
0.2222511091648574	0.5193142268149215
0.2669914711528256	0.4266025712770081
0.323823416438704	0.3468566277267613
0.39682831431612553	0.2789168759066417
0.49174494030436683	0.22163060131271162
0.6167603867566508	0.17386395635087984
0.7837374049914406	0.13451396452455283
1.0101534561124328	0.10252017082986026
1.3222235161691736	0.07687561189464669
1.7600338087327951	0.05663676085966816
2.3861699019638505	0.040932099177196576
3.300566449638361	0.02896898471404282
4.666728235070244	0.02003852629455002
6.759329391406731	0.013518241544787972
10.053247730919395	0.008872367749274114
15.39560180915667	0.0056498111345094785
24.350113973209	0.0034798525271116367
39.88252379992977	0.002067687964724608
68.06891071244901	0.0011774388139747796
121.31524887480805	0.000641386179810568
0.5	99
0.0027250852006316002	45.14656895310655
0.002745830889696301	45.08397470706341
0.002775329310177313	44.98021290284689
0.0028105059224676175	44.835917846981495
0.0028497799500746103	44.65178558696123
0.00289242740443052	44.4285545221075
0.0029381407586348243	44.167003123076
0.0029868164517789925	43.867950510722345
0.0030384581415301066	43.53225690735354
0.0030931315435035896	43.16082361855645
0.003150942409953796	42.75459263731927
0.0032120253898327584	42.314545977723384
0.0032765383174147293	41.84170480959404
0.0033446593840742475	41.33712843746269
0.0034165859451122916	40.80191315032735
0.0034925343223058116	40.23719095926636
0.00357274026341175	39.644128234656016
0.0036574598756793186	39.023924251739295
0.0037469709352438733	38.3778096515056
0.0038415745228188368	37.70704482265357
0.0039415969655120855	37.012918209535925
0.0040473920836544535	36.296744550295365
0.004159343754960753	35.55986304871336
0.0042778688187719675	34.80363548268752
0.004403420352089051	34.0294442516391
0.004536491357561446	33.238690364565294
0.004677618912186664	32.43279136988677
0.004827388834676149	31.61317922776259
0.0049864409396558566	30.781298125074485
0.005155474958461849	29.938602232947623
0.005335257219644964	29.08655340636902
0.00552662819782745	28.22661882530316
0.005730511057738919	27.36026857659637
0.005947921367670911	26.488973175883647
0.00617997808065495	25.614201027331507
0.006427916032889182	24.73741582469826
0.006693100253164567	23.860073891226435
0.006977042288673678	22.983621457702483
0.007281418904762887	22.109491879794206
0.007608093552369427	21.239102795512505
0.007959141070463685	20.373853224061335
0.008336876179655965	19.51512060784265
0.008743886430737495	18.664257799893516
0.009183070402678083	17.82258999960139
0.009657682104000235	16.991411640123573
0.010171382726410723	16.171983231643775
0.010728301138861035	15.365528165245138
0.011333104804954175	14.57322948302646
0.01199108317097796	13.796226620921006
0.012708246024021317	13.035612131670852
0.013491439882926903	12.292428396472074
0.014348486189426355	11.567664335057852
0.015288345951823374	10.862252125302517
0.016321316610021477	10.177063945047365
0.01745926830536746	9.512908750460204
0.01871592853967763	8.870529107278943
0.020107226511362597	8.250598093312325
0.021651711377752215	7.653716293048769
0.023371062518913417	7.080408907681538
0.025290714848620013	6.531123006840973
0.027440628710724124	6.006224951232656
0.02985624242918937	5.505998018759183
0.032579656854093454	5.030640270055618
0.03566111623988182	4.580262693053951
0.039160869863034437	4.154887669750647
0.043151525835134784	3.7544478120656986
0.04772104589405956	3.3787851807358456
0.05297657822338214	3.027651044660318
0.05904939601550834	2.7007061787430278
0.06610130698070112	2.3975216767676986
0.07433303030112884	2.1175804457178593
0.08399522949643312	1.8602794076619809
0.09540316012752695	1.6249324671884058
0.10895628119708524	1.410774298637127
0.12516474608151446	1.216965001288594
0.1446855219951251	1.042595661490968
0.1683765674571396	0.8866680628792402
0.19734000100763208	0.7482527182925666
0.2330829575153514	0.6261460616939819
0.27757352308731964	0.5193142268149215
0.3335007288483369	0.4266025712770081
0.404542395659512	0.3468566277267613
0.49580023579855076	0.2789168759066417
0.6144477193102253	0.22163060131271162
0.7707187122670303	0.17386395635087984
0.9794416544332792	0.13451396452455283
1.2624633727897177	0.10252017082986026
1.652552587983478	0.07687561189464669
2.1998170800464067	0.05663676085966816
2.9824888097278945	0.040932099177196576
4.125486094774724	0.02896898471404282
5.833189914830519	0.02003852629455002
8.448942936800433	0.013518241544787972
12.566342426459235	0.008872367749274114
19.24428657863504	0.0056498111345094785
30.437428327532665	0.0034798525271116367
49.85294214448867	0.002067687964724608
85.08592730866361	0.0011774388139747796
151.6438515252064	0.000641386179810568
0.6	99
0.002752418017960404	45.14656895310655
0.0027992549337382856	45.08397470706341
0.0028530591675200215	44.98021290284689
0.002910874506432454	44.835917846981495
0.0029714756168939403	44.65178558696123
0.0030345005727385743	44.4285545221075
0.0030999442327935686	44.167003123076
0.003167943211909253	43.867950510722345
0.0032386918544103933	43.53225690735354
0.0033124101880466763	43.16082361855645
0.003389332248713165	42.75459263731927
0.003469702538152159	42.314545977723384
0.003553775804784818	41.84170480959404
0.003641818212538519	41.33712843746269
0.0037341091088722448	40.80191315032735
0.0038309430754196665	40.23719095926636
0.003932632144871751	39.644128234656016
0.004039508154523092	39.023924251739295
0.004151925245333363	38.3778096515056
0.004270262532894279	37.70704482265357
0.004394926985370293	37.012918209535925
0.004526356548655925	36.296744550295365
0.004665023563144447	35.55986304871336
0.004811438520794305	34.80363548268752
0.004966154216199577	34.0294442516391
0.005129770351457528	33.238690364565294
0.0053029386620310455	32.43279136988677
0.005486368639732932	31.61317922776259
0.005680833939666794	30.781298125074485
0.005887179570721595	29.938602232947623
0.006106329984382069	29.08655340636902
0.006339298194602666	28.22661882530316
0.006587196082820146	27.36026857659637
0.006851246098898115	26.488973175883647
0.0071327944765048916	25.614201027331507
0.007433326263930291	24.73741582469826
0.007754482523920624	23.860073891226435
0.008098079949026735	22.983621457702483
0.00846613332233779	22.109491879794206
0.008860881296559238	21.239102795512505
0.009284816052616851	20.373853224061335
0.0097407175055182	19.51512060784265
0.01023169285428805	18.664257799893516
0.010761222429658202	17.82258999960139
0.011333212984436016	16.991411640123573
0.011952059805401153	16.171983231643775
0.012622719312704303	15.365528165245138
0.0133507941664157	14.57322948302646
0.014142633337087939	13.796226620921006
0.015005450139792634	13.035612131670852
0.015947461907032254	12.292428396472074
0.01697805582142678	11.567664335057852
0.01810798649108622	10.862252125302517
0.01934961219028741	10.177063945047365
0.020717178385673638	9.512908750460204
0.022227159329262728	8.870529107278943
0.023898671263800703	8.250598093312325
0.025753974339414565	7.653716293048769
0.027819084931942396	7.080408907681538
0.030124526017753225	6.531123006840973
0.03270625105097434	6.006224951232656
0.035606787025052614	5.505998018759183
0.038876655929430494	5.030640270055618
0.04257615180488412	4.580262693053951
0.04677757468612479	4.154887669750647
0.05156805517885609	3.7544478120656986
0.05705314821058251	3.3787851807358456
0.06336143241519018	3.027651044660318
0.07065043640999479	2.7007061787430278
0.07911433020789665	2.3975216767676986
0.08899397756351282	2.1175804457178593
0.10059017541311223	1.8602794076619809
0.11428123112040482	1.6249324671884058
0.13054649615833577	1.410774298637127
0.14999815522862447	1.216965001288594
0.17342456961991187	1.042595661490968
0.20185529018860016	0.8866680628792402
0.2366128597101631	0.7482527182925666
0.27950584070384993	0.6261460616939819
0.3328959370097819	0.5193142268149215
0.40000998654384823	0.4266025712770081
0.48526137488031995	0.3468566277267613
0.594772157280976	0.2789168759066417
0.7371504983160839	0.22163060131271162
0.9246770377774095	0.17386395635087984
1.175145903875118	0.13451396452455283
1.5147732894670032	0.10252017082986026
1.9828816597977823	0.07687561189464669
2.6396003513600186	0.05663676085966816
3.578807717491938	0.040932099177196576
4.950405739911085	0.02896898471404282
6.999651594590793	0.02003852629455002
10.138556482194137	0.013518241544787972
15.079437121999076	0.008872367749274114
23.092971348113416	0.0056498111345094785
36.52474268185633	0.0034798525271116367
59.82336048904757	0.002067687964724608
102.1029439048782	0.0011774388139747796
181.97245417560472	0.000641386179810568
0.7	99
0.0027797508352892077	45.14656895310655
0.002852678977780271	45.08397470706341
0.00293078902486273	44.98021290284689
0.003011243090397291	44.835917846981495
0.0030931712837132704	44.65178558696123
0.003176573741046629	44.4285545221075
0.0032617477069523133	44.167003123076
0.003349069972039513	43.867950510722345
0.00343892556729068	43.53225690735354
0.0035316888325897643	43.16082361855645
0.003627722087472534	42.75459263731927
0.0037273796864715596	42.314545977723384
0.0038310132921549065	41.84170480959404
0.00393897704100279	41.33712843746269
0.004051632272632198	40.80191315032735
0.004169351828533521	40.23719095926636
0.004292524026331751	39.644128234656016
0.004421556433366867	39.023924251739295
0.0045568795554228525	38.3778096515056
0.0046989505429697225	37.70704482265357
0.0048482570052285	37.012918209535925
0.005005321013657396	36.296744550295365
0.005170703371328139	35.55986304871336
0.00534500822281664	34.80363548268752
0.0055288880803101015	34.0294442516391
0.0057230493453536094	33.238690364565294
0.005928258411875425	32.43279136988677
0.006145348444789714	31.61317922776259
0.006375226939677729	30.781298125074485
0.00661888418298134	29.938602232947623
0.006877402749119175	29.08655340636902
0.007151968191377881	28.22661882530316
0.007443881107901373	27.36026857659637
0.00775457083012532	26.488973175883647
0.008085610872354832	25.614201027331507
0.0084387364949714	24.73741582469826
0.008815864794676683	23.860073891226435
0.00921911760937979	22.983621457702483
0.009650847739912694	22.109491879794206
0.010113669040749049	21.239102795512505
0.01061049103477002	20.373853224061335
0.011144558831380434	19.51512060784265
0.011719499277838608	18.664257799893516
0.012339374456638323	17.82258999960139
0.013008743864871795	16.991411640123573
0.013732736884391581	16.171983231643775
0.014517137486547569	15.365528165245138
0.015368483527877223	14.57322948302646
0.016294183503197914	13.796226620921006
0.017302654255563953	13.035612131670852
0.018403483931137606	12.292428396472074
0.01960762545342721	11.567664335057852
0.020927627030349075	10.862252125302517
0.022377907770553342	10.177063945047365
0.023975088465979812	9.512908750460204
0.025738390118847834	8.870529107278943
0.027690116016238813	8.250598093312325
0.029856237301076918	7.653716293048769
0.032267107344971374	7.080408907681538
0.03495833718688644	6.531123006840973
0.03797187339122456	6.006224951232656
0.04135733162091586	5.505998018759183
0.045173655004767534	5.030640270055618
0.049491187369886426	4.580262693053951
0.05439427950921516	4.154887669750647
0.0599845845225774	3.7544478120656986
0.06638525052710548	3.3787851807358456
0.07374628660699821	3.027651044660318
0.08225147680448121	2.7007061787430278
0.09212735343509218	2.3975216767676986
0.10365492482589679	2.1175804457178593
0.11718512132979134	1.8602794076619809
0.1331593021132827	1.6249324671884058
0.1521367111195863	1.410774298637127
0.17483156437573452	1.216965001288594
0.20216361724469864	1.042595661490968
0.23533401292006073	0.8866680628792402
0.2758857184126941	0.7482527182925666
0.3259287238923484	0.6261460616939819
0.388218350932244	0.5193142268149215
0.4665192442393595	0.4266025712770081
0.565980354101128	0.3468566277267613
0.6937440787634012	0.2789168759066417
0.8598532773219424	0.22163060131271162
1.0786353632877888	0.17386395635087984
1.3708501533169564	0.13451396452455283
1.7670832061442883	0.10252017082986026
2.313210731612087	0.07687561189464669
3.0793836226736295	0.05663676085966816
4.175126625255983	0.040932099177196576
5.775325385047448	0.02896898471404282
8.166113274351066	0.02003852629455002
11.82817002758784	0.013518241544787972
17.592531817538916	0.008872367749274114
26.941656117591783	0.0056498111345094785
42.61205703618	0.0034798525271116367
69.79377883360648	0.002067687964724608
119.11996050109282	0.0011774388139747796
212.30105682600305	0.000641386179810568
0.8	99
0.0028070836526180123	45.14656895310655
0.002906103021822256	45.08397470706341
0.0030085188822054384	44.98021290284689
0.0031116116743621276	44.835917846981495
0.0032148669505326012	44.65178558696123
0.003318646909354683	44.4285545221075
0.003423551181111058	44.167003123076
0.003530196732169774	43.867950510722345
0.0036391592801709666	43.53225690735354
0.0037509674771328515	43.16082361855645
0.0038661119262319034	42.75459263731927
0.00398505683479096	42.314545977723384
0.004108250779524995	41.84170480959404
0.004236135869467063	41.33712843746269
0.004369155436392153	40.80191315032735
0.004507760581647377	40.23719095926636
0.004652415907791752	39.644128234656016
0.004803604712210641	39.023924251739295
0.004961833865512342	38.3778096515056
0.0051276385530451656	37.70704482265357
0.005301587025086708	37.012918209535925
0.005484285478658869	36.296744550295365
0.005676383179511832	35.55986304871336
0.005878577924838977	34.80363548268752
0.006091621944420629	34.0294442516391
0.006316328339249692	33.238690364565294
0.0065535781617198086	32.43279136988677
0.006804328249846499	31.61317922776259
0.0070696199396886655	30.781298125074485
0.007350588795241088	29.938602232947623
0.0076484755138562805	29.08655340636902
0.007964638188153099	28.22661882530316
0.0083005661329826	27.36026857659637
0.008657895561352524	26.488973175883647
0.009038427268204774	25.614201027331507
0.009444146726012506	24.73741582469826
0.009877247065432741	23.860073891226435
0.010340155269732849	22.983621457702483
0.010835562157487601	22.109491879794206
0.011366456784938864	21.239102795512505
0.011936166016923188	20.373853224061335
0.012548400157242671	19.51512060784265
0.013207305701389165	18.664257799893516
0.013917526483618443	17.82258999960139
0.014684274745307578	16.991411640123573
0.015513413963382017	16.171983231643775
0.016411555660390837	15.365528165245138
0.01738617288933875	14.57322948302646
0.018445733669307893	13.796226620921006
0.019599858371335273	13.035612131670852
0.020859505955242958	12.292428396472074
0.022237195085427635	11.567664335057852
0.02374726756961193	10.862252125302517
0.025406203350819286	10.177063945047365
0.027232998546285987	9.512908750460204
0.029249620908432944	8.870529107278943
0.031481560768676926	8.250598093312325
0.03395850026273928	7.653716293048769
0.036715129758000356	7.080408907681538
0.039792148356019665	6.531123006840973
0.0432374957314748	6.006224951232656
0.04710787621677911	5.505998018759183
0.05147065408010458	5.030640270055618
0.05640622293488874	4.580262693053951
0.062010984332305515	4.154887669750647
0.06840111386629871	3.7544478120656986
0.07571735284362845	3.3787851807358456
0.08413114079880624	3.027651044660318
0.09385251719896766	2.7007061787430278
0.10514037666228772	2.3975216767676986
0.11831587208828077	2.1175804457178593
0.13378006724647043	1.8602794076619809
0.15203737310616058	1.6249324671884058
0.17372692608083684	1.410774298637127
0.19966497352284457	1.216965001288594
0.23090266486948538	1.042595661490968
0.2688127356515213	0.8866680628792402
0.3151585771152252	0.7482527182925666
0.372351607080847	0.6261460616939819
0.4435407648547063	0.5193142268149215
0.5330285019348708	0.4266025712770081
0.6466993333219361	0.3468566277267613
0.7927160002458266	0.2789168759066417
0.9825560563278011	0.22163060131271162
1.2325936887981683	0.17386395635087984
1.5665544027587954	0.13451396452455283
2.019393122821574	0.10252017082986026
2.6435398034263917	0.07687561189464669
3.519166893987242	0.05663676085966816
4.771445533020027	0.040932099177196576
6.600245030183811	0.02896898471404282
9.332574954111342	0.02003852629455002
13.517783572981545	0.013518241544787972
20.10562651307876	0.008872367749274114
30.790340887070162	0.0056498111345094785
48.699371390503664	0.0034798525271116367
79.76419717816538	0.002067687964724608
136.13697709730744	0.0011774388139747796
242.6296594764014	0.000641386179810568
0.9	99
0.0028344164699468156	45.14656895310655
0.0029595270658642403	45.08397470706341
0.0030862487395481473	44.98021290284689
0.003211980258326964	44.835917846981495
0.0033365626173519312	44.65178558696123
0.003460720077662738	44.4285545221075
0.003585354655269802	44.167003123076
0.003711323492300034	43.867950510722345
0.003839392993051254	43.53225690735354
0.003970246121675939	43.16082361855645
0.004104501764991273	42.75459263731927
0.004242733983110361	42.314545977723384
0.004385488266895084	41.84170480959404
0.0045332946979313345	41.33712843746269
0.004686678600152106	40.80191315032735
0.004846169334761233	40.23719095926636
0.005012307789251754	39.644128234656016
0.005185652991054414	39.023924251739295
0.005366788175601833	38.3778096515056
0.005556326563120607	37.70704482265357
0.005754917044944915	37.012918209535925
0.00596324994366034	36.296744550295365
0.006182062987695524	35.55986304871336
0.006412147626861314	34.80363548268752
0.006654355808531153	34.0294442516391
0.006909607333145774	33.238690364565294
0.00717889791156419	32.43279136988677
0.007463308054903282	31.61317922776259
0.007764012939699602	30.781298125074485
0.008082293407500834	29.938602232947623
0.008419548278593385	29.08655340636902
0.008777308184928313	28.22661882530316
0.009157251158063826	27.36026857659637
0.009561220292579725	26.488973175883647
0.009991243664054714	25.614201027331507
0.010449556957053616	24.73741582469826
0.0109386293361888	23.860073891226435
0.011461192930085904	22.983621457702483
0.012020276575062506	22.109491879794206
0.012619244529128675	21.239102795512505
0.013261840999076355	20.373853224061335
0.013952241483104906	19.51512060784265
0.014695112124939722	18.664257799893516
0.01549567851059856	17.82258999960139
0.01635980562574336	16.991411640123573
0.017294091042372447	16.171983231643775
0.018305973834234105	15.365528165245138
0.019403862250800274	14.57322948302646
0.02059728383541787	13.796226620921006
0.021897062487106597	13.035612131670852
0.02331552797934831	12.292428396472074
0.024866764717428068	11.567664335057852
0.026566908108874777	10.862252125302517
0.028434498931085215	10.177063945047365
0.030490908626592157	9.512908750460204
0.03276085169801805	8.870529107278943
0.035273005521115036	8.250598093312325
0.03806076322440163	7.653716293048769
0.04116315217102934	7.080408907681538
0.044625959525152865	6.531123006840973
0.04850311807172503	6.006224951232656
0.052858420812642345	5.505998018759183
0.05776765315544162	5.030640270055618
0.06332125849989105	4.580262693053951
0.06962768915539587	4.154887669750647
0.07681764321002	3.7544478120656986
0.08504945516015142	3.3787851807358456
0.09451599499061428	3.027651044660318
0.1054535575934541	2.7007061787430278
0.11815339988948324	2.3975216767676986
0.13297681935066474	2.1175804457178593
0.15037501316314952	1.8602794076619809
0.17091544409903844	1.6249324671884058
0.1953171410420874	1.410774298637127
0.2244983826699546	1.216965001288594
0.25964171249427215	1.042595661490968
0.3022914583829818	0.8866680628792402
0.3544314358177562	0.7482527182925666
0.4187744902693455	0.6261460616939819
0.49886317877716857	0.5193142268149215
0.599537759630382	0.4266025712770081
0.7274183125427441	0.3468566277267613
0.8916879217282517	0.2789168759066417
1.1052588353336597	0.22163060131271162
1.3865520143085477	0.17386395635087984
1.7622586522006338	0.13451396452455283
2.2717030394988593	0.10252017082986026
2.973868875240696	0.07687561189464669
3.9589501653008536	0.05663676085966816
5.367764440784072	0.040932099177196576
7.425164675320174	0.02896898471404282
10.499036633871615	0.02003852629455002
15.207397118375248	0.013518241544787972
22.6187212086186	0.008872367749274114
34.63902565654853	0.0056498111345094785
54.78668574482732	0.0034798525271116367
89.73461552272427	0.002067687964724608
153.15399369352204	0.0011774388139747796
272.9582621267997	0.000641386179810568
