# Table format: T1D
# table_unit = degC
# axis1_unit = kJ/kg/K
# axis2_unit = null
# This file was automatically generated by generate_data_files.py
0.1	99
1.7943145740095465	113.23734414898041
1.7858319087874868	113.16637659610541
1.7782399885532671	113.04809734226541
1.771338964380128	112.88250638708053
1.7649285484814912	112.66960373013865
1.75885184218916	112.40938937109553
1.7529934891646615	112.10186330956782
1.7472693062004658	111.7470255450832
1.7416171309310045	111.34487607707035
1.7359902260670574	110.89541490486363
1.7303527651958177	110.39864202771486
1.7246767651722068	109.85455744481197
1.7189399823029612	109.26316115530147
1.713124447187318	108.62445315831701
1.7072154264835726	107.93843345301485
1.7012006742079469	107.20510203861596
1.6950698826343764	106.42445891445664
1.6888142731100768	105.59650408004859
1.682426286543589	104.72123753514893
1.675899345984389	103.79865927984207
1.6692276720862014	102.82876931463488
1.6624061378703312	101.8115676405672
1.6554301530426558	100.7470542593399
1.6482955707762834	99.63522917346222
1.6409986117406645	98.47609238642275
1.6335358014902097	97.26964390288595
1.6259039182881172	96.01588372891979
1.6180999491453214	94.71481187225766
1.6101210523760188	93.36642834260067
1.601964525361653	91.97073315196656
1.5936277765102818	90.52772631509214
1.5851083006233841	89.03740784989753
1.5764036570549893	87.49977777802246
1.567511449897508	85.91483605983308
1.5584293106033271	84.28258263506211
1.5491548823015813	82.60301749708651
1.5396858049648927	80.87614063867136
1.5300196970446462	79.10195205198522
1.5201541681712596	77.28045172863142
1.5100867577431418	75.4116396596919
1.4998149744013007	73.49551583579284
1.4893362611788798	71.53208024719191
1.478647991327381	69.5213328838982
1.467747459713521	67.46327373582653
1.4566318747224904	65.35790279299914
1.4452983506000856	63.20522004580067
1.4337439001671124	61.00522548530353
1.4219654278394196	58.757919103675476
1.4099597228860243	56.46330089469063
1.3977234528564078	54.12137085436507
1.3852531571060753	51.73212898174751
1.372545240347138	49.29557527989681
1.3595959661478014	46.81170975709131
1.346401450301145	44.28053242831987
1.3329576539794767	41.70204331711932
1.3192603765853077	39.07624245783643
1.3053052482039438	36.40312989840908
1.291087721554902	33.68270570378735
1.276603063330204	30.914969960136887
1.2618463447960884	28.09992278000618
1.2468124315211004	25.237564308678373
1.2314959720766525	22.327894731980223
1.2158913855362965	19.370914285887523
1.199992847575831	16.366623268345904
1.1837942749478563	13.315022053826624
1.1672893080704503	10.216111111264013
1.1504712840993452	7.069889667910843
1.1333332184382472	3.876356525474307
1.1158677880854995	0.6355115849024742
1.0980672965717855	-2.652645272816187
1.0799236412934277	-5.988114189709108
1.0614282759500222	-9.370895334220847
1.0425721676059183	-12.80098890495151
1.0233457474874277	-16.278395134702123
1.0037388545539423	-19.803114294763304
0.9837406707661188	-23.375146699325114
0.9633396569168614	-26.994531712929643
0.9425234001916607	-30.66112520853781
0.9212787037928073	-34.375127253486426
0.8995912038833738	-38.13641677657671
0.8774454675818592	-41.94502188616585
0.8548247574528768	-45.80094321057322
0.8317108950588178	-49.70418141768005
0.8080840949010663	-53.65473719542166
0.7839227905672183	-57.65261121942925
0.7592034618537877	-61.697804102197466
0.7339004782429941	-65.79031631577953
0.707985984420152	-69.93014807682985
0.6814298694804916	-74.11729917860384
0.6541998860867262	-78.35176874745315
0.6262620236641716	-82.63355489369067
0.59758129791907	-86.96265421256984
0.5681232085132149	-91.33906107553435
0.5378562550895578	-95.76276662390697
0.5067561162813614	-100.23375734464682
0.47481243071261137	-104.75201305590252
0.4420377408470876	-109.31705264366144
0.4084942109274141	-113.93018715940755
0.3743017767963098	-118.58999999999997
0.2	99
1.796730974429862	113.23734414898041
1.790533661896537	113.16637659610541
1.7850384701221391	113.04809734226541
1.7800545261767848	112.88250638708053
1.7754133007363235	112.66960373013865
1.7709898608845769	112.40938937109553
1.7666948711523183	112.10186330956782
1.7624641121471953	111.7470255450832
1.7582505774489143	111.34487607707035
1.7540191193708252	110.89541490486363
1.7497428963215138	110.39864202771486
1.745401000518052	109.85455744481197
1.7409768483642851	109.26316115530147
1.736457067280653	108.62445315831701
1.7318307107289523	107.93843345301485
1.7270886941907826	107.20510203861596
1.722223382706727	106.42445891445664
1.717228284274352	105.59650408004859
1.7120978184528228	104.72123753514893
1.7068271392445227	103.79865927984207
1.7014119977166413	102.82876931463488
1.695848634102041	101.8115676405672
1.6901336920280303	100.7470542593399
1.68426414953316	99.63522917346222
1.678237262944415	98.47609238642275
1.6720505206933356	97.26964390288595
1.6657016048766324	96.01588372891979
1.6591883588988434	94.71481187225766
1.6525087599289268	93.36642834260067
1.645660895198201	91.97073315196656
1.6386429413905943	90.52772631509214
1.6314531465469717	89.03740784989753
1.6240898140365145	87.49977777802246
1.6165512881736386	85.91483605983308
1.6088359413760738	84.28258263506211
1.6009421626389613	82.60301749708651
1.5928683469599418	80.87614063867136
1.584612881332729	79.10195205198522
1.576174158281581	77.28045172863142
1.5675505234809812	75.4116396596919
1.558740313044524	73.49551583579284
1.5497418247688204	71.53208024719191
1.5405533166941077	69.5213328838982
1.5311730018016827	67.46327373582653
1.5215990432601767	65.35790279299914
1.5118295501849384	63.20522004580067
1.5018625738756919	61.00522548530353
1.4916961044980943	58.757919103675476
1.4813280681749017	56.46330089469063
1.4707563244526198	54.12137085436507
1.4599786641095174	51.73212898174751
1.4489928072711131	49.29557527989681
1.4377964017995268	46.81170975709131
1.4263870219233494	44.28053242831987
1.4147621670751056	41.70204331711932
1.4029192609034709	39.07624245783643
1.390855650427582	36.40312989840908
1.378568605300308	33.68270570378735
1.3660553171467018	30.914969960136887
1.3533128989422216	28.09992278000618
1.340338384393195	25.237564308678373
1.3271287272784225	22.327894731980223
1.3136808007062724	19.370914285887523
1.2999913962352008	16.366623268345904
1.2860572227974842	13.315022053826624
1.2718749053554717	10.216111111264013
1.257440976463454	7.069889667910843
1.242751877099325	3.876356525474307
1.2278039621039822	0.6355115849024742
1.2125934903001732	-2.652645272816187
1.1971166200753778	-5.988114189709108
1.1813694033123538	-9.370895334220847
1.1653477779225836	-12.80098890495151
1.1490475585938773	-16.278395134702123
1.1324644254014162	-19.803114294763304
1.1155939098954577	-23.375146699325114
1.098431755546912	-26.994531712929643
1.0809717283608091	-30.66112520853781
1.0632107798725534	-34.375127253486426
1.0451424188102612	-38.13641677657671
1.0267613941752856	-41.94502188616585
1.0080618699584256	-45.80094321057322
0.9890376727758039	-49.70418141768005
0.9696822590135367	-53.65473719542166
0.9499886902330326	-57.65261121942925
0.9299496268550843	-61.697804102197466
0.9095573564395606	-65.79031631577953
0.8888038825707004	-69.93014807682985
0.8676811152165466	-74.11729917860384
0.8461812261442113	-78.35176874745315
0.8242972676056481	-82.63355489369067
0.8020242054540132	-86.96265421256984
0.7793605987870071	-91.33906107553435
0.7563112826268552	-95.76276662390697
0.7328916019569642	-100.23375734464682
0.7091340432632778	-104.75201305590252
0.6850904985542638	-109.31705264366144
0.6608887422589759	-113.93018715940755
0.6366767234803588	-118.58999999999997
0.3	99
1.7991473748501776	113.23734414898041
1.7952354150055871	113.16637659610541
1.7918369516910115	113.04809734226541
1.7887700879734416	112.88250638708053
1.785898052991156	112.66960373013865
1.783127879579994	112.40938937109553
1.7803962531399748	112.10186330956782
1.7776589180939246	111.7470255450832
1.7748840239668244	111.34487607707035
1.7720480126745934	110.89541490486363
1.7691330274472103	110.39864202771486
1.7661252358638972	109.85455744481197
1.7630137144256086	109.26316115530147
1.7597896873739878	108.62445315831701
1.7564459949743323	107.93843345301485
1.752976714173618	107.20510203861596
1.7493768827790772	106.42445891445664
1.7456422954386277	105.59650408004859
1.7417693503620573	104.72123753514893
1.7377549325046562	103.79865927984207
1.7335963233470812	102.82876931463488
1.729291130333751	101.8115676405672
1.7248372310134048	100.7470542593399
1.7202327282900365	99.63522917346222
1.7154759141481657	98.47609238642275
1.7105652398964617	97.26964390288595
1.7054992914651477	96.01588372891979
1.7002767686523657	94.71481187225766
1.694896467481835	93.36642834260067
1.6893572650347488	91.97073315196656
1.6836581062709064	90.52772631509214
1.6777979924705593	89.03740784989753
1.6717759710180395	87.49977777802246
1.6655911264497696	85.91483605983308
1.6592425721488204	84.28258263506211
1.6527294429763413	82.60301749708651
1.646050888954991	80.87614063867136
1.6392060656208114	79.10195205198522
1.6321941483919022	77.28045172863142
1.6250142892188204	75.4116396596919
1.6176656516877475	73.49551583579284
1.610147388358761	71.53208024719191
1.6024586420608344	69.5213328838982
1.5945985438898445	67.46327373582653
1.586566211797863	65.35790279299914
1.578360749769791	63.20522004580067
1.5699812475842718	61.00522548530353
1.5614267811567688	58.757919103675476
1.5526964134637793	56.46330089469063
1.543789196048832	54.12137085436507
1.5347041711129592	51.73212898174751
1.5254403741950888	49.29557527989681
1.5159968374512525	46.81170975709131
1.5063725935455534	44.28053242831987
1.496566680170734	41.70204331711932
1.4865781452216336	39.07624245783643
1.47640605265122	36.40312989840908
1.4660494890457134	33.68270570378735
1.4555075709632002	30.914969960136887
1.4447794530883553	28.09992278000618
1.4338643372652902	25.237564308678373
1.4227614824801924	22.327894731980223
1.4114702158762482	19.370914285887523
1.3999899448945707	16.366623268345904
1.3883201706471122	13.315022053826624
1.376460502640493	10.216111111264013
1.364410668827563	7.069889667910843
1.3521705357604032	3.876356525474307
1.3397401361224652	0.6355115849024742
1.3271196840285606	-2.652645272816187
1.3143095988573277	-5.988114189709108
1.3013105306746857	-9.370895334220847
1.2881233882392489	-12.80098890495151
1.274749369700327	-16.278395134702123
1.2611899962488904	-19.803114294763304
1.2474471490247967	-23.375146699325114
1.2335238541769626	-26.994531712929643
1.219420056529957	-30.66112520853781
1.2051428559522994	-34.375127253486426
1.1906936337371485	-38.13641677657671
1.1760773207687116	-41.94502188616585
1.1612989824639748	-45.80094321057322
1.1463644504927901	-49.70418141768005
1.1312804231260065	-53.65473719542166
1.1160545898988468	-57.65261121942925
1.1006957918563807	-61.697804102197466
1.085214234636127	-65.79031631577953
1.069621780721249	-69.93014807682985
1.053932360952602	-74.11729917860384
1.0381625662016967	-78.35176874745315
1.022332511547125	-82.63355489369067
1.0064671129889564	-86.96265421256984
0.9905979890607992	-91.33906107553435
0.9747663101641527	-95.76276662390697
0.959027087632567	-100.23375734464682
0.9434556558139446	-104.75201305590252
0.9281432562614402	-109.31705264366144
0.9132832735905374	-113.93018715940755
0.8990516701644077	-118.58999999999997
0.4	99
1.8015637752704938	113.23734414898041
1.7999371681146374	113.16637659610541
1.798635433259884	113.04809734226541
1.7974856497700984	112.88250638708053
1.796382805245988	112.66960373013865
1.7952658982754115	112.40938937109553
1.7940976351276319	112.10186330956782
1.7928537240406544	111.7470255450832
1.7915174704847336	111.34487607707035
1.7900769059783614	110.89541490486363
1.7885231585729067	110.39864202771486
1.786849471209742	109.85455744481197
1.7850505804869319	109.26316115530147
1.7831223074673228	108.62445315831701
1.7810612792197116	107.93843345301485
1.7788647341564534	107.20510203861596
1.7765303828514278	106.42445891445664
1.7740563066029031	105.59650408004859
1.7714408822712908	104.72123753514893
1.7686827257647892	103.79865927984207
1.7657806489775207	102.82876931463488
1.7627336265654607	101.8115676405672
1.759540769998779	100.7470542593399
1.7562013070469127	99.63522917346222
1.752714565351916	98.47609238642275
1.7490799590995878	97.26964390288595
1.7452969780536634	96.01588372891979
1.7413651784058877	94.71481187225766
1.7372841750347434	93.36642834260067
1.733053634871297	91.97073315196656
1.7286732711512187	90.52772631509214
1.7241428383941466	89.03740784989753
1.719462127999565	87.49977777802246
1.7146309647259	85.91483605983308
1.7096492029215675	84.28258263506211
1.7045167233137213	82.60301749708651
1.6992334309500403	80.87614063867136
1.693799249908894	79.10195205198522
1.6882141385022242	77.28045172863142
1.6824780549566594	75.4116396596919
1.6765909903309708	73.49551583579284
1.670552951948702	71.53208024719191
1.664363967427561	69.5213328838982
1.6580240859780062	67.46327373582653
1.6515333803355494	65.35790279299914
1.6448919493546432	63.20522004580067
1.6380999212928513	61.00522548530353
1.6311574578154435	58.757919103675476
1.6240647587526564	56.46330089469063
1.616822067645044	54.12137085436507
1.609429678116401	51.73212898174751
1.6018879411190639	49.29557527989681
1.5941972731029788	46.81170975709131
1.586358165167758	44.28053242831987
1.5783711932663629	41.70204331711932
1.570237029539797	39.07624245783643
1.561956454874858	36.40312989840908
1.5535303727911196	33.68270570378735
1.5449598247796985	30.914969960136887
1.5362460072344888	28.09992278000618
1.5273902901373846	25.237564308678373
1.5183942376819626	22.327894731980223
1.509259631046224	19.370914285887523
1.4999884935539405	16.366623268345904
1.4905831184967404	13.315022053826624
1.4810460999255144	10.216111111264013
1.4713803611916725	7.069889667910843
1.461589194421481	3.876356525474307
1.4516763101409484	0.6355115849024742
1.4416458777569487	-2.652645272816187
1.4315025776392782	-5.988114189709108
1.4212516580370176	-9.370895334220847
1.4108989985559142	-12.80098890495151
1.4004511808067763	-16.278395134702123
1.3899155670963643	-19.803114294763304
1.3793003881541357	-23.375146699325114
1.3686159528070134	-26.994531712929643
1.3578683846991058	-30.66112520853781
1.3470749320320454	-34.375127253486426
1.3362448486640366	-38.13641677657671
1.325393247362138	-41.94502188616585
1.3145360949695237	-45.80094321057322
1.3036912282097763	-49.70418141768005
1.2928785872384767	-53.65473719542166
1.2821204895646612	-57.65261121942925
1.2714419568576771	-61.697804102197466
1.2608711128326937	-65.79031631577953
1.2504396788717973	-69.93014807682985
1.240183606688657	-74.11729917860384
1.230143906259182	-78.35176874745315
1.2203677554886017	-82.63355489369067
1.2109100205238998	-86.96265421256984
1.2018353793345915	-91.33906107553435
1.1932213377014504	-95.76276662390697
1.1851625733081699	-100.23375734464682
1.177777268364611	-104.75201305590252
1.1711960139686166	-109.31705264366144
1.1656778049220993	-113.93018715940755
1.1614266168484568	-118.58999999999997
0.5	99
1.8039801756908096	113.23734414898041
1.8046389212236877	113.16637659610541
1.8054339148287561	113.04809734226541
1.8062012115667552	112.88250638708053
1.8068675575008206	112.66960373013865
1.8074039169708285	112.40938937109553
1.8077990171152882	112.10186330956782
1.8080485299873839	111.7470255450832
1.808150917002644	111.34487607707035
1.8081057992821297	110.89541490486363
1.807913289698603	110.39864202771486
1.8075737065555872	109.85455744481197
1.8070874465482558	109.26316115530147
1.8064549275606578	108.62445315831701
1.8056765634650915	107.93843345301485
1.8047527541392887	107.20510203861596
1.8036838829237782	106.42445891445664
1.8024703177671786	105.59650408004859
1.8011124141805248	104.72123753514893
1.7996105190249228	103.79865927984207
1.7979649746079607	102.82876931463488
1.7961761227971704	101.8115676405672
1.7942443089841533	100.7470542593399
1.7921698858037893	99.63522917346222
1.7899532165556666	98.47609238642275
1.787594678302714	97.26964390288595
1.7850946646421786	96.01588372891979
1.7824535881594097	94.71481187225766
1.7796718825876514	93.36642834260067
1.7767500047078453	91.97073315196656
1.773688436031531	90.52772631509214
1.770487684317734	89.03740784989753
1.76714828498109	87.49977777802246
1.763670803002031	85.91483605983308
1.7600558336943142	84.28258263506211
1.756304003651101	82.60301749708651
1.7524159729450894	80.87614063867136
1.7483924341969765	79.10195205198522
1.744234128612546	77.28045172863142
1.7399418206944983	75.4116396596919
1.7355163289741944	73.49551583579284
1.7309585155386429	71.53208024719191
1.7262692927942875	69.5213328838982
1.7214496280661682	67.46327373582653
1.7165005488732354	65.35790279299914
1.711423148939496	63.20522004580067
1.706218595001431	61.00522548530353
1.700888134474118	58.757919103675476
1.695433104041534	56.46330089469063
1.6898549392412558	54.12137085436507
1.6841551851198429	51.73212898174751
1.678335508043039	49.29557527989681
1.6723977087547042	46.81170975709131
1.6663437367899623	44.28053242831987
1.6601757063619915	41.70204331711932
1.6538959138579599	39.07624245783643
1.6475068570984959	36.40312989840908
1.6410112565365256	33.68270570378735
1.6344120785961969	30.914969960136887
1.627712561380622	28.09992278000618
1.620916243009479	25.237564308678373
1.6140269928837327	22.327894731980223
1.6070490462162	19.370914285887523
1.5999870422133105	16.366623268345904
1.5928460663463684	13.315022053826624
1.5856316972105358	10.216111111264013
1.578350053555781	7.069889667910843
1.571007853082559	3.876356525474307
1.5636124841594312	0.6355115849024742
1.5561720714853362	-2.652645272816187
1.5486955564212284	-5.988114189709108
1.5411927853993488	-9.370895334220847
1.533674608872579	-12.80098890495151
1.526152991913226	-16.278395134702123
1.5186411379438387	-19.803114294763304
1.5111536272834747	-23.375146699325114
1.5037080514370638	-26.994531712929643
1.4963167128682537	-30.66112520853781
1.4890070081117914	-34.375127253486426
1.4817960635909238	-38.13641677657671
1.474709173955564	-41.94502188616585
1.4677732074750727	-45.80094321057322
1.4610180059267623	-49.70418141768005
1.454476751350947	-53.65473719542166
1.4481863892304754	-57.65261121942925
1.4421881218589736	-61.697804102197466
1.43652799102926	-65.79031631577953
1.4312575770223452	-69.93014807682985
1.4264348524247121	-74.11729917860384
1.4221252463166667	-78.35176874745315
1.4184029994300784	-82.63355489369067
1.4153529280588433	-86.96265421256984
1.4130727696083834	-91.33906107553435
1.411676365238748	-95.76276662390697
1.4112980589837727	-100.23375734464682
1.4120988809152777	-104.75201305590252
1.4142487716757928	-109.31705264366144
1.4180723362536607	-113.93018715940755
1.423801563532506	-118.58999999999997
0.6	99
1.8063965761111251	113.23734414898041
1.8093406743327378	113.16637659610541
1.8122323963976283	113.04809734226541
1.8149167733634117	112.88250638708053
1.8173523097556532	112.66960373013865
1.819541935666246	112.40938937109553
1.821500399102945	112.10186330956782
1.8232433359341131	111.7470255450832
1.8247843635205536	111.34487607707035
1.8261346925858977	110.89541490486363
1.8273034208242993	110.39864202771486
1.8282979419014322	109.85455744481197
1.8291243126095793	109.26316115530147
1.8297875476539929	108.62445315831701
1.8302918477104708	107.93843345301485
1.8306407741221244	107.20510203861596
1.8308373829961289	106.42445891445664
1.8308843289314538	105.59650408004859
1.830783946089759	104.72123753514893
1.8305383122850563	103.79865927984207
1.8301493002384004	102.82876931463488
1.82961861902888	101.8115676405672
1.8289478479695276	100.7470542593399
1.8281384645606658	99.63522917346222
1.8271918677594172	98.47609238642275
1.8261093975058398	97.26964390288595
1.8248923512306938	96.01588372891979
1.8235419979129317	94.71481187225766
1.82205959014056	93.36642834260067
1.8204463745443933	91.97073315196656
1.8187036009118434	90.52772631509214
1.8168325302413213	89.03740784989753
1.814834441962615	87.49977777802246
1.8127106412781613	85.91483605983308
1.8104624644670608	84.28258263506211
1.808091283988481	82.60301749708651
1.8055985149401383	80.87614063867136
1.8029856184850592	79.10195205198522
1.8002541187228673	77.28045172863142
1.7974055864323377	75.4116396596919
1.7944416676174175	73.49551583579284
1.7913640791285834	71.53208024719191
1.7881746181610143	69.5213328838982
1.7848751701543297	67.46327373582653
1.781467717410922	65.35790279299914
1.7779543485243485	63.20522004580067
1.7743372687100107	61.00522548530353
1.7706188111327927	58.757919103675476
1.7668014493304114	56.46330089469063
1.762887810837468	54.12137085436507
1.7588806921232845	51.73212898174751
1.7547830749670141	49.29557527989681
1.75059814440643	46.81170975709131
1.7463293084121665	44.28053242831987
1.7419802194576202	41.70204331711932
1.7375547981761228	39.07624245783643
1.733057259322134	36.40312989840908
1.728492140281931	33.68270570378735
1.7238643324126948	30.914969960136887
1.7191791155267557	28.09992278000618
1.7144421958815736	25.237564308678373
1.7096597480855027	22.327894731980223
1.7048384613861758	19.370914285887523
1.6999855908726802	16.366623268345904
1.6951090141959964	13.315022053826624
1.6902172944955571	10.216111111264013
1.68531974591989	7.069889667910843
1.680426511743637	3.876356525474307
1.6755486581779142	0.6355115849024742
1.670698265213724	-2.652645272816187
1.6658885352031787	-5.988114189709108
1.6611339127616807	-9.370895334220847
1.6564502191892445	-12.80098890495151
1.6518548030196758	-16.278395134702123
1.6473667087913124	-19.803114294763304
1.6430068664128137	-23.375146699325114
1.6388001500671145	-26.994531712929643
1.6347650410374022	-30.66112520853781
1.6309390841915379	-34.375127253486426
1.6273472785178116	-38.13641677657671
1.6240251005489905	-41.94502188616585
1.6210103199806218	-45.80094321057322
1.6183447836437486	-49.70418141768005
1.616074915463417	-53.65473719542166
1.6142522888962894	-57.65261121942925
1.6129342868602699	-61.697804102197466
1.6121848692258263	-65.79031631577953
1.6120754751728934	-69.93014807682985
1.6126860981607671	-74.11729917860384
1.614106586374152	-78.35176874745315
1.6164382433715547	-82.63355489369067
1.6197958355937863	-86.96265421256984
1.6243101598821756	-91.33906107553435
1.6301313927760457	-95.76276662390697
1.637433544659376	-100.23375734464682
1.6464204934659445	-104.75201305590252
1.6573015293829692	-109.31705264366144
1.6704668675852226	-113.93018715940755
1.6861765102165551	-118.58999999999997
0.7	99
1.8088129765314411	113.23734414898041
1.8140424274417883	113.16637659610541
1.8190308779665008	113.04809734226541
1.8236323351600685	112.88250638708053
1.8278370620104851	112.66960373013865
1.831679954361663	112.40938937109553
1.8352017810906016	112.10186330956782
1.8384381418808426	111.7470255450832
1.8414178100384635	111.34487607707035
1.8441635858896661	110.89541490486363
1.8466935519499958	110.39864202771486
1.8490221772472772	109.85455744481197
1.8511611786709028	109.26316115530147
1.8531201677473275	108.62445315831701
1.8549071319558508	107.93843345301485
1.85652879410496	107.20510203861596
1.857990883068479	106.42445891445664
1.8592983400957295	105.59650408004859
1.860455477998993	104.72123753514893
1.86146610554519	103.79865927984207
1.86233362586884	102.82876931463488
1.86306111526059	101.8115676405672
1.8636513869549018	100.7470542593399
1.8641070433175422	99.63522917346222
1.8644305189631678	98.47609238642275
1.8646241167089657	97.26964390288595
1.864690037819209	96.01588372891979
1.8646304076664537	94.71481187225766
1.864447297693468	93.36642834260067
1.8641427443809413	91.97073315196656
1.8637187657921557	90.52772631509214
1.8631773761649089	89.03740784989753
1.8625205989441402	87.49977777802246
1.8617504795542923	85.91483605983308
1.8608690952398075	84.28258263506211
1.859878564325861	82.60301749708651
1.8587810569351875	80.87614063867136
1.857578802773142	79.10195205198522
1.8562741088331889	77.28045172863142
1.854869352170177	75.4116396596919
1.8533670062606407	73.49551583579284
1.851769642718524	71.53208024719191
1.8500799435277409	69.5213328838982
1.8483007122424915	67.46327373582653
1.8464348859486082	65.35790279299914
1.844485548109201	63.20522004580067
1.8424559424185905	61.00522548530353
1.8403494877914672	58.757919103675476
1.8381697946192885	56.46330089469063
1.8359206824336798	54.12137085436507
1.8336061991267263	51.73212898174751
1.8312306418909894	49.29557527989681
1.8287985800581554	46.81170975709131
1.8263148800343707	44.28053242831987
1.8237847325532486	41.70204331711932
1.821213682494286	39.07624245783643
1.8186076615457718	36.40312989840908
1.8159730240273373	33.68270570378735
1.8133165862291931	30.914969960136887
1.8106456696728894	28.09992278000618
1.807968148753668	25.237564308678373
1.8052925032872726	22.327894731980223
1.8026278765561519	19.370914285887523
1.79998413953205	16.366623268345904
1.7973719620456245	13.315022053826624
1.7948028917805787	10.216111111264013
1.7922894382839993	7.069889667910843
1.7898451704047147	3.876356525474307
1.7874848321963972	0.6355115849024742
1.7852244589421116	-2.652645272816187
1.7830815139851286	-5.988114189709108
1.7810750401240125	-9.370895334220847
1.7792258295059096	-12.80098890495151
1.777556614126125	-16.278395134702123
1.7760922796387868	-19.803114294763304
1.7748601055421525	-23.375146699325114
1.7738922486971649	-26.994531712929643
1.7732133692065501	-30.66112520853781
1.7728711602712839	-34.375127253486426
1.772898493444699	-38.13641677657671
1.7733410271424164	-41.94502188616585
1.7742474324861708	-45.80094321057322
1.7756715613607346	-49.70418141768005
1.777673079575887	-53.65473719542166
1.7803181885621036	-57.65261121942925
1.783680451861566	-61.697804102197466
1.7878417474223929	-65.79031631577953
1.7928933733234422	-69.93014807682985
1.7989373438968224	-74.11729917860384
1.8060879264316367	-78.35176874745315
1.8144734873130315	-82.63355489369067
1.8242387431287295	-86.96265421256984
1.8355475501559682	-91.33906107553435
1.8485864203133429	-95.76276662390697
1.8635690303349781	-100.23375734464682
1.8807421060166107	-104.75201305590252
1.9003542870901455	-109.31705264366144
1.9228613989167844	-113.93018715940755
1.9485514569006042	-118.58999999999997
0.8	99
1.8112293769517567	113.23734414898041
1.8187441805508386	113.16637659610541
1.8258293595353727	113.04809734226541
1.8323478969567255	112.88250638708053
1.8383218142653177	112.66960373013865
1.8438179730570798	112.40938937109553
1.8489031630782586	112.10186330956782
1.8536329478275722	111.7470255450832
1.8580512565563732	111.34487607707035
1.8621924791934341	110.89541490486363
1.8660836830756922	110.39864202771486
1.8697464125931225	109.85455744481197
1.8731980447322263	109.26316115530147
1.8764527878406627	108.62445315831701
1.8795224162012305	107.93843345301485
1.8824168140877955	107.20510203861596
1.8851443831408297	106.42445891445664
1.887712351260005	105.59650408004859
1.8901270099082272	104.72123753514893
1.8923938988053233	103.79865927984207
1.8945179514992798	102.82876931463488
1.8965036114922995	101.8115676405672
1.8983549259402763	100.7470542593399
1.9000756220744188	99.63522917346222
1.9016691701669182	98.47609238642275
1.903138835912092	97.26964390288595
1.9044877244077245	96.01588372891979
1.905718817419976	94.71481187225766
1.906835005246376	93.36642834260067
1.9078391142174893	91.97073315196656
1.908733930672468	90.52772631509214
1.9095222220884962	89.03740784989753
1.9102067559256652	87.49977777802246
1.910790317830423	85.91483605983308
1.9112757260125544	84.28258263506211
1.911665844663241	82.60301749708651
1.911963598930237	80.87614063867136
1.9121719870612246	79.10195205198522
1.9122940989435107	77.28045172863142
1.9123331179080163	75.4116396596919
1.9122923449038642	73.49551583579284
1.912175206308465	71.53208024719191
1.9119852688944676	69.5213328838982
1.9117262543306535	67.46327373582653
1.9114020544862946	65.35790279299914
1.9110167476940538	63.20522004580067
1.9105746161271704	61.00522548530353
1.910080164450142	58.757919103675476
1.9095381399081661	56.46330089469063
1.908953554029892	54.12137085436507
1.9083317061301681	51.73212898174751
1.9076782088149646	49.29557527989681
1.9069990157098815	46.81170975709131
1.9063004516565756	44.28053242831987
1.9055892456488774	41.70204331711932
1.9048725668124489	39.07624245783643
1.9041580637694104	36.40312989840908
1.9034539077727433	33.68270570378735
1.9027688400456915	30.914969960136887
1.902112223819023	28.09992278000618
1.9014941016257627	25.237564308678373
1.900925258489043	22.327894731980223
1.9004172917261282	19.370914285887523
1.8999826881914197	16.366623268345904
1.8996349098952527	13.315022053826624
1.8993884890656	10.216111111264013
1.8992591306481081	7.069889667910843
1.8992638290657926	3.876356525474307
1.8994210062148802	0.6355115849024742
1.8997506526704995	-2.652645272816187
1.900274492767079	-5.988114189709108
1.9010161674863442	-9.370895334220847
1.902001439822575	-12.80098890495151
1.9032584252325748	-16.278395134702123
1.9048178504862605	-19.803114294763304
1.9067133446714917	-23.375146699325114
1.908984347327216	-26.994531712929643
1.911661697375699	-30.66112520853781
1.9148032363510301	-34.375127253486426
1.9184497083715861	-38.13641677657671
1.922656953735843	-41.94502188616585
1.9274845449917195	-45.80094321057322
1.9329983390777212	-49.70418141768005
1.9392712436883575	-53.65473719542166
1.9463840882279178	-57.65261121942925
1.9544266168628626	-61.697804102197466
1.9634986256189595	-65.79031631577953
1.9737112714739906	-69.93014807682985
1.9851885896328776	-74.11729917860384
1.9980692664891226	-78.35176874745315
2.0125087312545085	-82.63355489369067
2.028681650663673	-86.96265421256984
2.0467849404297604	-91.33906107553435
2.067041447850641	-95.76276662390697
2.089704516010581	-100.23375734464682
2.115063718567278	-104.75201305590252
2.1434070447973217	-109.31705264366144
2.1752559302483463	-113.93018715940755
2.210926403584653	-118.58999999999997
0.9	99
1.8136457773720724	113.23734414898041
1.8234459336598887	113.16637659610541
1.832627841104245	113.04809734226541
1.841063458753382	112.88250638708053
1.84880656652015	112.66960373013865
1.8559559917524973	112.40938937109553
1.8626045450659152	112.10186330956782
1.8688277537743017	111.7470255450832
1.8746847030742828	111.34487607707035
1.8802213724972021	110.89541490486363
1.8854738142013885	110.39864202771486
1.8904706479389675	109.85455744481197
1.8952349107935498	109.26316115530147
1.8997854079339977	108.62445315831701
1.90413770044661	107.93843345301485
1.908304834070631	107.20510203861596
1.91229788321318	106.42445891445664
1.9161263624242804	105.59650408004859
1.919798541817461	104.72123753514893
1.9233216920654568	103.79865927984207
1.9267022771297195	102.82876931463488
1.9299461077240094	101.8115676405672
1.9330584649256508	100.7470542593399
1.9360442008312952	99.63522917346222
1.9389078213706687	98.47609238642275
1.9416535551152179	97.26964390288595
1.9442854109962397	96.01588372891979
1.9468072271734982	94.71481187225766
1.9492227127992845	93.36642834260067
1.9515354840540373	91.97073315196656
1.95374909555278	90.52772631509214
1.9558670680120838	89.03740784989753
1.9578929129071905	87.49977777802246
1.9598301561065536	85.91483605983308
1.961682356785301	84.28258263506211
1.9634531250006213	82.60301749708651
1.965146140925286	80.87614063867136
1.9667651713493073	79.10195205198522
1.9683140890538324	77.28045172863142
1.9697968836458555	75.4116396596919
1.9712176835470876	73.49551583579284
1.9725807698984057	71.53208024719191
1.9738905942611944	69.5213328838982
1.9751517964188152	67.46327373582653
1.976369223023981	65.35790279299914
1.9775479472789061	63.20522004580067
1.97869328983575	61.00522548530353
1.9798108411088164	58.757919103675476
1.9809064851970437	56.46330089469063
1.9819864256261042	54.12137085436507
1.9830572131336102	51.73212898174751
1.98412577573894	49.29557527989681
1.9851994513616071	46.81170975709131
1.9862860232787796	44.28053242831987
1.987393758744506	41.70204331711932
1.988531451130612	39.07624245783643
1.9897084659930482	36.40312989840908
1.9909347915181492	33.68270570378735
1.9922210938621898	30.914969960136887
1.9935787779651564	28.09992278000618
1.9950200544978571	25.237564308678373
1.996558013690813	22.327894731980223
1.998206706896104	19.370914285887523
1.9999812368507899	16.366623268345904
2.001897857744881	13.315022053826624
2.0039740863506212	10.216111111264013
2.0062288230122176	7.069889667910843
2.008682487726871	3.876356525474307
2.011357180233363	0.6355115849024742
2.014276846398887	-2.652645272816187
2.017467471549029	-5.988114189709108
2.020957294848676	-9.370895334220847
2.02477705013924	-12.80098890495151
2.028960236339025	-16.278395134702123
2.0335434213337344	-19.803114294763304
2.0385665838008307	-23.375146699325114
2.0440764459572662	-26.994531712929643
2.050110025544847	-30.66112520853781
2.0567353124307757	-34.375127253486426
2.064000923298474	-38.13641677657671
2.0719728803292687	-41.94502188616585
2.080721657497269	-45.80094321057322
2.090325116794707	-49.70418141768005
2.1008694078008276	-53.65473719542166
2.1124499878937324	-57.65261121942925
2.125172781864159	-61.697804102197466
2.139155503815526	-65.79031631577953
2.1545291696245386	-69.93014807682985
2.171439835368933	-74.11729917860384
2.190050606546608	-78.35176874745315
2.2105439751959852	-82.63355489369067
2.233124558198616	-86.96265421256984
2.258022330703552	-91.33906107553435
2.2854964753879385	-95.76276662390697
2.315840001686184	-100.23375734464682
2.349385331117944	-104.75201305590252
2.386459802504498	-109.31705264366144
2.427650461579908	-113.93018715940755
2.473301350268702	-118.58999999999997
