# Table format: T1D
# table_unit = degC
# axis1_unit = kJ/kg/K
# axis2_unit = barA
# This file was automatically generated by generate_data_files.py
1.0	119
0.11179810889548673	-118.58999999999884
0.12950645158086718	-116.73156159642429
0.14730554695556317	-114.85077722170254
0.1651803165003429	-112.94737818659075
0.1831178657996885	-111.02109257108825
0.20110726329376552	-109.0716451856351
0.21913933823307696	-107.09875753176578
0.23720649636401447	-105.10214776232607
0.2553025519813857	-103.08153064122635
0.27342257508323203	-101.03661750268037
0.29156275245508007	-98.96711620996209
0.3097202615982666	-96.87273111368347
0.32789315649683487	-94.75316300954546
0.346080264292718	-92.60810909559873
0.3642810920095593	-90.43726292898924
0.3824957425302813	-88.24031438217634
0.4007248390952352	-86.01694959862846
0.41896945764447313	-83.7668509479798
0.4372310663815998	-81.48969698066358
0.4555114719862677	-79.18516238198276
0.4738127719500584	-76.85291792563675
0.49213731255405924	-74.49263042669315
0.5104876520487394	-72.10396269397796
0.528866528635711	-69.68657348191627
0.5472768328890928	-67.24011744177429
0.5657215842893311	-64.7642450723248
0.584203911577283	-62.2586026699189
0.6027270366695155	-59.7228322779568
0.6212942619084901	-57.15657163573826
0.639908960453003	-54.559454126731055
0.6585745696475305	-51.9311087261776
0.6772945872405162	-49.27115994809921
0.6960725703564026	-46.57922779165247
0.7149121371611193	-43.85492768684003
0.7338169711986599	-41.097870439573285
0.7527908284177428	-38.3076621760726
0.7718375469534138	-35.48390428659573
0.7909610597803708	-32.62619336849423
0.8101654104146482	-29.73412116858347
0.8294547719108689	-26.807274524817217
0.8457435273932686	-24.318964166481578
0.8797668201555365	-24.31896160582056
0.9137901019298881	-24.31896160582056
0.9478133837042395	-24.31896160582056
0.9818366654785909	-24.31896160582056
1.0158599472529424	-24.31896160582056
1.049883229027294	-24.31896160582056
1.0839065108016452	-24.31896160582056
1.117929792575997	-24.31896160582056
1.1519530743503483	-24.31896160582056
1.1859763561247	-24.31896160582056
1.2199996378990514	-24.31896160582056
1.2540229196734032	-24.31896160582056
1.2880462014477543	-24.31896160582056
1.3220694832221058	-24.31896160582056
1.3560927649964574	-24.31896160582056
1.390116046770809	-24.31896160582056
1.4241393285451605	-24.31896160582056
1.4581626103195118	-24.31896160582056
1.4921858920938635	-24.31896160582056
1.5262091738682149	-24.31896160582056
1.5602324556425666	-24.31896160582056
1.594255737416918	-24.31896160582056
1.6282790191912693	-24.31896160582056
1.662302300965621	-24.31896160582056
1.6963255827399724	-24.31896160582056
1.730348864514324	-24.31896160582056
1.7643721462886754	-24.31896160582056
1.798395428063027	-24.31896160582056
1.8324187098373785	-24.31896160582056
1.86644199161173	-24.31896160582056
1.9004652733860814	-24.31896160582056
1.934488555160433	-24.31896160582056
1.9685118369347845	-24.31896160582056
2.0025351187091363	-24.31896160582056
2.0365584004834876	-24.31896160582056
2.0705816822578385	-24.31896160582056
2.10460496403219	-24.31896160582056
2.1386282458065424	-24.31896160582056
2.182368325610412	-21.830692293801775
2.2043878894130566	-16.125478517520094
2.226564608112867	-10.290750361582695
2.248921454464678	-4.323567712754084
2.2714796268061637	1.779076285879114
2.294258800586691	8.02025675005683
2.31727733556784	14.40311860389562
2.340552447196616	20.930878164611727
2.3641003486540484	27.606824763219834
2.3879363685998776	34.43432240202327
2.412075048520938	41.41681144973205
2.4365302227444525	48.5578103750596
2.4613150835264137	55.86091751967592
2.486442233118522	63.329812911408794
2.511923724318473	70.96826011860446
2.5377710906910025	78.78010814658757
2.563995367391454	86.76929337716848
2.590607103315379	94.93984155218374
2.6176163651256026	103.29586980206204
2.6450327335643204	111.84158872044213
2.672865292335604	120.58130448588605
2.7011226097384298	129.51942103175946
2.7298127131380885	138.6604422653665
2.758943056281749	148.00897433746508
2.7885204793894656	157.56972796330155
2.8185511618833234	167.34752079633466
2.849040567552991	177.34727985584556
2.8799933818945864	187.57404400965896
2.911413441300231	198.03296651322154
2.9433036537172272	208.72931760632213
2.975665910337545	219.6684871687608
3.008500987819692	230.85598743630203
3.0418084404853722	242.29745577828692
3.075586481872042	253.9986575382943
3.1098318549592934	265.9654889392932
3.144539690320982	278.20398005474294
3.1797033513862702	290.72029784714005
3.2153142659203557	303.5207492755445
3.2513617427594674	316.6117844736507
3.2878327727541112	330.0000000000001
10.0	119
0.11064205260409131	-118.58999999999986
0.13754432989608018	-115.76054306715554
0.16463714747194616	-112.87928860238426
0.19187361441855477	-109.94528837272665
0.21921723436565743	-106.9575767863746
0.2466403180692904	-103.91517057488525
0.2741226037080732	-100.81706846958235
0.3016500610266205	-97.66225087204108
0.32921385806303216	-94.44967951852507
0.356809471534488	-91.17829713829903
0.38443592406018695	-87.84702710566884
0.4120951332923263	-84.45477308565987
0.43979135973216693	-81.00041867321539
0.46753074154684326	-77.48282702577708
0.4953209060947238	-73.90084048914451
0.5231706491308719	-70.2532802164915
0.5510896738177115	-66.53894578039692
0.5790883827252338	-62.75661477778476
0.6071777169887228	-58.905042427618895
0.6353690377165412	-54.982961161250415
0.6636740456267123	-50.98908020524337
0.6921047357587813	-46.92208515658817
0.7206733849851388	-42.780637550115046
0.7493925709633941	-38.56337441800633
0.778275222171746	-34.26890784123688
0.8073346998077849	-29.895824492803257
0.8365849136844281	-25.442685172590785
0.8660404759350399	-20.90802433372832
0.8957168985019937	-16.290349600271213
0.925630843267647	-11.588141276051203
0.9558004376563984	-6.799851844542275
0.9862456741597001	-1.923905459562377
1.0169889204209697	3.041302573341568
1.0480555787621149	8.097406325006489
1.0794749528736438	13.246069780432322
1.1112814092711292	18.488987386407643
1.1435159701210516	23.827884609156058
1.1762285574847469	29.264518502199167
1.209481257447881	34.800678284605
1.243353250398609	40.43818592983257
1.28305329689562	43.60574179479568
1.3036844454656686	43.60574179479568
1.3243155940357176	43.60574179479568
1.3449467426057664	43.60574179479568
1.3655778911758152	43.60574179479568
1.3862090397458642	43.60574179479568
1.406840188315913	43.60574179479568
1.4274713368859617	43.60574179479568
1.4481024854560103	43.60574179479568
1.4687336340260593	43.60574179479568
1.489364782596108	43.60574179479568
1.5099959311661568	43.60574179479568
1.5306270797362058	43.60574179479568
1.5512582283062546	43.60574179479568
1.5718893768763034	43.60574179479568
1.5925205254463521	43.60574179479568
1.6131516740164011	43.60574179479568
1.63378282258645	43.60574179479568
1.6544139711564985	43.60574179479568
1.6750451197265475	43.60574179479568
1.6956762682965965	43.60574179479568
1.716307416866645	43.60574179479568
1.7369385654366938	43.60574179479568
1.7575697140067428	43.60574179479568
1.7782008625767918	43.60574179479568
1.79883201114684	43.60574179479568
1.819463159716889	43.60574179479568
1.8400943082869379	43.60574179479568
1.8607254568569869	43.60574179479568
1.8813566054270356	43.60574179479568
1.9019877539970842	43.60574179479568
1.9226189025671334	43.60574179479568
1.943250051137182	43.60574179479568
1.963881199707231	43.60574179479568
1.9845123482772797	43.60574179479568
2.005143496847329	43.60574179479568
2.0257746454173775	43.60574179479568
2.0464057939874265	43.60574179479568
2.0670369728327542	43.60575079962388
2.081050016621537	46.77330830762003
2.1036107232084627	52.01732156806423
2.1258396321277186	57.34729191372685
2.1478163819755482	62.76462830757902
2.16960544584827	68.27076280756455
2.191260020788209	73.86715094516205
2.2128247041037685	79.55527211015135
2.234337390643892	85.33662994168424
2.255830652264038	91.21275272576884
2.277332762801216	97.18519379926664
2.2988684740513055	103.25553196051476
2.3204596128519444	109.4253718866745
2.342125547029793	115.69634455792442
2.3638835534712688	122.07010768860658
2.385749111935468	128.54834616543667
2.4077361416777743	135.13277249290013
2.429857193414285	141.8251272459491
2.4521236059567375	148.6271795301165
2.474545634554054	155.54072744917562
2.497132556308653	162.5675985804629
2.5198927568060125	169.70965045799545
2.5428338011781846	176.96877106350064
2.5659624921287896	184.3468793255036
2.589284916917761	191.8459256265876
2.6128064848959895	199.46789231897247
2.636531956861999	207.21479424854545
2.660465467262874	215.0886792874802
2.6846105400633316	223.0916288755841
2.7089700989482397	231.22575857052203
2.7335464723957483	239.49321860706027
2.7583413940539896	247.89619446547215
2.783355998768756	256.4369074492646
2.808590814538604	265.1176152723757
2.8340457506146404	273.9406126559918
2.859720081912284	282.9082319351528
2.8856124298597474	292.0228436752989
2.9117207397713156	301.2868572989215
2.9380422548017764	310.7027217224878
2.9645734865103104	320.27292600380554
2.991310182037307	330.0000000000001
20.0	119
0.10936419642617022	-118.58999999999892
0.1396020735043055	-115.40611750013974
0.17007225378155102	-112.15664812287218
0.2007109337541035	-108.84024080121424
0.23147024773471025	-105.45551663669193
0.2623155376368777	-102.00106832598436
0.29322302324865257	-98.47545957581286
0.3241778214692221	-94.87722450576038
0.3551722692718652	-91.20486703877592
0.38620451073560413	-87.45686027913732
0.41727731344101326	-83.63164587760565
0.4483970839244538	-79.72763338347883
0.47957305580016724	-75.74319958332745
0.5108166276525004	-71.676687826083
0.5421408309296212	-67.52640733424201
0.5735599108892335	-63.29063250086702
0.6050890062093883	-58.9676021721171
0.636743915235751	-54.5555189149882
0.6685409390453295	-50.05254826998217
0.7004967936269495	-45.45681798836847
0.732628585579507	-40.76641725374276
0.7649538478989929	-35.97939588754156
0.7974906347750651	-31.093763538199028
0.8302576770046373	-26.10748885359564
0.8632746028704239	-21.01849863646379
0.8965622334524391	-15.824676982385313
0.9301429668301343	-10.523864400048183
0.9640412732636331	-5.113856913363634
0.998284334452835	0.4075948549012196
1.0329028764227506	6.042786618369803
1.0679322709983436	11.79406138157401
1.103414021472841	17.663810414126544
1.13939781549967	23.65447424496483
1.175944444778625	29.768543677082846
1.2131301022057979	36.00856082314897
1.2510529711641025	42.37712016247332
1.28984384764868	48.87686961974515
1.3296843680152362	55.51051166598194
1.3708409218643005	62.28080444217039
1.4137350477228214	69.19056290604607
1.4509967323949682	72.64854834881726
1.466270041302537	72.64854834881726
1.4815433502101059	72.64854834881726
1.4968166591176748	72.64854834881726
1.5120899680252435	72.64854834881726
1.5273632769328125	72.64854834881726
1.542636585840381	72.64854834881726
1.55790989474795	72.64854834881726
1.573183203655519	72.64854834881726
1.5884565125630874	72.64854834881726
1.6037298214706561	72.64854834881726
1.6190031303782253	72.64854834881726
1.634276439285794	72.64854834881726
1.6495497481933625	72.64854834881726
1.6648230571009315	72.64854834881726
1.6800963660085004	72.64854834881726
1.6953696749160692	72.64854834881726
1.710642983823638	72.64854834881726
1.7259162927312068	72.64854834881726
1.7411896016387756	72.64854834881726
1.7564629105463443	72.64854834881726
1.771736219453913	72.64854834881726
1.787009528361482	72.64854834881726
1.802282837269051	72.64854834881726
1.8175561461766196	72.64854834881726
1.8328294550841884	72.64854834881726
1.848102763991757	72.64854834881726
1.8633760728993258	72.64854834881726
1.8786493818068946	72.64854834881726
1.8939226907144635	72.64854834881726
1.9091959996220322	72.64854834881726
1.9244693085296012	72.64854834881726
1.93974261743717	72.64854834881726
1.9550159263447389	72.64854834881726
1.9702892352523078	72.64854834881726
1.9855625441598765	72.64854834881726
2.000835853067445	72.64854834881726
2.016109161975014	72.64854834881726
2.031382472264908	72.64854874943586
2.049632583856122	76.1065342369302
2.0742066102985492	81.03377538582026
2.0977966144264	86.03052906478308
2.1206488156883987	91.0977759426541
2.142935361853826	96.23651052334725
2.164782527947201	101.44774134103824
2.186286409959743	106.73249115810182
2.2075222933968153	112.09179716583799
2.2285505612909655	117.52671118803369
2.2494205881387668	123.03829988739608
2.270173401358007	128.62764497489474
2.290843556563447	134.29584342206073
2.311460493466007	140.04400767628056
2.3320495382062285	145.87326587912423
2.3526326586541546	151.78476208775697
2.3732290431257757	157.77965649947402
2.393855550297941	163.85912567940028
2.414527063461178	170.02436279140568
2.435256772555813	176.27657783227772
2.456056400876235	182.61699786919485
2.4769363887998024	189.04686728055322
2.4979060437147194	195.567448000191
2.518973663048742	202.1800197650548
2.540146635653327	208.8858803663632
2.561431525587538	215.6863459043147
2.582834141445557	222.58275104638398
2.6043595936938617	229.57644928926658
2.626012341968454	236.66881322451974
2.6477962338861465	243.8612348079455
2.669714536616474	251.15512563277946
2.6917699622200257	258.5519172067327
2.7139646875690095	266.05306123293883
2.7363003695146157	273.6600298948679
2.758778155844484	281.37431614526065
2.781398692475539	289.1974339991349
2.80416212724776	297.13091883092716
2.8270681106190354	305.1763276758321
2.850115793507249	313.335239535382
2.873303822480975	321.60925568734535
2.8966303324624643	330.0
30.000000000000004	120
0.1080932520425199	-118.59000000000009
0.14040334817416386	-115.18490667154714
0.17297268612477512	-111.70479612922534
0.20572541170627723	-108.14801567754895
0.23860594419295184	-104.5128762106896
0.2715752685566755	-100.79765141032277
0.3046078079175643	-97.0005769258135
0.3376887965879098	-93.11984953631367
0.3708120844487618	-89.15362629443814
0.4039783125103337	-85.10002365103438
0.43719340752687	-80.9571165607037
0.4704673506024798	-76.72293756759117
0.503813180960826	-72.39547587105847
0.537246201576769	-67.9726763707458
0.5707833582829327	-63.45243869062307
0.6044427683739093	-58.83261618151619
0.6382433787264196	-54.111014901677436
0.6722047371382278	-49.28539257488316
0.7063468640622802	-44.35345752558143
0.7406902152969104	-39.31286759058668
0.775255729629801	-34.16122900678772
0.8100649591094479	-28.89609527435823
0.8451402837858839	-23.5149659949208
0.8805052177861983	-18.01528568411001
0.9161848200121799	-12.394442557985599
0.9522062314079845	-6.6497672926981295
0.9885993729881789	-0.778531756835946
1.0253978568630417	5.222052284156575
1.0626401901427085	11.35483449210625
1.1003713955671233	17.622727309404866
1.1386452453846363	24.028707342126324
1.1775274302833019	30.57581677360355
1.2171002116138399	37.26716480915428
1.257469537590052	44.10592915263874
1.2987764862696567	51.09535751553915
1.3412168489913248	58.23876915929009
1.3850774476610126	65.53955647158665
1.4308111857650092	73.0011865774236
1.4792183102645244	80.62720298562044
1.532009019760871	88.42122727162723
1.5589604073984573	92.0734618905326
1.5701402042530404	92.073462112794
1.5813200003230767	92.073462112794
1.5924997963931133	92.073462112794
1.6036795924631497	92.073462112794
1.6148593885331861	92.073462112794
1.6260391846032225	92.073462112794
1.637218980673259	92.073462112794
1.6483987767432955	92.073462112794
1.6595785728133319	92.073462112794
1.6707583688833683	92.073462112794
1.6819381649534049	92.073462112794
1.6931179610234413	92.073462112794
1.7042977570934776	92.073462112794
1.715477553163514	92.073462112794
1.7266573492335506	92.073462112794
1.737837145303587	92.073462112794
1.7490169413736234	92.073462112794
1.7601967374436598	92.073462112794
1.7713765335136962	92.073462112794
1.7825563295837326	92.073462112794
1.7937361256537692	92.073462112794
1.8049159217238055	92.073462112794
1.816095717793842	92.073462112794
1.8272755138638783	92.073462112794
1.8384553099339147	92.073462112794
1.8496351060039513	92.073462112794
1.8608149020739877	92.073462112794
1.8719946981440239	92.073462112794
1.8831744942140605	92.073462112794
1.8943542902840969	92.073462112794
1.9055340863541335	92.073462112794
1.91671388242417	92.073462112794
1.9278936784942062	92.073462112794
1.9390734745642426	92.073462112794
1.950253270634279	92.073462112794
1.9614330667043156	92.073462112794
1.972612862774352	92.073462112794
1.9837926588443884	92.073462112794
1.9949724549144248	92.073462112794
2.0204494147202094	95.72569673392184
2.049137043610316	100.40586811604595
2.0753649820258726	105.14541994627211
2.099968680861478	109.9451056238521
2.1234187270074805	114.80568810691506
2.1460114421374303	119.72794003374764
2.1679479213723107	124.7126438456122
2.189372205510779	129.7605919111245
2.2103917670618363	134.87258665220736
2.2310893955388376	140.04944067164513
2.251530520577184	145.29197688225383
2.271767945860403	150.60102863769214
2.291845031663076	155.97743986493083
2.311797905438367	161.4220651984039
2.331657040272095	166.9357701158607
2.351448408919615	172.51943107594286
2.3711943449547808	178.17393565750558
2.3909141968974565	183.900182700708
2.4106248328891633	189.6990824498921
2.430341035431363	195.57155669827534
2.45007581387936	201.51853893447907
2.4698406544649734	207.54097449091591
2.4896457222046466	213.6398206940599
2.5095000252760973	219.81604701662246
2.529411549772707	226.07063523166067
2.549387370821115	232.40457956863958
2.5694337446437547	238.81888687147517
2.589556185110476	245.3145767585812
2.6097595275473178	251.89268178494967
2.6300479819835054	258.5542476062842
2.650425177569234	265.3003331452177
2.670894199550792	272.1320107596397
2.6914576199202047	279.0503664131571
2.7121175226451424	286.0564998477205
2.7328755242175595	293.15152475843684
2.7537327901260396	300.3365689706053
2.7746900477497802	307.61277461899397
2.7957475960854716	314.9812983293956
2.816905312647803	322.4433114024829
2.8381626578266186	330.0
40.0	118
0.10682912884861287	-118.58999999999963
0.1406426913656096	-115.02370763885949
0.17473536958460978	-111.37512722644348
0.2090217920328281	-107.64236006160732
0.24344048398645782	-103.823463632889
0.27794929525544365	-99.9164506076279
0.31252157587105844	-95.919287797772
0.3471429923711692	-91.82989510181957
0.3818088919625683	-87.646144422345
0.41652213458735876	-83.36585855854597
0.4512913240673462	-78.98681007324348
0.4861293792596897	-74.50672013373418
0.5210523947192278	-69.92325732589933
0.5560787479022232	-65.23403644094682
0.5912284166193351	-60.436617234167045
0.6265224764031166	-55.52850315503787
0.6619827528409238	-50.50714004803564
0.6976316088843754	-45.369914823467525
0.7334918518400286	-40.11415409763333
0.7695867493545024	-34.73712280160663
0.8059401484557882	-29.236022757933853
0.842576696900213	-23.607991224458658
0.879522172115302	-17.850099404582664
0.9168039305411766	-11.959350923129819
0.9544515000951094	-5.932680267045839
0.9924973523200082	0.23304880987052456
1.0309779110028243	6.541044919057526
1.0699348848927162	12.994590706935355
1.1094170611095295	19.597044563171437
1.1494827767489266	26.351842368375117
1.190203425802256	33.2624992821041
1.2316686112783122	40.33261157213923
1.2739940362936337	47.56585848595995
1.3173342178252525	54.96600416540633
1.3619043036547323	62.53689960551509
1.408020676013939	70.28248465855751
1.456185240527602	78.20679008431762
1.5072900957311057	86.31393964767528
1.5632561387624324	94.60815226459505
1.6303569813164247	103.09374419762122
1.679096344621514	106.89418441120011
1.6858660928538407	106.89418441120011
1.6926358410861675	106.89418441120011
1.6994055893184943	106.89418441120011
1.706175337550821	106.89418441120011
1.7129450857831476	106.89418441120011
1.7197148340154744	106.89418441120011
1.7264845822478012	106.89418441120011
1.733254330480128	106.89418441120011
1.7400240787124546	106.89418441120011
1.7467938269447814	106.89418441120011
1.7535635751771084	106.89418441120011
1.7603333234094352	106.89418441120011
1.7671030716417617	106.89418441120011
1.7738728198740885	106.89418441120011
1.7806425681064153	106.89418441120011
1.7874123163387419	106.89418441120011
1.7941820645710687	106.89418441120011
1.8009518128033957	106.89418441120011
1.807721561035722	106.89418441120011
1.814491309268049	106.89418441120011
1.8212610575003758	106.89418441120011
1.8280308057327024	106.89418441120011
1.8348005539650292	106.89418441120011
1.841570302197356	106.89418441120011
1.8483400504296827	106.89418441120011
1.8551097986620095	106.89418441120011
1.8618795468943363	106.89418441120011
1.8686492951266631	106.89418441120011
1.8754190433589897	106.89418441120011
1.8821887915913165	106.89418441120011
1.8889585398236433	106.89418441120011
1.8957282880559696	106.89418441120011
1.9024980362882966	106.89418441120011
1.9092677845206234	106.89418441120011
1.9160375327529502	106.89418441120011
1.922807280985277	106.89418441120011
1.9295770292176038	106.89418441120011
1.9836665923488936	110.69462299137945
2.02110405205232	115.16844694010729
2.0519601283743003	119.6944146457758
2.0793916858907444	124.27313385947662
2.1046814414511124	128.90521941582153
2.128497290264107	133.59129331550452
2.151238182701043	138.33198480882345
2.1731645433263047	143.12793048017687
2.1944573353867733	147.97977433354527
2.2152482917861773	152.88816787896718
2.2356368187378663	157.8537702200266
2.2557001048985414	162.87724814235685
2.275499496290906	167.95927620317707
2.2950846928437887	173.10053682187356
2.314496610877261	178.301720371633
2.3337693948928777	183.5635252721496
2.3529318680140285	188.88665808340795
2.372008600969851	194.27183360056023
2.3910207151721554	199.71977494991097
2.4099864962394966	205.2312136860163
2.428921869694563	210.8068898899217
2.447840774657933	216.44755226853732
2.4667554608402953	222.15395825517754
2.485676727022385	227.92687411126735
2.5046141143086245	233.76707502923892
2.523576064000111	239.6753452366239
2.5425700474798676	245.65247810136077
2.561602673728698	251.69927623832814
2.5806797787887854	257.8165516171223
2.5998065005261553	264.0051256710866
2.6189873413177365	270.26582940761693
2.6382262207381872	276.59950351974896
2.657526519899676	283.0069984990479
2.676891118771414	289.4891747498107
2.696322427551008	296.04690270460526
2.7158224129593393	302.6810629411517
2.735392620171888	309.3925463005668
2.755034190972605	316.182254006987
2.7747478786144946	323.05109778858525
2.794534059788627	330.0
50.00000000000001	89
0.10557173778174013	-118.58999999999745
0.26677359934615924	-101.03852298207204
0.4091273480999099	-84.10818178497004
0.5352197129568637	-67.83319701386199
0.6480335637813254	-52.259351843247
0.7498055454414443	-37.4291596021682
0.8421362772328058	-23.376087909001825
0.9262059330194837	-10.12316254841977
1.0029273704614061	2.316715374392686
1.073039768103366	13.939938534059308
1.1371644472199223	24.75128326830537
1.195838707673464	34.763015532461
1.2495369637701443	43.99398950374291
1.2986843352477195	52.46870040285074
1.3436655872902505	60.21627904016589
1.384831132689434	67.26944955764947
1.4225011868842972	73.66349761569688
1.4569688141477304	79.43530754475051
1.4885023755401525	84.62252348079625
1.517347719957177	89.26287452936367
1.5437303225686176	93.39368253376227
1.567857462985384	97.05154823405138
1.5899204485156437	100.27219177919807
1.6100968268003426	103.09040947939843
1.6285524962681763	105.54010151092245
1.6454436095052665	107.65432479777024
1.660918169764647	109.46533039530851
1.675117240131569	111.00455391100814
1.6881757144572862	112.30253931717891
1.7002226358200856	113.38878957500975
1.7113810888840617	114.29155054121736
1.7217677334957817	115.03754641220058
1.7314920835608496	115.65169416468859
1.740655662188906	116.15682980685722
1.7493511759404687	116.57347980262603
1.7576618441770493	116.91970648664062
1.765660993802886	117.21104730051132
1.7734119890177427	117.46055585314804
1.7809685174971621	117.67894036309502
1.7883752076693045	117.87478425467776
1.7956685145294027	118.05482628330299
1.8028777888054046	118.22427435277598
1.8100264374798753	118.3871279580793
1.8171330904684557	118.54648798765066
1.824212704327232	118.70483814499346
1.8341159093224928	118.92913707959326
1.8440180522608622	119.16091891428283
1.8539438685789196	119.40565452783727
1.863917167979827	119.66947499621062
1.8739625169872247	119.95948461674817
1.8841062240235347	120.28391091630965
1.8943768257642126	120.65214626215891
1.9048052431643105	121.07472471879146
1.9154247371472426	121.56326613934579
1.9262707571184523	122.13040917450962
1.9373807446562312	122.78974668599687
1.9487939311252775	123.55577100013119
1.960551151033972	124.44383222475147
1.9726946814948578	125.47011006958638
1.9852681108015136	126.6515978630382
1.998316234700016	128.00609642128933
2.011884976445201	129.55221485322437
2.0260213254734825	131.30937510587773
2.0407732889918724	133.2978169613276
2.05618985064468	135.5386002276008
2.072320930470957	138.0536010005585
2.0892173404974757	140.86549911466977
2.1069307304787146	143.99775426857718
2.1255135184964797	147.47456883444823
2.1450188013918154	151.32083606436993
2.1655002403552674	155.56207330614671
2.1870119174777627	160.22434092633165
2.2096081596730954	165.33414887018245
2.2333433271022867	170.91835408998617
2.2582715639960105	177.0040533317142
2.284446510476223	183.61847684420758
2.311920974474794	190.78888931298536
2.3407465629661544	198.54250458425975
2.370973271304856	206.90642043783856
2.402649028351888	215.90757876185194
2.435819193210184	225.57275503221445
2.4705259967738704	235.92857914257206
2.506807918014446	247.00158756816143
2.5446989811360043	258.81830481346196
2.5842279556265533	271.4053503148532
2.625417437010595	284.7895656261238
2.6682827819322967	298.99815591502454
2.712830867168255	314.05883956916864
2.7590586383083324	329.9999999999999
60.00000000000001	89
0.10432099129606252	-118.58999999999975
0.26625584041384437	-100.94601578358012
0.4092131602176294	-83.92112099679554
0.5358364264343956	-67.54706550166782
0.6491469381901098	-51.86837504761294
0.7514016445007654	-36.92685934267146
0.8442122030148463	-22.755517604785666
0.9287656298462619	-9.376999818941215
1.0059797595086193	3.1961362779943556
1.076597881186839	14.96061787533597
1.1412449805682818	25.92155533693966
1.2004617567205296	36.0915507431867
1.2547258430359662	45.48979705952189
1.3044654443319437	54.141130675390684
1.350068305290787	62.0750249226021
1.3918877303982473	69.32454573772645
1.4302467474246878	75.9253162346829
1.4654411514194556	81.91454808709472
1.4977419370205198	87.3301939840245
1.5273974566414377	92.21026037022358
1.5546355047944143	96.59229828506386
1.5796654175176372	100.5130676310838
1.6026801907340738	104.00835096284754
1.6238585633613893	107.11287966139861
1.6433669793078352	109.86032923156728
1.661361334067406	112.28334108899355
1.6779884218488543	114.4135343145839
1.6933870228591	116.28148073967554
1.7076886025336686	117.91662862988142
1.7210176306692098	119.34717255568455
1.7334915644296511	120.59987837341578
1.7452205710510096	121.6998813866299
1.756307089825566	122.67048172596833
1.7668453451314288	123.53296310080702
1.7769209206362169	124.3064591366803
1.7866104891486903	125.00788592754941
1.7959817652627186	125.65195123824753
1.8050937135822707	126.25124149099912
1.8139970098923892	126.81637890269536
1.822734721962688	127.35623430870277
1.8313431550235204	127.87817717377578
1.839852796272868	128.38834324232886
1.8482892925765855	128.89190181545825
1.8566744035282756	129.39330797668737
1.8650268850676193	129.8965293175691
1.8753291766582447	130.5264349987113
1.8856348694698364	131.1714118890825
1.8959699581309188	131.8381991729916
1.9063595017850004	132.53383525393468
1.916828438920052	133.2658242470418
1.927402126380791	134.04223514631673
1.9381066677513672	134.87175215064178
1.948969089441141	135.7636919051293
1.9600174127430068	136.72800014998404
1.9712806594105752	137.7752370688437
1.982788818405273	138.9165578134598
1.9945727930991257	140.16369237766838
2.0066643415755743	141.528927208349
2.019096017649943	143.02508962006567
2.0319011165964618	144.66553514447344
2.0451136270420185	146.46413731446887
2.0587681888021567	148.43527898478465
2.072900055363932	150.59384406772875
2.0875450590805222	152.9552084720708
2.102739576796101	155.5352290448543
2.118520493467695	158.35022941100317
2.1349251613262203	161.4169817723705
2.151991352178695	164.7526839593703
2.1697572005713828	168.37493131900294
2.1882611356940647	172.30168336628049
2.2075418000979563	176.55122551133974
2.2276379535140935	181.14212658617816
2.2485883602817482	186.09319331084157
2.270431659108206	191.42342323093186
2.2932062140560494	197.1519579940279
2.3169499457590117	203.29803907809827
2.341700141866023	209.8809682091388
2.367493245567485	216.9200746842664
2.394364620735126	224.4346916384713
2.4223482916822885	232.4441429614011
2.451476654813737	240.96774210462502
2.481780158486455	250.02480345487243
2.513286946264474	259.63466633148334
2.546022457452561	269.8167310493284
2.580008977375571	280.59050592378514
2.615265128373567	291.97566362654493
2.6518052909452035	303.99210496239596
2.689638942921147	316.6600279444908
2.7287699030006136	330.0
70.0	89
0.10307680333789312	-118.59000000000131
0.265741847569107	-100.85380501196735
0.409299732325969	-83.73469071035811
0.5364511837442445	-67.26189722132608
0.650255903601496	-51.47868608500545
0.7529909787724843	-36.42616958647005
0.8462789319348358	-22.136891118180642
0.9313134611844224	-8.633141883191342
1.0090172222258327	4.072842510903627
1.0801374516581086	15.978097913885392
1.1453026185053796	27.08803767521556
1.2050566142196855	37.415563220164415
1.2598800526964726	46.9801633450669
1.3102039488298867	55.80696620769845
1.3564187117566218	63.9257317612616
1.3988801798555328	71.36980552400235
1.4379137909169364	78.17508001155392
1.4738176234197389	84.37902118094695
1.506864814426023	90.01981350644587
1.5373056887340781	95.13566223269072
1.5653697967030111	99.76427008435195
1.5912679478547576	103.94248357692004
1.6151942442195204	107.70608541685993
1.637328062324751	111.08969703058739
1.6578359046417208	114.12675000480783
1.6768730366652012	116.84948667399448
1.6945848393536007	119.28895680702652
1.71110783246734	121.47498743805806
1.7265703566492383	123.43611444025811
1.7410929357433511	125.19947575185188
1.7547883714231538	126.79067584528622
1.7677616459998653	128.23363804772958
1.7801097234471506	129.55046502209296
1.7919213414849402	130.76132788277215
1.8032768788107005	131.88440131031842
1.8142483628224269	132.9358563801918
1.824899657671064	133.92991573995573
1.8352868445167632	134.87896853039825
1.8454587799113824	135.7937362293958
1.855457797949923	136.68347625452185
1.8653205093760117	137.55620807732623
1.8750786465959108	138.41894669367582
1.8847599064495542	139.27793011434056
1.894388750554737	140.1388304528685
1.9039871337222085	141.00694154149863
1.9144793463418994	141.9711658627383
1.924983636775709	142.95664182398053
1.9355233100101128	143.9699479553044
1.9461209807799968	145.01782174747763
1.9567989695726333	146.10724502219688
1.9675795853630011	147.24550069198762
1.978485317960886	148.4402074803478
1.989538961067882	149.6993384317712
2.000763684283621	151.0312280790667
2.01218306903367	152.4445721219435
2.0238211201632272	153.9484225141207
2.0357022620131584	155.55218001555482
2.0478513252944865	157.2655855664015
2.0602935290378483	159.09871128246812
2.073054460294061	161.0619514478795
2.086160053048989	163.16601357313067
2.0996365669277104	165.42190937771062
2.1135105656357673	167.8409454288984
2.1278088946617353	170.4347131071869
2.142558657495708	173.21507756146548
2.157787189463189	176.1941653533603
2.173522028201217	179.3843505614351
2.189790879789533	182.7982392150709
2.2066215795755535	186.44865204795553
2.2240420467834885	190.3486056955062
2.242080232063685	194.5112926020089
2.2607640572076524	198.95006004395458
2.2801213463182406	203.67838880751503
2.300179747772805	208.70987217146723
2.3209666463407683	214.05819593348872
2.342509064805451	219.73712026973914
2.3648335543840067	225.76046422885253
2.3879660731302503	232.142093628152
2.411931851336214	238.89591304148712
2.436755242714897	246.03586244738653
2.4624595598477503	253.57591894969892
2.489066892017212	261.5301037999319
2.5165979031221783	269.9124947529572
2.5450716068996053	278.73724358858374
2.5745051161574795	288.0185984436906
2.604913362172415	297.7709304348174
2.636308779828156	308.00876391871714
2.6687009534764248	318.746809644642
2.702096217893797	329.9999999999999
80.0	89
0.10183908932108283	-118.59000000000032
0.2652315241209095	-100.7618916452389
0.4093869810691527	-83.54889128553481
0.5370639284400153	-66.9776905870919
0.6513604374370056	-51.0902802239892
0.7545735658509275	-35.927081083283525
0.8483365307266415	-21.5201928508302
0.9338495566153994	-7.8915642170994715
1.0120399714090074	4.946871198045983
1.0836588048747158	16.992433597174056
1.1493378403339896	28.2508104105479
1.2096239708840515	38.73516853255927
1.2650005736908492	48.465253524425236
1.3159012268036923	57.46644104489246
1.362718725278313	65.7687284289882
1.4058111304380656	73.40568705803236
1.4455059470722913	80.41342143633744
1.4821031636631128	86.82959181724391
1.5158776592427199	92.69255342948253
1.5470813092150015	98.04065029665003
1.5759449855484113	102.9116805431965
1.60268053758019	107.34252831100878
1.6274827585305707	111.36893931363909
1.6505312904374003	115.02540529673536
1.6719923951234787	118.34511812555468
1.6920205169575375	121.35995626064516
1.7107595787232104	124.10047341667956
1.728343978355374	126.59586921167931
1.7448992854036782	128.87393260470122
1.7605426664536183	130.9609591774007
1.7753830940904152	132.88165154412758
1.7895214112418436	134.65901754394844
1.8030503300786282	136.31428301465928
1.8160544416831135	137.86683497512547
1.8286103004794971	139.33420747546597
1.8407866283534216	140.73211707862663
1.852644660819952	142.07454895978947
1.8642386351807059	143.3738889904256
1.8756164015845311	144.64109274951863
1.8868201245058027	145.88587967834263
1.8978870353029451	147.11693968977892
1.908850195875736	148.34214024879537
1.9197392377227191	149.56872382738476
1.9305810481540222	150.80348818914553
1.9414003842557808	152.05294469104456
1.9519046709949006	153.2860470903695
1.962429752149406	154.5447700061299
1.9729950612660594	155.83492957135235
1.9836195696637708	157.16243656102222
1.9943219792273212	158.53333892970733
2.005120867259026	159.9538518694921
2.0160347918480617	161.4303778225688
2.027082365676517	162.96951866397904
2.038282305299533	164.57808197293338
2.049653461891364	166.26308298346726
2.061214838369132	168.03174348065954
2.0729855967773947	169.89148860896387
2.0849850588909336	171.84994229678358
2.0972327021949817	173.91492178161957
2.1097481527382973	176.09443154382188
2.122551175819316	178.39665682186836
2.1356616650472486	180.8299567844685
2.149099630002541	183.40285736996884
2.16288518248849	186.12404376682827
2.1770385212020766	189.00235249564128
2.1915799145430324	192.04676305901705
2.206529681213155	195.26638914647123
2.221908168222286	198.6704694136455
2.2377357259039754	202.26835789504906
2.254032679545141	206.06951415374573
2.2708192972432606	210.08349331672179
2.2881157536165206	214.31993618793132
2.305942089001591	218.78855966923294
2.3243181637763377	223.49914774990742
2.343263607436672	228.46154334578944
2.3627977620347234	233.68564127742428
2.3829396195466708	239.18138267181587
2.4037077526806487	244.95875105380662
2.4251202385565964	251.02777036127088
2.4471945745898873	257.3985050742838
2.469947585789097	264.08106259428496
2.49339532253569	271.085597947594
2.517552947751611	278.4223208216954
2.542434612180916	286.1015048758352
2.5680533163165338	294.1334992031814
2.594420757294898	302.52874176322155
2.6215471588617683	311.297774552953
2.6494410822843864	320.4512602458652
2.6781092158488984	329.9999999999999
90.00000000000001	89
0.10060776610253083	-118.58999999999915
0.26472477656324644	-100.67027650211179
0.40947482763702986	-83.36372276128031
0.5376746095045002	-66.69444354706977
0.652460523115301	-50.7031521398585
0.7561494296833753	-35.429583882152315
0.8503850726122498	-20.90540642552341
0.9363740519978095	-7.152241492154701
1.0150482253082613	5.818260196671474
1.0871622697513281	18.003680356254847
1.1533511251907331	29.409953597417257
1.2141645105244712	40.05048110174221
1.2700883684784334	49.94522969198914
1.3215586186559825	59.119782893237755
1.3689701959195053	67.60433209965527
1.4126831145120677	75.43262825189129
1.4530266540583978	82.64093953799215
1.490302401781896	89.26707147357814
1.524786652879654	95.34950188412347
1.5567324994957656	100.92666829787936
1.5863718022534055	106.03642434857016
1.6139171303463045	110.71566038609348
1.63956367696268	115.00006592258597
1.6634911068020632	118.92400039018833
1.685865269776919	122.52043471177444
1.7068397151286454	125.8209286328846
1.7265569567934476	128.85561591832413
1.7451494670077163	131.65317928107208
1.7627404043781467	134.2408072570803
1.7794441096050624	136.64413450072738
1.7953664228035573	138.88717398272655
1.8106048884986	140.99225368760796
1.825248916968852	142.97997150155106
1.8393799642118385	144.86918037139543
1.853071779190065	146.67701217188852
1.8663907489052571	148.4189439288064
1.8793963523688897	150.10890505345697
1.8921417166697911	151.75941988180347
1.9046742543840889	153.38177666861804
1.9170363528204102	154.98621254244784
1.9292660822545404	156.58210375489318
1.9413978916857877	158.17815159635632
1.9534632654696023	159.7825562060446
1.9654913209686056	161.4031727540849
1.9775093347471842	163.04764674876816
1.9878747336422187	164.48928007153086
1.9982678389944795	165.95904417780815
2.008704167084162	167.46179221980475
2.0191989363618	169.00243662581067
2.0297671608645267	170.5859696303632
2.0404237228912643	172.2174782572764
2.0511834281787604	173.90215468854774
2.0620610466340206	175.64530288334407
2.073071341387461	177.4523422165779
2.084229088581953	179.32880879924056
2.0955490899430607	181.28035503288328
2.107046179811845	183.31274784560168
2.118735227981277	185.43186596132847
2.1306311393717143	187.6436964709485
2.142748851314956	189.95433090393482
2.1551033289917565	192.36996094304652
2.167709559382496	194.89687388149946
2.1805825439422373	197.54144789087212
2.1937372900950396	200.31014714743583
2.2071888015541146	203.20951685315248
2.22095206740903	206.2461781836181
2.235042049874873	209.4268231972946
2.2494736705664624	212.75820974686798
2.2642617951400617	216.2471564431139
2.27942121613203	219.90053773286706
2.2949666338157093	223.7252791643133
2.310912634891955	227.72835292371667
2.3272736688229507	231.91677373684115
2.3440640216114503	236.2975952348578
2.3612977868165674	240.8779068877667
2.3789888335818214	245.6648316078158
2.3971507714297906	250.6655241207858
2.415796911550181	255.88717019430385
2.434940224273427	261.33698679969723
2.4545932923803067	267.0222232677496
2.4747682598490783	272.95016347962155
2.495476775585753	279.1281291129404
2.5167299316206337	285.5634839405119
2.538538195185656	292.2636391561897
2.560911334012855	299.23605968011157
2.5838583341153663	306.48827137467686
2.607387309228842	314.0278690840611
2.6315054010041257	321.8625253944533
2.6562186689514093	329.9999999999998
100.00000000000001	89
0.09938275195828465	-118.5900000000004
0.26422151448828346	-100.57896024739932
0.4095631975936576	-83.17918486923483
0.5382831810905625	-66.41215360685916
0.6535561497044653	-50.31729594978276
0.7577186001290134	-34.933667379619266
0.852424636758644	-20.29251474908054
0.9388870888127135	-6.415147654429688
1.0180422068578165	6.687048001093046
1.0906481778887773	19.011893997588174
1.157342951128865	30.56554710706041
1.2186789092212997	41.361614114502686
1.275144380585116	51.420250862642376
1.3271774276047585	60.767213290294876
1.3751749076347375	69.4328487866864
1.4194985535739117	77.45104802515255
1.4604791713771161	84.85820237771543
1.4984196880895742	91.6922227767887
1.533597550812743	97.99167203234094
1.566266805402762	103.79504766390124
1.596660047768268	109.14023160348296
1.6249903339011817	114.06410209083612
1.6514530573465789	118.60228600436244
1.6762277548913052	122.78901925499895
1.6994797805411654	126.65707935812833
1.7213617893716568	130.23775701910222
1.742014989842832	133.5608407146202
1.7615701484867927	136.65459767807795
1.780148357985892	139.54574438611678
1.7978616033957369	142.25940800462473
1.8148131781323613	144.819086249721
1.8310980095498213	147.24661628716058
1.846802953286598	149.56216367939243
1.8620071072176525	151.78424045157806
1.876782181989347	153.92975782265785
1.8911929484789898	156.01411489590362
1.9052977659096149	158.05132045411466
1.9191491801396108	160.05414162032451
1.932794571433015	162.03427093563465
1.946276825466061	164.0025025044677
1.9596350002333074	165.96890815407045
1.9729049640321874	167.94300577226932
1.9861199846359696	169.93391377108537
1.9993112558719799	171.95048762436664
2.012508354037599	174.00143635763163
2.0226066911364025	175.59597656880294
2.0327372133519908	177.2194676845366
2.0429119212276254	178.87579636508605
2.053142626210459	180.5688864782265
2.063440995305529	182.30270861995308
2.073818586637809	184.0812871492106
2.0842868771906677	185.90870510387606
2.094857283920157	187.78910734288462
2.1055411793435646	189.72670222870374
2.1163499025809562	191.72576212914709
2.1272947666997224	193.790622980602
2.1383870630830915	195.9256831185159
2.1496380634191894	198.13540154690952
2.161059019792295	200.4242957879901
2.172661163253991	202.79693942607787
2.1844557011608123	205.25795943745936
2.196453813486496	207.8120333793218
2.2086666482509107	210.46388649646258
2.221105316153104	213.21828879366
2.233780884451742	216.0800521140048
2.2467043701008658	219.0540272586215
2.259886732121337	222.14510118060338
2.273338863167011	225.35819428506494
2.2870715802282446	228.69825786753427
2.3010956144028234	232.17027172398247
2.3154215996542633	235.77924196715276
2.330060060469238	239.53019908517092
2.3450213983181394	243.42819627931271
2.360315876815282	247.47830811800281
2.3759536054669548	251.6856295434435
2.3919445218861055	256.055275265501
2.4082983723414917	260.5923795746253
2.425024690496146	265.3020966015499
2.4421327741750782	270.1896010464226
2.4596316599848476	275.26008939393955
2.47753009558809	280.51878162417347
2.4958365094143984	285.97092342131396
2.5145589775648576	291.6217888746752
2.533705187641637	297.4766836584022
2.553282399206052	303.54094866849664
2.573297400538788	309.8199640884053
2.593756461344808	316.31915384766967
2.614665281012563	323.04399043221974
2.636028932003197	330.0
