# Table format: 1D
# table_unit = degC
# axis1_unit = kJ/kg/K
# This file was automatically generated by generate_data_files.py
0.4327670326120482	-100.56653098017674
0.4510536889578939	-97.85193527098298
0.46912217857773053	-95.15499182620633
0.4869266560492897	-92.47657124740368
0.5044384715025884	-89.81701512254281
0.5216466427152022	-87.17553458459554
0.5385415505662168	-84.55227636273878
0.5551165475614359	-81.94781894967224
0.571375945753168	-79.36168533084347
0.5873253486443081	-76.79364629710207
0.6029671536770824	-74.24432903334687
0.6183107216058547	-71.71347495070773
0.6333670952988535	-69.20068101243282
0.6481418985850721	-66.70653266043684
0.6626452035058091	-64.23091975965215
0.6768890908645754	-61.77338049741445
0.6908798314909924	-59.334429223080974
0.7046266940669912	-56.91402804659461
0.7181408173464945	-54.51174472995612
0.7314280903506105	-52.12801455630509
0.7444966706663084	-49.76280372613519
0.7573559513833992	-47.41577370201546
0.7700112099428602	-45.087264627600405
0.7824693470352757	-42.77724836927277
0.7947380755683193	-40.485467410635636
0.8068219942125943	-38.21217943399378
0.8187268397664923	-35.95736232945066
0.8304588709929799	-33.72082585702097
0.8420222031273509	-31.50273132308766
0.8534218290810639	-29.30301291359774
0.8646611846421195	-27.121855804478628
0.875745689902433	-24.95900324182068
0.8866785020631536	-22.81459696876496
0.8974636831696546	-20.688554025277284
0.9081044852374731	-18.580912240930246
0.9186039378065091	-16.491716563948614
0.9289653885509332	-14.420910583304988
0.9391917830559516	-12.368485970848383
0.9492855828912937	-10.334503578568103
0.9592495735271418	-8.318928094277624
0.9690864059430835	-6.3217244336720455
0.9787981370843061	-4.342957495707026
0.9883871127990171	-2.3826082197666665
0.9978557135512927	-0.44062763259660187
1.0072057056087524	1.4829221325630328
1.0164390917313861	3.3880479980754785
1.0255580099867887	5.274804428263167
1.0345640046900004	7.143133390610899
1.0434588417864585	8.993039918735406
1.052244413629078	10.82457174400173
1.0609221107776428	12.637679433688106
1.0694935113640984	14.432367161141599
1.0779602966463389	16.20867430907964
1.0863237424163885	17.966560766914597
1.0945852715202264	19.706029510623182
1.1027463888394458	21.427112117365652
1.1108082807991841	23.129777386921376
1.1187722400401454	24.8140268579931
1.1266396237582268	26.47988516216367
1.134411546746439	28.127329289934835
1.142089190787907	29.756359159716226
1.1496737825198662	31.366991919940745
1.1718800184812521	36.08843459414095
1.1791031853651341	37.62543892812465
1.1862385739693033	39.144028633750395
1.1932872234466785	40.64421331955151
1.2002501246116253	42.125996653931
1.2071281762590056	43.58936585627902
1.2139223433709883	45.03432782008434
1.2206335711494636	46.460889643846315
1.2272626990309121	47.869038116035085
1.233810627412291	49.25877790530524
1.2402782559523666	50.63011789175357
1.2466663752807607	51.98304537890135
1.2529758300396436	53.3175634454999
1.2592074748288593	54.63368139050573
1.2653620594533728	55.93138757924049
1.2714403815477278	57.21068435389566
1.277443250922956	58.47158013157815
1.2833713847435437	59.714065080866646
1.2892255375251038	60.93814057396776
1.2950064792483535	62.1438141046043
1.3007149004376348	63.33107788013331
1.3063515161422279	64.49993207037329
1.3119170617335822	65.65038329694755
1.3174122070110919	66.78242597281343
1.3228376311682266	67.89605882248128
1.3334820905943556	70.06810941495775
1.343855737929665	72.16652740035397
1.3489426650229361	73.18812785422472
1.3539638330302106	74.19131800897077
1.3589199091983264	75.176102458186
1.363811535372748	76.14248155636471
1.3686393199802689	77.09045044321425
1.3734039210122047	78.02001286918954
1.3781059846154051	78.93117053592039
1.382746114275903	79.82391820771153
1.3873249678630954	80.69825863344806
1.3918432069282598	81.55419480504423
1.3963014422260924	82.39172124567239
1.4007003441713315	83.21083975183649
1.4050406036450729	84.01155437372648
1.4093228546917012	84.79385948268981
1.4135477979662354	85.55775622583582
1.4177161717193703	86.3032492499724
1.421828655772583	87.03033298488492
1.4258860038146448	87.7390080573615
1.4298890277773735	88.42927943992493
1.4338384843939176	89.10114175929573
1.4377352119297602	89.75459524869217
1.4415801335363851	90.38964494795101
1.4453741277348804	91.00628581269882
1.4491181622894382	91.60451780250776
1.4528133263813139	92.18434577670939
1.4564606869687287	92.74576515136602
1.4600614073369478	93.28877572200184
1.4636168239609537	93.81338156793447
1.4671282976079292	94.31957978086473
1.4705972845936972	94.80736901109213
1.474025498947005	95.2767524698184
1.4774147538571718	95.72772970590063
1.4807669628487865	96.16029767465176
1.484084427472897	96.57445873372149
1.4873696700722003	96.97021493020992
1.4906253425183777	97.34756171871379
1.493854689041034	97.70650036823082
1.4970613875810779	98.04703545651137
1.500249327829243	98.3691611503599
1.5034233352976276	98.67287738840662
1.5065890683712164	98.95819128652482
1.5097525973591575	99.22509549007117
1.5129215566356542	99.47358982287614
1.5161052080502575	99.70368242105155
1.5193137076208585	99.91536507593935
1.5225599771978087	100.10863773071446
1.5258602780408714	100.28350886010116
1.5292328216764657	100.43996995905837
1.532700794497071	100.57802124103006
1.5362942472713303	100.69767060304707
1.5400463232012311	100.79891014048934
1.5439959984471503	100.88174063032443
1.5481914147094342	100.9461676490738
1.5526730326144653	100.99218562082416
1.5574544062459033	101.01979640357422
1.5624947782840108	101.02899999822955
1.567712575242693	101.01979640357422
1.5729737862037814	100.99218562082416
1.5781150387651957	100.9461676490738
1.583028199075393	100.88174438405116
1.5876706652322288	100.79891014048934
1.5920469228011076	100.69767060304707
1.596174228472257	100.57802681266264
1.6000761480270442	100.43996995905837
1.603780862149924	100.28350886010116
1.607311443504452	100.1086439111258
1.6106865158034847	99.91536507593935
1.6139241290561868	99.70368242105155
1.6170386245958193	99.47359594044792
1.6200409819983321	99.22509549007117
1.6229417835396291	98.95819128652482
1.625749676605255	98.67288304929986
1.6284711965721959	98.36916128058152
1.6311127556554572	98.04703545651137
1.6336797827761667	97.70650528602766
1.6361763465430303	97.34756295564307
1.6386064941831375	96.97021493020992
1.6409737885342108	96.57446265163964
1.6432808749926626	96.1602998919891
1.6455303918313995	95.72772970590063
1.6477247677268168	95.27675512346241
1.6498657946391806	94.80737209360723
1.6519552326588818	94.31957978086473
1.6539947960498145	93.81338266312616
1.6559857549637178	93.28877955973928
1.6579293052913577	92.74576515136602
1.6598267046053243	92.18434577670939
1.6616789041210576	91.60452228406666
1.663486736350538	91.00628581269882
1.6652511710910163	90.38964494795101
1.6669729637974693	89.75460025379766
1.6686527265409767	89.10114175929573
1.6702912511958699	88.42927943992493
1.6718891832686364	87.7390134483228
1.673447010549236	87.03033298488492
1.6749654231280258	86.3032492499724
1.6764450165422928	85.55776183777647
1.677886221240967	84.79385948268981
1.6792896781813005	84.01155437372648
1.680655974752644	83.21084538166394
1.6819855312958083	82.39172124567239
1.6832789755061985	81.55419480504423
1.6845369152962917	80.69826402790386
1.6857597960032809	79.82391916069855
1.6869482515630247	78.93117053592039
1.688102933741723	78.02001771232017
1.6892243361631634	77.09045250681567
1.6903131134762606	76.14248155636471
1.6913699741532127	75.17610635867663
1.6923954786943398	74.191321206584
1.6933903108688937	73.18812785422472
1.6943552441157768	72.16652987915091
1.6952909209867704	71.12652523312562
1.6961980587198298	70.06810941495775
1.69707750120543	68.99128817545301
1.69792998670587	67.8960645499464
1.6987562678394093	66.78242622135707
1.6995572670906223	65.65038343479182
1.7003338198527362	64.49993911035534
1.7010867270587784	63.331078253259136
1.7018169938889074	62.143814562366515
1.702525554250655	60.938148857158694
1.7032132712582537	59.71406548726338
1.7038812366447602	58.47158105043866
1.7045304871949003	57.21069372280806
1.7051619616360005	55.9313878965209
1.7057768439473244	54.633682885665166
1.706376279704232	53.31757363012781
1.7069612990132987	51.983045450669294
1.7075331855275302	50.63012004923843
1.7080932015446866	49.25878849431166
1.708642489045163	47.869038979868094
1.7091824359498582	46.460892515351816
1.7097144367905959	45.03433822672969
1.7102397679575145	43.589368950340315
1.7107599288509237	42.12600024926962
1.7112764649723096	40.644222742014165
1.7117908127317283	39.144034234445485
1.7123045971543658	37.6254432049256
1.7128195336866179	36.08844197062393
1.7133360574181917	34.53304979977952
1.7138591139789625	32.95922343293586
1.7143882408362388	31.366995879721003
1.7149252804526418	29.756370368788566
1.7154725723647057	28.127334522020192
1.7160322505358736	26.47988567006348
1.716606437760475	24.81404097670719
1.7171972762798144	23.129782704422666
1.7178071711921747	21.427115464523297
1.7184385258341688	19.706046417514074
1.7190937629320335	17.96656574070414
1.7197755984258056	16.20868099531731
1.7204867563845232	14.432386531905195
1.7212300088842252	12.637683468344164
1.7220084403291724	10.824582256682731
1.7228251439053892	8.993061174112142
1.7236833247240142	7.143135683438459
1.7245865085134646	5.274819218862092
1.725538216132781	3.3880702529535256
1.7265421884921233	1.4829221325630328
1.7287230532658158	-2.3826082197666665
1.729908495049056	-4.342957495707026
1.7324921431114015	-8.318928094277624
1.7339003602957042	-10.334503578568103
1.736976229744948	-14.420910583304988
1.7386555671194441	-16.491716563948614
1.7423285573296867	-20.688554025277284
1.7443358789328425	-22.81459696876496
1.7487298050243025	-27.121855804478628
1.7536845990791665	-31.50209345074913
1.7592723470245215	-35.95736232945066
1.7690273462690305	-42.77724836927277
1.7807240704026004	-49.76280372613519
1.7851212072809053	-52.12797967226987
1.7947573582117347	-56.91402804659461
1.800035430230551	-59.334405011859246
1.8056450020214576	-61.77321648879371
1.8116066836915428	-64.23091975965215
1.817947675933662	-66.70653266043684
1.8246894345172169	-69.20043885201343
1.831856631252728	-71.71347495070773
1.8394827717372544	-74.24432903334687
1.8475948748872673	-76.79330548143142
1.8562221409576527	-79.36168533084347
1.8654055019039197	-81.94781894967224
1.8751796665867195	-84.55181436912525
1.8855790182174936	-87.17553458459554
1.896652585832019	-89.81701512254281
1.9084459344496745	-92.47596451702424
1.920999122028451	-95.15499182620633
1.9343687533157137	-97.85193527098298
1.9486159542869614	-100.5657552783411
