# Table format: T1D
# table_unit = barA
# axis1_unit = m**3/kg
# axis2_unit = degC
# This file was automatically generated by generate_data_files.py
-80	120
0.0006212840672764747	699.9999999999992
0.000627345179366827	543.8877867532335
0.0006325196200424781	422.5913208276173
0.0006368774436639686	328.34608312294097
0.0006405005868338695	255.11917776975685
0.000643477973122135	198.22314993642559
0.0006458997991166676	154.01592900311053
0.0006478525848658124	119.66768964320715
0.0006494156850027004	92.97970695130978
0.0006506593347571068	72.24361003816024
0.0006516439713104633	56.13202452959824
0.0006524204588102142	43.61360369625926
0.0006530308640097087	33.88700912384446
0.0006535095046481456	26.329614845792058
0.0006538840781937655	20.457651349347053
0.0006541767522360273	15.895238163665288
0.0006544051526807653	12.350322721073507
0.0006545832227869441	9.595985272075497
0.0006547219487263257	7.4559131304939745
0.0006548299598900986	5.793114415383932
0.0006549140181064415	4.501148825416317
0.0006549794118581538	3.4973141035751487
0.0006550302712631179	2.717352039106231
0.0006550698181277711	2.1113351233983937
0.0006551005634828886	1.6404705533707409
0.0006551244630443668	1.2746169978666648
0.0006551430392066097	0.9903551684682207
0.0006551574765594978	0.7694886866825811
0.0006551686965461039	0.5978792839020597
0.0006551774157386044	0.4645417720958568
0.0006551841912799004	0.36094085182805896
0.000655189456289164	0.2804447443565576
0.0006551935474306622	0.21790067330666413
0.0006551967263701342	0.16930502133828726
0.0006551991964677175	0.1315470476312716
0.0006552011157611251	0.10220976084299242
0.000655202607061294	0.07941520087067502
0.0006552037658012673	0.06170422548016431
0.0006552046661375664	0.04794310661389877
0.000655205365692554	0.0372509573518682
0.0006552053891377321	0.03688251352121754
0.0008205823544320513	0.03688251352121754
0.0010277012545507336	0.03688251352121754
0.0012870979529363107	0.03688251352121754
0.0016119676152161987	0.03688251352121754
0.002018835929758003	0.03688251352121754
0.002528399747494445	0.03688251352121754
0.00316657990324963	0.03688251352121754
0.0039658397741896105	0.03688251352121754
0.00496683664871489	0.03688251352121754
0.006220489908737761	0.03688251352121754
0.007790571231030948	0.03688251352121754
0.009756948567750761	0.03688251352121754
0.012219648923117013	0.03688251352121754
0.015303946594304637	0.03688251352121754
0.019166735708605418	0.03688251352121754
0.02400451121936379	0.03688251352121754
0.030063364343353164	0.03688251352121754
0.03765150089422038	0.03688251352121754
0.04715491930299901	0.03688251352121754
0.0590570458457787	0.03688251352121754
0.07396332589649009	0.03688251352121754
0.092632022129184	0.03688251352121754
0.11601278633346071	0.03688251352121754
0.14529496694008714	0.03688251352121754
0.18196810959648702	0.03688251352121754
0.2278977283760496	0.03688251352121754
0.285420202002068	0.03688251352121754
0.3574616223312149	0.03688251352121754
0.447686640761113	0.03688251352121754
0.5606848841811125	0.03688251352121754
0.702204423198178	0.03688251352121754
0.8794441688565452	0.03688251352121754
1.1014200716840281	0.03688251352121754
1.3794237511242564	0.03688251352121754
1.7275968852250831	0.03688251352121754
2.1636505790239684	0.03688251352121754
2.7097663049449303	0.03688251352121754
3.3937242448488534	0.03688251352121754
4.250316430999021	0.036882154706916026
4.293425712355023	0.03651331463202921
4.547209279035071	0.03448319113801864
4.815933346711625	0.032565941576228906
5.100477531237769	0.030755290207961066
5.401773232440328	0.029045310222700408
5.720806682880563	0.027430404337869967
6.058622176098229	0.02590528647722877
6.416325484906125	0.024464964467942763
6.79508748092435	0.023104723699690598
7.1961479672021165	0.021820111692315635
7.620819736472569	0.020606923521509384
8.070492868324498	0.019461188054820246
8.54663927935701	0.01837915495293385
9.05081754121117	0.017357282393676197
9.584677982249572	0.01639222547855658
10.149968089583183	0.015480825283901425
10.748538229127982	0.01462009852074
11.382347702414897	0.013807227769595764
12.053471159978825	0.013039552258218784
12.764105392319717	0.012314559152072031
13.516576520664646	0.011629875329062591
14.3133476110684	0.010983259611594057
15.157026736775848	0.010372595430513236
16.050375515236706	0.009795883896938029
16.996318147716874	0.00925123725928851
17.997950991095845	0.008736872724104052
19.05855269318143	0.00825110662042019
20.181594924717956	0.0077923488886034375
21.37075374321689	0.007359097875604352
22.629921625807278	0.006949935419592141
23.96322021049305	0.006563522207881317
25.375013787523315	0.0061985933929554985
26.869923585036954	0.005853954452238264
28.45284289574267	0.0055284772780588515
30.12895309414882	0.005221096485013957
31.903740596772224	0.004930805922638525
33.78301482084185	0.004656655381970434
35.77292720028179	0.00439774748522867
37.87999132121827	0.004153234748423968
40.11110424292065	0.003922316807286944
-60	120
0.0006382200728973267	699.9999999999992
0.0006443550419989767	564.6862653318118
0.0006497912713859889	455.529397506271
0.0006545574811596334	367.4731346095253
0.0006586931551627475	296.43861713203887
0.0006622466792886374	239.13545086916864
0.0006652724989131983	192.90929237107136
0.0006678280192788636	155.61889693831853
0.0006699707624973929	125.53693389593616
0.0006717560752471798	101.26997480414722
0.0006732354950759689	81.69394837485804
0.0006744557519067821	65.90207229715496
0.0006754583063684928	53.16285011872504
0.0006762792972007367	42.88618755419685
0.0006769497711940643	34.596058691855816
0.0006774960869852652	27.908455968434644
0.0006779404081650076	22.51360253141817
0.0006783012251203916	18.16160304661623
0.0006785938655720873	14.650868281189409
0.0006788309697695764	11.818777276533101
0.0006790229179020003	9.534144572962825
0.0006791782051527811	7.691143560057063
0.0006793037648196326	6.204404475799206
0.0006794052428313263	5.00505998863862
0.0006794872284734958	4.03755518963718
0.0006795534466875477	3.2570742301532807
0.0006796069172886279	2.627464404191073
0.0006796500861079152	2.119561516707046
0.0006796849325637312	1.7098389671576197
0.0006797130576076014	1.3793179724043425
0.0006797357554365347	1.1126884493457943
0.0006797540718449376	0.8975998356270348
0.0006797688516251428	0.7240889984895412
0.0006797807770196642	0.5841187318927307
0.0006797903988805182	0.4712054646040861
0.0006797981618966545	0.380118934301747
0.0006798044250043948	0.3066399162753744
0.0006798094778912682	0.2473647844617163
0.0006798135543348859	0.19954785187470758
0.0006798168429798427	0.1609741874715919
0.0006798169807761213	0.1593788138243036
0.0008211800233946287	0.1593788138243036
0.00099193849211083	0.1593788138243036
0.0011982049539681283	0.1593788138243036
0.001447363040281485	0.1593788138243036
0.0017483317552938343	0.1593788138243036
0.002111884745913061	0.1593788138243036
0.0025510359612902485	0.1593788138243036
0.003081505507528281	0.1593788138243036
0.0037222823735203097	0.1593788138243036
0.004496304171571505	0.1593788138243036
0.005431278225185149	0.1593788138243036
0.00656067339613729	0.1593788138243036
0.007924918154844912	0.1593788138243036
0.009572847780834148	0.1593788138243036
0.011563452498117896	0.1593788138243036
0.013967989122728708	0.1593788138243036
0.01687253181214029	0.1593788138243036
0.020381053224651457	0.1593788138243036
0.024619146383661982	0.1593788138243036
0.029738520476806314	0.1593788138243036
0.03592243152412181	0.1593788138243036
0.043392242314530996	0.1593788138243036
0.052415346433846495	0.1593788138243036
0.06331474003730198	0.1593788138243036
0.07648058400320962	0.1593788138243036
0.09238417035315764	0.1593788138243036
0.11159479288865111	0.1593788138243036
0.13480012595507695	0.1593788138243036
0.16283084082279395	0.1593788138243036
0.19669034086729265	0.1593788138243036
0.23759067996580716	0.1593788138243036
0.2869959498656883	0.1593788138243036
0.346674689643392	0.1593788138243036
0.4187631933328221	0.1593788138243036
0.5058419819188122	0.1593788138243036
0.6110281771306207	0.1593788138243036
0.7380870837001674	0.1593788138243036
0.8915669743468494	0.1593788138243036
1.0769619023287285	0.1593788138243036
1.0879707345660807	0.15778657979888705
1.1973665213282096	0.14352525740127464
1.3176296588940453	0.1305529249595119
1.4498402365958039	0.11875307889420013
1.595185640192296	0.10801974564128426
1.7549712161850604	0.09825652991113819
1.9306319954389648	0.08937574896944193
2.1237455814143105	0.08129764516488583
2.33604631877301	0.07394966963147287
2.569440869617544	0.06726583073240067
2.826025337260967	0.061186101393944335
3.108104091322729	0.05565588000664865
3.4182104632230317	0.05062550005222336
3.759129497945374	0.04604978405213427
4.133922966403061	0.041887637831936206
4.545956863047117	0.038101681457464606
4.9989316356722115	0.03465791352835042
5.4969154189144325	0.031525405813902424
6.044380569910134	0.02867602548890473
6.646243834241531	0.026084182474748044
7.307910502897528	0.023726599616784624
8.03532295682119	0.021582103633885963
8.835014035019736	0.01963143496273641
9.714165705532812	0.017857074789087986
10.6806735661792	0.0162430877125568
11.74321775435904	0.01477497863194473
12.911340902747689	0.013439562565783922
14.195533840995845	0.012224846238971954
15.60732981311709	0.01111992037203553
17.159408056722498	0.010114861705680598
18.86570767434016	0.009200643880718324
20.741552819489623	0.008369056372986135
22.803790321798893	0.007612630755223996
25.070940987164605	0.006924573623669422
27.563365931772058	0.006298705586989605
30.303449443808265	0.0057294057696148015
33.3158000151363	0.005211561331061397
36.62747134838184	0.004740521547881305
40.26820532428039	0.004312056045851069
44.27069911135769	0.003922316807286944
-40	120
0.0006552767488524632	699.9999999999992
0.0006615413070211871	581.8456017954302
0.0006672577475466162	483.6347204695506
0.0006724321151498012	402.0010499725294
0.0006770781100467708	334.146489776658
0.0006812167949129418	277.745236331329
0.0006848756319927787	230.86406311288036
0.0006880870985409976	191.89605676407385
0.000690887109865337	159.5055380429467
0.0006933134413082217	132.58227967471709
0.0006954042910257998	110.20345186392268
0.0006971970729781483	91.6019910995684
0.0006987274815921529	76.14030805283983
0.000700028831110655	63.288433371277236
0.0007011316458586941	52.60585228800109
0.0007020634622308009	43.72640540353354
0.0007028487971939061	36.345738094814145
0.0007035092388616127	30.210868363537443
0.0007040636196032434	25.111515548207123
0.00070452823903865	20.87289268020266
0.0007049171115889116	17.349715432462766
0.0007052422200474909	14.421222309686813
0.0007055137624228706	11.987035390579123
0.0007057403839261575	9.963719743678052
0.0007059293894803873	8.281923586259087
0.0007060869346570051	6.884001161529545
0.0007062181946825241	5.722036855129432
0.0007063275122844713	4.756202824954866
0.0007064185258201838	3.9533938499242742
0.0007064942794850444	3.2860926053479145
0.0007065573175307989	2.7314264707345273
0.0007066097644154504	2.2703835408921433
0.0007066533927098056	1.887160968081179
0.0007066896804401374	1.568623298797202
0.0007067198593783402	1.3038522389699858
0.000706744955617369	1.083772415194014
0.0007067658236012674	0.9008403044683534
0.0007067831746219561	0.7487856701070974
0.0007067976006522987	0.6223966411989402
0.0007068095942577558	0.5173410689340736
0.0007068101792363886	0.5122188196730644
0.0008293582216364493	0.5122188196730644
0.0009731538679014007	0.5122188196730644
0.0011418810664742991	0.5122188196730644
0.0013398624955212025	0.5122188196730644
0.0015721703070594808	0.5122188196730644
0.0018447560721057499	0.5122188196730644
0.002164603255951382	0.5122188196730644
0.002539906129880313	0.5122188196730644
0.0029802797029279157	0.5122188196730644
0.003497006051992425	0.5122188196730644
0.004103323361111866	0.5122188196730644
0.0048147650748998055	0.5122188196730644
0.005649557855024464	0.5122188196730644
0.006629088535110468	0.5122188196730644
0.00777845203713607	0.5122188196730644
0.009127094286577955	0.5122188196730644
0.010709566597360607	0.5122188196730644
0.012566410853448614	0.5122188196730644
0.014745198164843508	0.5122188196730644
0.017301747607658197	0.5122188196730644
0.020301556271575764	0.5122188196730644
0.02382147725155392	0.5122188196730644
0.027951688572802	0.5122188196730644
0.03279800349157373	0.5122188196730644
0.038484581360139596	0.5122188196730644
0.04515710850648908	0.5122188196730644
0.05298653062077725	0.5122188196730644
0.06217343226976363	0.5122188196730644
0.0729531757394797	0.5122188196730644
0.08560193085984252	0.5122188196730644
0.10044375029129492	0.5122188196730644
0.11785887153759207	0.5122188196730644
0.13829345837675763	0.5122188196730644
0.16227103127916756	0.5122188196730644
0.19040587965243957	0.5122188196730644
0.22341879952588717	0.5122188196730644
0.26215555986350536	0.5122188196730644
0.30760857060009794	0.5122188196730644
0.36094230752116097	0.5122188196730644
0.3646917334556446	0.5070966913314185
0.4144685996604693	0.44766023434747426
0.470846029257236	0.3951902839079314
0.5347014998622288	0.34887030053691936
0.607028831277505	0.3079794507930658
0.6889536592055544	0.271881389630531
0.7817509582392033	0.24001435757184864
0.8868648873831132	0.2118824385843813
1.005931267342726	0.18704784261510263
1.1408030396590083	0.16512409268421216
1.2935791040919096	0.14577001051485383
1.4666369831718837	0.12868440710307227
1.662669822357462	0.11360139560243672
1.8847283016788372	0.1002862535822586
2.1362681111591666	0.08853177026770037
2.4212037288737562	0.07815502191737528
2.7439693385777164	0.0689945251567382
3.10958783493064	0.06090772396732556
3.5237489901999206	0.053768771224271934
3.9928979988911517	0.04746657025829813
4.524335778251904	0.04190304596488315
5.126332585538198	0.03699161855554855
5.808256720166697	0.03265585619971342
6.580720313625852	0.028828285589477264
7.455744475938274	0.025449341917293093
8.446946368693379	0.022466441926040175
9.569751115890615	0.01983316560626501
10.841631850360095	0.0175085338061301
12.282381631374072	0.015456370512207414
13.914421465043244	0.013644739876904555
15.76314922092432	0.01204544923152207
17.857334874693777	0.010633610350811002
20.229568227671024	0.009387252141411964
22.91676607061978	0.0082869787268181
25.960746684332314	0.0073156676079658735
29.40888061739743	0.006458203202217032
33.31482786858202	0.005701241614054608
37.73937294588873	0.0050330029768449625
42.751370797511775	0.004443088134080192
48.42881833530685	0.003922316807286944
-20	120
0.0006726496832162519	699.9999999999992
0.0006790895118283152	596.22020825345
0.0006851071197465289	507.8264810425538
0.0006906968639788869	432.5377289768707
0.0006958577235846785	368.41104978294925
0.0007005935845096825	313.7915897492319
0.000704913185576911	267.26983855495484
0.0007088297847275809	227.64525543300186
0.0007123606098882203	193.89528800310686
0.0007155261613674156	165.14898427510738
0.0007183494316096722	140.66451685335767
0.000720855103082619	119.8100393316856
0.0007230687763178517	102.04738085884529
0.0007250162685998974	86.91815809625734
0.000726723010903063	74.03194617308128
0.0007282135579399135	63.05620337817538
0.0007295112149226593	53.70768958543952
0.0007306377757237562	45.74515695634641
0.0007316133609171718	38.96312429585663
0.0007324563406007955	33.1865744026868
0.0007331833255488976	28.266437573697946
0.0007338092105747649	24.075744709676258
0.0007343472554316392	20.506350749514414
0.0007348091906445059	17.46614387770544
0.0007352053379569084	14.876668485928958
0.0007355447373234422	12.671100546854442
0.0007358352744143824	10.792523152637115
0.0007360838043401391	9.192457716636412
0.0007362962687262423	7.8296129345343
0.0007364778043868086	6.668819220531359
0.0007366328426899629	5.680121120671172
0.0007367651993248355	4.838004282101994
0.000736878154610429	4.120737029437053
0.0007369745247720109	3.5098095569266703
0.0007370567247863051	2.9894562642296725
0.0007371268234912985	2.546248909176568
0.0007371865916935566	2.1687500784205356
0.0007372375440033346	1.8472180334365482
0.0007372809750992831	1.573355315121526
0.0007373179910800776	1.340094619483471
0.0007373200984286632	1.3268248538534306
0.0008446070558574348	1.3268248538534306
0.0009675052671484762	1.3268248538534306
0.0011082863154745508	1.3268248538534306
0.0012695523205659778	1.3268248538534306
0.00145428403486542	1.3268248538534306
0.001665895938122178	1.3268248538534306
0.0019082993487642792	1.3268248538534306
0.002185974718564382	1.3268248538534306
0.00250405444685444	1.3268248538534306
0.002868417744981723	1.3268248538534306
0.003285799304428745	1.3268248538534306
0.003763913777159131	1.3268248538534306
0.004311598369015823	1.3268248538534306
0.0049389761817899315	1.3268248538534306
0.005657643323085396	1.3268248538534306
0.006480883242415717	1.3268248538534306
0.007423912255203663	1.3268248538534306
0.008504160792814956	1.3268248538534306
0.009741595577097377	1.3268248538534306
0.011159088674323024	1.3268248538534306
0.012782840249924234	1.3268248538534306
0.0146428628379903	1.3268248538534306
0.016773536076496662	1.3268248538534306
0.019214242161688475	1.3268248538534306
0.022010093767009437	1.3268248538534306
0.02521276788102978	1.3268248538534306
0.028881460976577164	1.3268248538534306
0.0330839831658927	1.3268248538534306
0.03789801156557666	1.3268248538534306
0.04341252603783408	1.3268248538534306
0.049729453845474975	1.3268248538534306
0.056965553619570224	1.3268248538534306
0.0652545734619889	1.3268248538534306
0.07474972307200113	1.3268248538534306
0.08562650559037997	1.3268248538534306
0.09808596150325641	1.3268248538534306
0.11235838456426722	1.3268248538534306
0.12870757841806582	1.3268248538534306
0.14743573260229006	1.3268248538534306
0.14901057170857862	1.313558092364986
0.17431589549419854	1.131639476270917
0.20367007407007134	0.9749153171817883
0.23772729913419088	0.8398963588719176
0.2772462698425015	0.7235765827184837
0.3231071478513119	0.6233662826706001
0.37633119505100704	0.5370344088674658
0.43810353896170284	0.4626588962624856
0.5097995774013908	0.3985838723858146
0.5930156132980416	0.34338279153274576
0.689604403626811	0.2958266746093703
0.8017164151950644	0.25485674753766097
0.9318477066304324	0.21956086905023708
1.0828955031764904	0.18915322307082205
1.2582227019899301	0.162956823558089
1.46173274433775	0.14038844230637085
1.6979565218161563	0.12094562414063974
1.972153251577998	0.10419550041624107
2.290427566518049	0.0897651517707358
2.659865427342634	0.07733330556726474
3.088691882475227	0.06662318318398493
3.5864541881491654	0.05739633790393276
4.164234365639871	0.04944734621407781
4.834895927961004	0.04259923432235808
5.613370269081827	0.03669953807014464
6.516989091753015	0.031616908519294724
7.56587027501429	0.027238187641676587
8.783365772219193	0.0234658890052585
10.196581511438193	0.020216027367568935
11.836980873138428	0.017416248855294286
13.74108518077484	0.015004220100935474
15.9512867997913	0.012926240472780175
18.516792947607403	0.011136046501325488
21.49472122727326	0.009593781884286057
24.95137127540182	0.008265110138710358
28.96370083593917	0.007120450144577825
33.62103912260454	0.006134317560265378
39.02707561574991	0.005284757447369403
45.30216857157281	0.004552855473024798
52.58602463958773	0.003922316807286944
0	120
0.0006905046860367196	699.9999999999992
0.0006971559600589879	608.438705327617
0.0007034936404798037	528.8537973439243
0.0007095072304322336	459.6787425193307
0.0007151885443191526	399.5519128072697
0.0007205320589832639	347.2897836280405
0.0007255351346735577	301.8636376059334
0.0007301981151997583	262.3793155006274
0.0007345243165988576	228.05961575421176
0.0007385199145115275	198.2289962100093
0.0007421937422206174	172.30027687487322
0.0007455570136220226	149.76308198476843
0.0007486229877683332	130.17379386955193
0.0007514065934754022	113.14682087082006
0.0007539240333281238	98.34700743225373
0.0007561923859824251	85.48303696418022
0.0007582292239084185	74.30169762565524
0.0007600522608625391	64.58289815285399
0.0007616790397876958	56.135335626325414
0.0007631266679638411	48.79272990230388
0.0007644116024877549	42.410550587368434
0.0007655494858822833	36.863172130871256
0.0007665550290300144	32.041401036537735
0.0007674419367770327	27.850326519362863
0.0007682228704372505	24.207452300560785
0.0007689094409524054	21.041072767190375
0.0007695122264937578	18.288861533105003
0.0007700408086852439	15.896644618740675
0.0007705038222505278	13.817334101256877
0.0007709090136259055	12.01000124521125
0.0007712633048512049	10.439070869456295
0.0007715728597917478	9.07362109233605
0.0007718431504182688	7.886774671506154
0.0007720790214586432	6.855169957631214
0.0007722847522288943	5.958501048317021
0.0007724641148530594	5.179118090758934
0.0007726204283999604	4.501679865543154
0.0007727566087099742	3.9128518131292642
0.0007728752138677009	3.4010435590274084
0.0007729784854083598	2.9561807711678125
0.0007729852852711329	2.926914373522471
0.0008674496390782276	2.926912465221017
0.0009734582154083449	2.926912465221017
0.0010924218011698799	2.926912465221017
0.0012259235915643744	2.926912465221017
0.0013757402596182575	2.926912465221017
0.0015438656005626963	2.926912465221017
0.0017325370657264895	2.926912465221017
0.0019442655390612524	2.926912465221017
0.002181868752571846	2.926912465221017
0.002448508785352414	2.926912465221017
0.0027477341452739556	2.926912465221017
0.0030835269933563733	2.926912465221017
0.0034603561392979724	2.926912465221017
0.003883236513439298	2.926912465221017
0.004357795906628126	2.926912465221017
0.004890349866175276	2.926912465221017
0.005487985744634237	2.926912465221017
0.006158657019945223	2.926912465221017
0.006911289142178437	2.926912465221017
0.0077558983155094265	2.926912465221017
0.008703724796205178	2.926912465221017
0.009767382480581292	2.926912465221017
0.01096102677368219	2.926912465221017
0.012300542972719493	2.926912465221017
0.013803757672319858	2.926912465221017
0.015490676005012352	2.926912465221017
0.017383747874207506	2.926912465221017
0.019508166722758374	2.926912465221017
0.021892204813186	2.926912465221017
0.024567589481556244	2.926912465221017
0.027569925372282995	2.926912465221017
0.030939168273057007	2.926912465221017
0.03472015685580624	2.926912465221017
0.03896320940022082	2.926912465221017
0.04372479344117881	2.926912465221017
0.04906827725189696	2.926912465221017
0.05506477316372013	2.926912465221017
0.061794083945646	2.926912465221017
0.0693457648382251	2.9269116518879628
0.07012039392010035	2.8976425380753796
0.08439278516171206	2.446208504157931
0.10126171971626126	2.0651049835115667
0.12121464901067516	1.7433749354053358
0.1448267861388095	1.471768355442802
0.17277800104618735	1.2424763303019464
0.20587257331157535	1.048906525032693
0.24506243922750187	0.8854936479866672
0.2914746369623746	0.7475394440894508
0.34644375808406025	0.6310776161298655
0.4115503493303379	0.5327597904419058
0.48866637509134586	0.44975924839852843
0.5800090515460005	0.3796896559183301
0.6882046026194555	0.3205364543913442
0.816363772311734	0.2705989404564498
0.9681712654148343	0.22844136937620882
1.1479916887511443	0.19285167619078766
1.3609950392543293	0.16280662785008548
1.6133053470621934	0.13744240441910352
1.9121767474249716	0.11602976354193013
2.2662020437725445	0.09795307412218826
2.685559758390683	0.08269261642095473
3.1823067736791675	0.06980963968535812
3.7707249777124785	0.05893374770234731
4.467731880478999	0.04975224960188986
5.29336700637543	0.042001169736404866
6.27136804715669	0.03545765816304479
7.429853340224485	0.02993358352392758
8.80213029407575	0.025270124114339067
10.42765300381508	0.021333201627651732
12.353156588970842	0.018009626293358852
14.63400086676604	0.015203842577760583
17.335761992561142	0.012835181883511139
20.53611782844633	0.010835543260872004
24.32708124588717	0.0091474354492054
28.817645571718487	0.007722323955785275
34.13691823624228	0.006519235649077506
40.43783271839909	0.005503580747394483
47.90154550950017	0.004646158334125756
56.74264451185595	0.003922316807286944
20	120
0.0007089811107319607	699.9999999999992
0.0007158691757127787	618.9705570813435
0.0007225393638447016	547.3207864765559
0.0007289806760696373	483.964931582276
0.0007351829527707974	427.9429190133086
0.0007411371030010234	378.4058099724059
0.0007468352961214099	334.60293571633906
0.0007522711196544526	295.8705221734222
0.0007574397053713196	261.62163133375907
0.0007623378240387694	231.33726698740986
0.0007669639480522517	204.55851002981817
0.000771318280532425	180.87956415555183
0.0007754027494413125	159.94160655713233
0.0007792209658716397	141.4273504445048
0.0007827781467846515	125.05623698739089
0.000786081003952851	110.58018382083135
0.0007891376024954511	97.77982568819631
0.0007919571939519676	86.46119025362799
0.0007945500301202485	76.45275871029172
0.0007969271647327405	67.60286664187835
0.0007991002503722136	59.77740575088476
0.0008010813378212523	52.857791626432316
0.0008028826843543386	46.739166755860595
0.0008045165764239358	41.32881154913267
0.0008059951708991489	36.54473929725221
0.0008073303576296188	32.314453773160984
0.0008085336447569558	28.57385064821833
0.0008096160669824138	25.266246076695467
0.0008105881159897899	22.341517727780737
0.0008114596914503201	19.755345248581673
0.0008122400705050338	17.468538648355548
0.0008129378933118133	15.446444426528034
0.0008135611621265335	13.658420445162971
0.0008141172514205934	12.077371588276778
0.0008146129266809436	10.679339171534394
0.0008150543697553397	9.443137880378949
0.0008154472088634787	8.350034734877287
0.0008157965516685527	7.38346521642224
0.0008161070200741889	6.528782254570859
0.0008163827856664266	5.773034270249312
0.0008164036922606286	5.715873767155782
0.0008996581242520813	5.715873767155782
0.000991402596785886	5.715873767155782
0.001092502899066134	5.715873767155782
0.0012039131109172208	5.715873767155782
0.0013266846063999707	5.715873767155782
0.0014619759755898731	5.715873767155782
0.0016110639581489083	5.715873767155782
0.001775355491870647	5.715873767155782
0.001956400989900329	5.715873767155782
0.00215590897192654	5.715873767155782
0.0023757621874185156	5.715873767155782
0.002618035383063442	5.715873767155782
0.00288501488207444	5.715873767155782
0.0031792201601384133	5.715873767155782
0.0035034276216152063	5.715873767155782
0.0038606968003631445	5.715873767155782
0.004254399232447245	5.715873767155782
0.004688250273200737	5.715873767155782
0.0051663441588963134	5.715873767155782
0.005693192643902871	5.715873767155782
0.006273767577945098	5.715873767155782
0.00691354782526601	5.715873767155782
0.007618570968466733	5.715873767155782
0.00839549028495088	5.715873767155782
0.00925163753365809	5.715873767155782
0.010195092144602716	5.715873767155782
0.011234757464156971	5.715873767155782
0.012380444775602302	5.715873767155782
0.013642965887847918	5.715873767155782
0.015034235166072748	5.715873767155782
0.016567381967150314	5.715873767155782
0.01825687454090536	5.715873767155782
0.02011865656645389	5.715873767155782
0.022170297612115045	5.715873767155782
0.024431158938779455	5.715873767155782
0.026922576211414292	5.715873767155782
0.02966806084294671	5.715873767155782
0.03269352187060073	5.715873767155782
0.036027510458526	5.715873767155782
0.03645897631943101	5.658716759947353
0.045262271290532854	4.695841848463053
0.05580331781968457	3.8968076334646042
0.06845752498062205	3.2337353391060355
0.08367063899547114	2.683489981281425
0.10197592648833306	2.2268731743608043
0.12401356665011412	1.8479532881727998
0.15055339690569358	1.5335095840152053
0.18252199880810216	1.272570935270628
0.22103515712265856	1.0560330383168317
0.2674368677766614	0.8763407579943814
0.3233462781677127	0.7272245244771951
0.3907142098906563	0.603481584277144
0.4718912429738845	0.500794473100959
0.5697097412187332	0.4155803769701968
0.6875826830213068	0.3448661257247407
0.8296227474619126	0.28618445735930853
1.000785811599452	0.23748793379438138
1.2070438662835934	0.1970775045519427
1.4555933840116324	0.16354322588047185
1.7551064091635205	0.1357150669844289
2.1160331314700747	0.11262208695852412
2.550966499793213	0.09345855808588004
3.0750815978829227	0.07755585352195177
3.706665112240822	0.06435911850888269
4.467753365570584	0.053407911165183786
5.38490117720206	0.044320137396451076
6.490108376499053	0.03677871940666342
7.821936295861467	0.030520532666543535
9.42685319842954	0.025327225343272402
11.360855583262442	0.021017599876036037
13.691421936290231	0.017441290886073667
16.499867094566667	0.014473518839773844
19.884179368983805	0.01201073641702484
23.96243941433771	0.00996701568403808
28.87694013314202	0.008271050016970474
34.79915135906865	0.0068636661716891395
41.935702540753866	0.0056957596943229835
50.53559216534295	0.004726581637855267
60.89887546282063	0.003922316807286944
40	120
0.000728195732494683	699.9999999999992
0.0007353327201828966	628.1745042581801
0.000742336946221288	563.7188682857277
0.0007491996114809813	505.8768866090996
0.0007559120232827342	453.9699463733473
0.0007624656915439586	407.38906573027043
0.0007688524139181045	365.5877491504515
0.0007750643536622726	328.07557583635577
0.0007810941131962336	294.4124460145989
0.0007869348054517226	264.2034176037987
0.0007925801242066143	237.09407268083336
0.0007980244137061074	212.76635938405084
0.0008032627370405701	190.934860469848
0.0008082909420204346	171.34344474464524
0.0008131057227005577	153.76226208622361
0.0008177046742913893	137.98504679947092
0.000822086338976467	123.8266976689993
0.0008262502401495087	111.12110631735897
0.000830196902791788	99.71920839075331
0.0008339278581194849	89.48723470839955
0.0008374456312135231	80.3051418576918
0.0008407537110581699	72.06520382262619
0.0008438565032048758	64.67074812220423
0.0008467592660813183	58.03502163095892
0.0008494680327185835	52.08017277520051
0.0008519895203126814	46.73633816391712
0.0008543310305226483	41.94082293851619
0.0008565003437054448	37.637365225117854
0.0008585056103856544	33.7754760598178
0.0008603552431625906	30.309847042800087
0.0008620578119926799	27.1998187717889
0.0008636219453869266	24.40890381840118
0.0008650562395749234	21.904358650871107
0.0008663691771531687	19.656799480863324
0.0008675690561975918	17.63985752741966
0.0008686639303136924	15.82986965353112
0.000869661559647891	14.205600745826448
0.0008705693725083799	12.747994580284509
0.0008713944369497119	11.439950251080282
0.0008721434414638048	10.266121539586562
0.0008722086907608875	10.164476054260016
0.0009451461793946792	10.164476054260016
0.0010241829849746973	10.164476054260016
0.0011098291561454383	10.164476054260016
0.0012026373938060742	10.164476054260016
0.0013032066178581534	10.164476054260016
0.0014121858322186413	10.164476054260016
0.0015302783130403958	10.164476054260016
0.0016582461471679746	10.164476054260016
0.0017969151501167774	10.164476054260016
0.0019471801953127776	10.164476054260016
0.0021100109889840425	10.164476054260016
0.0022864583279711636	10.164476054260016
0.0024776608808401903	10.164476054260016
0.0026848525360586477	10.164476054260016
0.002909370364654634	10.164476054260016
0.003152663248744529	10.164476054260016
0.0034163012316117693	10.164476054260016
0.0037019856496756562	10.164476054260016
0.0040115601117348765	10.164476054260016
0.004347022396338101	10.164476054260016
0.0047105373440591	10.164476054260016
0.005104450827874124	10.164476054260016
0.005531304891796635	10.164476054260016
0.0059938541554636834	10.164476054260016
0.006495083590537712	10.164476054260016
0.007038227783640277	10.164476054260016
0.00762679181012741	10.164476054260016
0.008264573853411315	10.164476054260016
0.008955689715797946	10.164476054260016
0.009704599379016202	10.164476054260016
0.010516135785842188	10.164476054260016
0.011395536028554915	10.164476054260016
0.01234847514549218	10.164476054260016
0.013381102743806148	10.164476054260016
0.014500082684756454	10.164476054260016
0.015712636087642	10.164476054260016
0.017026587929889196	10.164476054260016
0.01845041754402108	10.164476054260016
0.019993313337379626	10.164476054260016
0.020260539983125787	10.0628320041492
0.026134045104461052	8.228210872823658
0.033198668724531824	6.728071594530977
0.041763097544496544	5.501432581248424
0.052185503799371924	4.498430199616748
0.06489474384996544	3.678291783452496
0.08041031613971864	3.0076781996899373
0.09936459148666203	2.459328592034447
0.12252906048185465	2.0109522103201254
0.15084597761066412	1.6443222777506572
0.18546681996552822	1.344535061167214
0.22779918455020062	1.0994040250922448
0.27956406056963296	0.8989644415369469
0.34286582054018	0.7350683176551299
0.42027778397393006	0.6010531748025054
0.514946836711753	0.4914712146656071
0.6307213615809871	0.4018678628962471
0.7723076825334098	0.3286006879134897
0.9454613828483747	0.26869133381062704
1.1572212752453415	0.21970444834838687
1.416195535338195	0.17964868438254017
1.732911630188996	0.1468957503727959
2.120244266937042	0.12011421932619476
2.5939387579853928	0.09821540546766613
3.1732510779317606	0.08030910849099102
3.8817306309983364	0.06566742636664108
4.748177548969467	0.053695165674787285
5.807813434408981	0.04390564662524218
7.103713140604711	0.03590091922345628
8.688555790987648	0.029355586357499047
10.626766218052017	0.024003576204520937
12.997133872594413	0.01962732624685107
15.896015663552477	0.01604893922130538
19.441252925861704	0.013122951485583902
23.77696174349403	0.010730419831385056
29.079391357268157	0.00877408636953888
35.56408880532761	0.007174424936753949
43.49466104334638	0.0058664083079708745
53.19349073005953	0.0047968647995083125
65.05484128141767	0.003922316807286944
60	120
0.0007482462846424605	699.9999999999992
0.0007556274911178874	636.334945780642
0.0007629513192674374	578.460233173792
0.0007702126626421287	525.8492301612896
0.0007774063382899908	478.0232019478258
0.0007845271091585011	434.5469547047984
0.0007915696994408503	395.02487551603036
0.0007985288049655161	359.0973324907131
0.0008053991005421986	326.437402286359
0.0008121752459620569	296.7478952638068
0.0008188518921190466	269.7586512045919
0.0008254236884826353	245.2240809830475
0.0008318852929185182	222.9209318235085
0.0008382313846282292	202.6462558075466
0.0008444566807637833	184.2155631456369
0.0008505559570703319	167.46114340889915
0.0008565240727180487	152.23053944495177
0.0008623559993029263	138.38516009123103
0.0008680468538237008	125.79901906214145
0.0008735919352779953	114.35758853452299
0.0008789867643646198	103.95675699960103
0.0008842271256319732	94.50188189838937
0.0008893091112761575	85.90692841997213
0.0008942291656704463	78.0936866261493
0.0008989841296036168	70.991059778659
0.000903571283124479	64.53441739309058
0.0009079883858384274	58.665007132596756
0.0009122337134857102	53.32942018991718
0.0009163060896550818	48.47910529294865
0.0009202049115549408	44.06992691154657
0.0009239301688791334	40.06176364545131
0.0009274824549658183	36.4181431388646
0.0009308629696518143	33.10591019957304
0.0009340735134648878	30.094925102663044
0.0009371164730624955	27.3577893335366
0.000939994798105215	24.86959627462041
0.0009427119700315636	22.60770456713864
0.0009452719634633873	20.551532085650006
0.0009476792012025652	18.682368650616045
0.0009499385039677753	16.9832057747768
0.0009501659386087032	16.8150595089479
0.0010128179852992756	16.815056118881945
0.0010796011829762389	16.815056118881945
0.0011507879314952044	16.815056118881945
0.0012266685922149069	16.815056118881945
0.0013075526723428915	16.815056118881945
0.0013937700873745895	16.815056118881945
0.00148567250677512	16.815056118881945
0.0015836347883926554	16.815056118881945
0.0016880565074541417	16.815056118881945
0.0017993635863799598	16.815056118881945
0.0019180100320652948	16.815056118881945
0.002044479787714395	16.815056118881945
0.002179288706781074	16.815056118881945
0.002322986657066906	16.815056118881945
0.0024761597635594877	16.815056118881945
0.0026394327991589397	16.815056118881945
0.0028134717330441867	16.815056118881945
0.002998986447073397	16.815056118881945
0.003196733631298464	16.815056118881945
0.00340751987040392	16.815056118881945
0.003632204933659509	16.815056118881945
0.003871705281805622	16.815056118881945
0.004126997805175813	16.815056118881945
0.00439912380830362	16.815056118881945
0.004689193257266419	16.815056118881945
0.004998389307090679	16.815056118881945
0.005327973127685275	16.815056118881945
0.005679289047987193	16.815056118881945
0.006053770039301998	16.815056118881945
0.006452943560204791	16.815056118881945
0.006878437786842263	16.815056118881945
0.007331988254048515	16.815056118881945
0.007815444934362701	16.815056118881945
0.008330779783823072	16.815056118881945
0.00888009478531557	16.815056118881945
0.009465630522284798	16.815056118881945
0.010089775317778377	16.815056118881945
0.010755074976101715	16.815056118881945
0.011464243166817954	16.815054517844477
0.011648733017072367	16.646904670325767
0.015874961272410205	13.437337181303125
0.02089777195168496	10.846582839264714
0.027007321911307728	8.755332823881902
0.03450626139818829	7.067281372659515
0.04374941760062399	5.704690730214309
0.0551671930314368	4.604811187126463
0.06928793935056098	3.71699134482063
0.0867633742742477	3.000345529062415
0.10839910753543729	2.421870932335792
0.13519200213404609	1.9549277761771522
0.1683762223757622	1.5780125022529738
0.20948014824187858	1.273767495460168
0.2603968056627661	1.028181735046084
0.32347107079420295	0.8299455623182294
0.4016076720828679	0.6699298508554522
0.4984049681949585	0.5407655940873879
0.6183206650361468	0.43650454950660317
0.7668771049047427	0.35234531157907245
0.9509155825936516	0.2844121985259529
1.1789114006874652	0.2295767703218401
1.461364173241445	0.18531375849758985
1.8112813522247948	0.1495847730602738
2.2447772441066483	0.12074443102822603
2.7818151024407207	0.09746458363416106
3.4471264711774356	0.07867315272502917
4.271350116122804	0.06350475966663213
5.292442994374019	0.05126087312671899
6.557428239384086	0.04137764047147886
8.124560659468596	0.03339992135433514
10.06600947479745	0.02696032769787137
12.471181837659296	0.021762304822980288
15.450840189988224	0.017566474581304996
19.14220306975188	0.014179611568062547
23.715264267359224	0.011445744750350281
29.380621340419278	0.009238974725177963
36.39917400380394	0.007457675829252171
45.09413902303371	0.006019816097412351
55.8659349180804	0.004859179545525861
69.21062194452628	0.003922316807286944
80	120
0.0007692146265002809	699.9999999999992
0.000776812294968665	643.694615249666
0.0007844180110382549	591.9182252877371
0.0007920308990179402	544.306534694081
0.0007996501598457076	500.5245506111227
0.0008072750837534473	460.2642257551984
0.0008149050592054624	423.2422910152546
0.0008225395790695159	389.1982623892167
0.0008301782449178682	357.89260823495226
0.0008378207702872655	329.10506394071035
0.0008454669836564598	302.6330821571893
0.0008531168318321864	278.2904076871324
0.000860770384373453	255.90576700548797
0.000868427839632892	235.32166318966918
0.0008760895329554238	216.39326778112326
0.0008837559475510562	198.98740178141173
0.0008914277285526297	182.98159861316665
0.0008991057007835205	168.26324245295893
0.0009067908907978154	154.7287758734554
0.0009144845538209944	142.28297121988018
0.0009221882063183496	130.8382605942288
0.0009299036650596725	120.31411973305391
0.0009376330937434157	110.63650144381494
0.0009453790585073238	101.73731461349378
0.0009531445940075474	93.55394512381056
0.0009609332822252749	86.02881530222811
0.0009687493468031691	79.10897880907478
0.0009765977665862912	72.74574811043061
0.000984484413235971	66.89435191570412
0.0009924162194362924	61.51362016964995
0.0010004013865257293	56.56569438245289
0.0010084496436743578	52.01576125977606
0.0010165725754780173	47.83180775861438
0.0010247840418341973	43.98439584553908
0.0010331007244739905	40.446455372547604
0.0010415428506889732	37.193093613206976
0.0010501351703112547	34.20142011899729
0.0010589083035061084	31.450385663557377
0.0010679006467502188	28.920634141653196
0.0010771611464931066	26.59436638083975
0.001078280590478875	26.331055813685822
0.0011289097798386114	26.331055813685822
0.0011819161934921534	26.331055813685822
0.001237411450752676	26.331055813685822
0.0012955124118654419	26.331055813685822
0.0013563414240885916	26.331055813685822
0.0014200265793283238	26.331055813685822
0.0014867019838709795	26.331055813685822
0.0015565080407800363	26.331055813685822
0.0016295917455526581	26.331055813685822
0.0017061069956583917	26.331055813685822
0.0017862149146118417	26.331055813685822
0.0018700841912617215	26.331055813685822
0.0019578914350107655	26.331055813685822
0.0020498215477144943	26.331055813685822
0.0021460681130419986	26.331055813685822
0.002246833804118608	26.331055813685822
0.0023523308103088596	26.331055813685822
0.0024627812840385013	26.331055813685822
0.002578417808596386	26.331055813685822
0.002699483887901372	26.331055813685822
0.002826234459265568	26.331055813685822
0.002958936430233645	26.331055813685822
0.0030978692406287483	26.331055813685822
0.0032433254509884693	26.331055813685822
0.0033956113586300248	26.331055813685822
0.003555047642641965	26.331055813685822
0.003721970039160549	26.331055813685822
0.0038967300483528106	26.331055813685822
0.00407969567459506	26.331055813685822
0.004271252201405437	26.331055813685822
0.004471803002762354	26.331055813685822
0.00468177039251732	26.331055813685822
0.004901596513690751	26.331055813685822
0.005131744269523453	26.331055813685822
0.005372698298244366	26.331055813685822
0.005624965993607169	26.331055813685822
0.005889078573344823	26.331055813685822
0.006165592197791899	26.331055813685822
0.006455089141030289	26.331055813685822
0.006606363602104015	26.067745264387472
0.009933454701992405	20.801233490577
0.013687694179864287	16.598724221869116
0.018229675551980393	13.245255187317355
0.02383253625391953	10.56929331629091
0.03079813442384319	8.433960661834346
0.03948963901695169	6.730032965943974
0.05035506190463737	5.370352736841144
0.0639520121153344	4.285371061930883
0.0809770092988081	3.4195901160184525
0.10230148742455303	2.728724395759154
0.12901656109737336	2.177435474834246
0.1624889398675837	1.7375244104663812
0.20443089396152106	1.386489341180756
0.2569878713430957	1.1063744955916066
0.3228482586407755	0.8828517379391823
0.40538090612700006	0.7044876705743789
0.5088074545066303	0.5621588049991514
0.6384182800297545	0.44858488691564496
0.8008431047948652	0.357956504424806
1.0043901148478032	0.2856379311863016
1.259470932666195	0.22793000469007918
1.5791331820012968	0.18188091064185316
1.9797278864087977	0.14513519490727073
2.4817458396146104	0.11581327983479048
3.110865728895385	0.09241532210475269
3.8992676239971065	0.07374449434389993
4.887279017797372	0.05884576628833493
6.125437615240701	0.04695705409427341
7.677076384134859	0.037470239038243335
9.621563095573748	0.02990006167687434
12.058360059506724	0.023859300373515867
15.112111714718822	0.019038964550161547
18.939020308199137	0.015192489531028678
23.734835785847597	0.012123124529293653
29.744868584886433	0.009673868660734905
37.276537491653116	0.007719440201989038
46.71509439941033	0.006159868313485848
58.543330302210805	0.0049153794377097505
73.36627050479143	0.003922316807286944
100	120
0.0007911695734437169	699.9999999999992
0.0007989165714850246	650.5161292433817
0.0008067257327891278	604.5303348654198
0.0008146001412958803	561.7953334955123
0.0008225432415670781	522.0813225321386
0.0008305588784458203	485.17474440553235
0.000838651339905252	450.87713819619177
0.0008468254044370456	419.0040724338875
0.0008550863945139502	389.3841533384375
0.0008634402378965755	361.85810316918855
0.0008718935388602215	336.2779037271056
0.0008804536618163234	312.5060004037649
0.0008891288303262137	290.4145624971268
0.0008979282451940529	269.8847958164875
0.0009068622262386255	250.80630388026003
0.0009159423835603461	233.07649427146688
0.0009251818257534745	216.60002695870284
0.0009345954147269686	201.28830161598302
0.0009442000798271636	187.05898118457674
0.0009540152081518441	173.83554911485936
0.0009640631338338369	161.54689790728082
0.0009743697574584875	150.12694673988597
0.000984965338917336	139.51428612622573
0.0009958855248901682	129.65184769283772
0.0010071726990488767	120.48659730056762
0.0010188777844451224	111.96924985953098
0.0010310626927783546	104.05400430415315
0.0010438037210660283	96.69829730315993
0.0010571963735336986	89.86257438011087
0.001071362394768621	83.5100772137075
0.0010864603595222419	77.60664597411012
0.0011027022321122445	72.12053563234247
0.0011203804724894519	67.02224525501562
0.0011399149871832688	62.28435936641925
0.00116194051237609	57.88140052492408
0.0011874854100734722	53.789692320942216
0.0012183889866101355	49.98723205973125
0.0012584894356826811	46.453572444410106
0.0013184156028977962	43.16971162294966
0.0014679937501744708	40.11799100787759
0.0015462918565236434	39.72078316367538
0.0015678026234069605	39.72078316367538
0.001589612630753815	39.72078316367538
0.0016117260413565171	39.72078316367538
0.0016341470759167942	39.72078316367538
0.0016568800138513768	39.72078316367538
0.0016799291941087906	39.72078316367538
0.0017032990159975216	39.72078316367538
0.0017269939400256919	39.72078316367538
0.0017510184887524207	39.72078316367538
0.0017753772476510228	39.72078316367538
0.0018000748659842292	39.72078316367538
0.0018251160576915693	39.72078316367538
0.0018505056022890978	39.72078316367538
0.0018762483457816516	39.72078316367538
0.0019023492015877847	39.72078316367538
0.0019288131514775663	39.72078316367538
0.0019556452465234442	39.72078316367538
0.001982850608064319	39.72078316367538
0.0020104344286830255	39.72078316367538
0.0020384019731974363	39.72078316367538
0.002066758579665326	39.72078316367538
0.0020955096604032327	39.72078316367538
0.0021246607030194773	39.72078316367538
0.002154217271461573	39.72078316367538
0.00218418500707819	39.72078316367538
0.002214569629695891	39.72078316367538
0.002245376938710865	39.72078316367538
0.002276612814195831	39.72078316367538
0.002308283218022335	39.72078316367538
0.0023403941949986873	39.72078316367538
0.0023729518740236983	39.72078316367538
0.002405962469256486	39.72078316367538
0.002439432281302537	39.72078316367538
0.002473367698416295	39.72078316367538
0.0025077751977204536	39.72078316367538
0.002542661346442213	39.72078316367538
0.002578032803166756	39.72078316367538
0.0026138963191081398	39.72078316367538
0.0026502587393978675	39.72078316367538
0.003053848350543784	39.32357534435525
0.006242827286099788	31.04991566891423
0.009157981466321805	24.51702965979354
0.012630199265475307	19.35865944850137
0.016922310008742374	15.285607630423174
0.02229608794075296	12.069523783545813
0.02906145103395842	9.53010229515782
0.037601751460486436	7.524973759113001
0.04839786295551973	5.941723217820037
0.06205617249585717	4.6915877619409985
0.07934304028235081	3.7044801518153068
0.10122799108506693	2.92505946633215
0.1289381866302169	2.3096284852239357
0.16402728825013907	1.8236838605017522
0.20846259633405673	1.4399817305388456
0.2647353647814251	1.137010327938718
0.33600048178767816	0.8977839499085496
0.4262533516064078	0.7088906766349437
0.540553895953979	0.5597404492151322
0.6853102345582217	0.44197135159798845
0.8686379497054523	0.3489808104939647
1.100815076885566	0.27555543057867865
1.394858330236772	0.2175787121759648
1.7672528682714443	0.17180026498746193
2.238876513347525	0.1356535791327411
2.8361702401162514	0.10711213706722685
3.5926205549106744	0.08457579947729699
4.550636873792181	0.06678109552360513
5.76392915205782	0.05273038797026107
7.3005190639621285	0.04163594193376816
9.246553550584144	0.03287576153791638
11.711134537508705	0.025958718513375688
14.832435594246055	0.02049701772168836
18.785448458049864	0.01618445591860509
23.791793721048982	0.012779254862238335
30.13214570427421	0.010090506326277395
38.16196810319422	0.007967469075329973
48.33144260352943	0.006291117751051329
61.21070773960928	0.004967469868209552
77.52182297946968	0.003922316807286944
120	89
0.0008141691588891338	700.0000000000034
0.0008304744605252137	613.502009452497
0.0008471063071532536	538.3006952201655
0.0008640712384640949	473.0030107364902
0.0008813759251184524	416.37434755290644
0.0008990271713698378	367.3215737561961
0.0009170319177400119	324.87805351529886
0.000935397243748019	288.19041556237073
0.0009541303706938728	256.50679133631724
0.0009732386644979948	229.16626013494857
0.000992729638597514	205.5892860951744
0.0010126109569005733	185.26898816322804
0.0010328904367998021	167.763136194177
0.0010535760522461328	152.6868072931481
0.0010746759368841885	139.70566443554083
0.0010961983872504516	128.52983512647288
0.0011181518660354872	118.90837376834168
0.0011405450054114987	110.6242904495502
0.0011633866104265214	103.4901239081013
0.0011866856624665953	97.34402986343844
0.0012104513227872706	92.04634952916183
0.0012346929361158419	87.47661806335996
0.0012594200343257205	83.53096956660558
0.001284642340184397	80.11989414410127
0.00131036977117646	77.1663033436255
0.0013366124434031816	74.60386261621898
0.0013633806755601976	72.37555289036581
0.0013906849929948483	70.4324274655277
0.0014185361318447766	68.73253482484795
0.0014469450432594091	67.23998232055925
0.0014759228977059787	65.92411976442754
0.0015054810893617883	64.75882560693094
0.0015356312405944278	63.72188153319566
0.0015663852065317316	62.794423919459575
0.0015977550797232451	61.960462703040314
0.0016297531948950505	61.206459871618605
0.0016623921337998184	60.520961040599445
0.0016956847301639896	59.89427453241109
0.0017296440747340332	59.31819306950924
0.0017642835204237676	58.78575370762134
0.0017996166875647644	58.29103202214481
0.0018356574692619033	57.82896686289721
0.0018724200368561816	57.3952122443495
0.0019099188454969268	56.986013164395125
0.0019481686398256032	56.59810236059037
0.0024813201061831547	52.751985468566126
0.0031603780820021496	49.01823667996213
0.00402527251373602	44.5594969306244
0.005126860897470201	39.47854565349227
0.006529918799861088	34.16404095050448
0.00831694878903766	28.983131057608915
0.010593031748104812	24.19169248558642
0.013492005838037667	19.930818087417528
0.017184336445155105	16.251359149799967
0.021887139881584555	13.143479217510759
0.02787695025204829	10.562018408965367
0.03550598020388373	8.445017238096172
0.045222831724426316	6.725800342679454
0.057598874821433034	5.3400816738145265
0.07336184520491121	4.229631898703496
0.09343863658021818	3.343760420114846
0.11900980382354938	2.6395107557147903
0.15157898193388478	2.0811655161956373
0.1930613027324936	1.6394332124861994
0.24589600838607725	1.2905361586960373
0.31318988365051104	1.0153199396413937
0.3988999409336258	0.7984439478768646
0.508066100418536	0.6276765395983965
0.6471075472970536	0.4932982734542406
0.8242001925022183	0.3876063328295267
1.049757432374465	0.304508613231822
1.3370424768767128	0.2391945874436331
1.702948252463453	0.18787042076435334
2.168990739428643	0.14754699595136161
2.7625741539249593	0.11587100742355602
3.5186023698490274	0.09099081675551404
4.481531335373335	0.07145018571200522
5.707983170259399	0.05610425864938852
7.270075658022906	0.04405323712899893
9.25966291364786	0.034590083276671894
11.79373658646397	0.02715932276007539
15.021305199554261	0.0213246150101829
19.13215614440038	0.016743239327989396
24.36801555330751	0.013146030887544518
31.036762272088765	0.010321607972407804
39.530531742598264	0.008103976011700868
50.34877433906405	0.006362787546532688
64.12762403381133	0.004995690349524866
81.67730432776825	0.003922316807286942
140	89
0.0008382618372811094	699.999999999999
0.0008544831184601701	625.0618530550231
0.0008710182991290889	559.1801738926138
0.0008878734535854905	501.296162468171
0.0009050547736712861	450.46593038017943
0.0009225685710472839	405.84895104576583
0.0009404212795118154	366.6977567261625
0.0009586194573642297	332.3487102187161
0.0009771697898141238	302.21368292338246
0.0009960790914371952	275.7724954790377
0.001015354308678616	252.56600903095386
0.001035002522404853	232.18978622710668
0.001055030950504862	214.2882668423178
0.0010754469505416283	198.54942178703647
0.0010962580224550083	184.6998612137228
0.001117471811316877	172.5003785280455
0.0011390961101395926	161.74191382312983
0.0011611388627388046	152.24191911926698
0.0011836081666516637	143.84110517142395
0.001206512276111499	136.4005465746674
0.0012298596050800607	129.79911920283095
0.0012536587303384396	123.9312421057577
0.0012779183946377993	118.70489506207471
0.0013026475099110761	114.03988304668765
0.001327855160546834	109.86631980948448
0.0013535506067264668	106.12330438884614
0.0013797432878259826	102.7577664898518
0.0014064428258836138	99.72345903737522
0.001433659029134532	96.98007868964729
0.0014614018956139604	94.4924975254706
0.0014896816168300136	92.23009139484161
0.001518508581507607	90.16615248227853
0.0015478933794048212	88.27737544117535
0.0015778468052031025	86.54340800803567
0.001608379862472773	84.94645830832698
0.0016395037677152339	83.470952144112
0.001671229954483439	82.10323443741642
0.0017035700775820568	80.8313097248088
0.0017365360173489481	79.64461718948961
0.001770139884019473	78.53383620595031
0.0018043940221752583	77.49071878364255
0.0018393110152790557	76.5079456501704
0.0018749036902973503	75.5790030268536
0.001911185122412424	74.69807743161877
0.0019481686398256032	73.85996610397206
0.002484120177306992	65.4315005980131
0.003167514828621879	58.39517576789586
0.004038914977300467	51.394710788854155
0.005150041933966072	44.41246407704357
0.006566845816431717	37.7157388431235
0.008373419970112202	31.543669124667034
0.010676992266276828	26.04409582242166
0.013614289532955045	21.27660790008987
0.017359652874578906	17.233402983810365
0.022135385559151132	13.863168178319656
0.0282249476641198	11.09155542747671
0.035989780639395945	8.836054351918804
0.04589076039699478	7.015477740260179
0.05851555225955195	5.555248780556774
0.07461349140042976	4.389803798823163
0.09514005907811014	3.463195762756213
0.12131359451883449	2.728678907579768
0.154687608539296	2.147788104737596
0.1972429910309144	1.689227972760397
0.251505585212653	1.327751534167636
0.320696107185096	1.043121751000148
0.4089213091499186	0.8191968015765005
0.5214177326460998	0.6431498292775526
0.6648625195957311	0.5048177897059698
0.847769729118918	0.3961663776277784
1.0809956832088763	0.3108552546649885
1.3783833356856159	0.24388770408030655
1.7575839104703337	0.19133007648072725
2.241104576911945	0.1500881858713609
2.857644346159052	0.11772973995703985
3.6437974797173727	0.09234371958870247
4.646225514746288	0.07242925811689632
5.924426825047856	0.05680797826313317
7.554268102990115	0.0445549241244631
9.632487370859339	0.034944198733730544
12.282435794546256	0.027406209775963492
15.66139910066577	0.02149406537142137
19.969933154402934	0.01685717433787256
25.46376780439549	0.013220514127623366
32.46898553855252	0.010368354443616536
41.40137586868632	0.008131481868925736
52.79111420912779	0.006377174254647637
67.31423004589143	0.0050013341204627835
85.83273216627298	0.003922316807286941
160	89
0.0008634860898108741	699.9999999999962
0.000879602610207751	634.9262918979992
0.0008960199371060515	577.105557470175
0.0009127436849032407	525.7357597583306
0.0009297795727866071	480.0978348609002
0.0009471334266891026	439.5478567451271
0.000964811181281701	403.50996825721
0.0009828188820029345	371.46997029824456
0.0010011626871263102	342.9694743998654
0.0010198488698663218	317.6005422252166
0.001038883820523758	295.00075402259085
0.0010582740486710636	274.848664069296
0.0010780261853784755	256.8596134780944
0.0010981469854817233	240.7818792208149
0.0011186433298920456	226.39314327851147
0.0011395222279493198	213.49726817475238
0.0011607908198191246	201.92136559067254
0.0011824563789345239	191.5131440461781
0.0012045263144834447	182.1385203821977
0.0012270081739424667	173.67947845874292
0.0012499096456579056	166.0321574012952
0.0012732385614750812	159.10515105628994
0.0012970028994166432	152.8180001196144
0.0013212107864109032	147.09985866672812
0.0013458705010710782	141.88831747647265
0.0013709904765264072	137.12836751398905
0.0013965793033061213	132.7714881249367
0.001422645732277223	128.77484580157346
0.0014491986776371175	125.10059073196383
0.00147624721996208	121.71523967388244
0.0015038006093126405	118.58913495908268
0.0015318682683969143	115.69597060197661
0.0015604597957929783	113.01237754351791
0.0015895849692313976	110.51756100126855
0.0016192537489390121	108.19298372316102
0.0016494762810451299	106.02208966368751
0.0016802629010513105	103.99006322837725
0.001711624137365888	102.08361977795663
0.001743570714904488	100.29082355986651
0.001776113558757723	98.60092965335252
0.0018092637979273646	97.0042468849813
0.001843032769132234	95.49201900259168
0.0018774320206851318	94.05632169388959
0.0019124733164421382	92.68997330629603
0.0019481686398256032	91.38645737100396
0.0024867907551422226	77.90123002328457
0.003174329025445366	67.43156032368131
0.004051955212133897	57.92436586520931
0.005172224085635081	49.11730931553332
0.006602220555625345	41.10752448201954
0.008427576907617607	33.99551071217954
0.010757600709551323	27.823076563643614
0.01373182046212305	22.572647661273916
0.01752834096515244	18.181487620655734
0.022374508743259434	14.559459132426467
0.02856052620709842	11.604803947591881
0.03645682980512789	9.215629014975379
0.04653627281943176	7.296999789994299
0.059402441174958444	5.764550148081914
0.07582579789395962	4.545712490418526
0.09678982062911212	3.579502286595169
0.12354989512298932	2.8155304795286225
0.15770849130296294	2.212682253002712
0.20131112377147384	1.7377247344389206
0.2569688430807548	1.363987049325543
0.3280145929204665	1.070180901811209
0.41870279633460067	0.8393851805654434
0.5344641227621295	0.658193331869885
0.6822306920816877	0.516009828055449
0.8708511898101892	0.4044769446575413
1.1116207517427479	0.3170120352950043
1.4189573490442668	0.2484365933600623
1.8112651776697717	0.1946804531490497
2.312036754345576	0.1525468533358678
2.9512597157760947	0.11952641280085066
3.7672125642432333	0.09365018414321008
4.808756893989593	0.07337378845640989
6.138263363468495	0.05748618702192815
7.835346629061906	0.045037930605789894
10.001632898797805	0.03528477635536388
12.766845600842457	0.027643410576913056
16.296573594032008	0.02165669637551147
20.802187103146007	0.016966408337820482
26.55349517353545	0.013291848090152552
33.89490260975187	0.010413076475708844
43.266033921951646	0.00815776825591507
55.228059301073095	0.006390908302695241
70.49729909760252	0.005006716032200097
89.98811913639454	0.003922316807286944
180	89
0.0008898681599370491	699.9999999999984
0.0009058572793828038	643.3470185127005
0.0009221336907580369	592.49658149704
0.0009387025561139206	546.8430832960094
0.0009555691302531755	505.8406020009859
0.0009727387623966314	468.9976014442794
0.00099021689787973	435.87209645555714
0.0010080090798795034	406.06721976998324
0.0010261209511725925	379.22713980588935
0.0010445582559248498	355.0332896459511
0.0010633268415130937	333.2008774162844
0.0010824326603796005	313.4756561383532
0.0011018817719199209	295.63093685679144
0.0011216803444046063	279.4648325899056
0.0011418346569354741	264.7977227561874
0.0011623511014370227	251.46992861239093
0.0011832361846836194	239.3395902999629
0.0012044965303631217	228.28073568717116
0.0012261388811775787	218.18153059112123
0.0012481701009816654	208.94269936661954
0.0012705971769595575	200.4761043857074
0.001293427221840905	192.7034726716101
0.0013166674761566318	185.55525791656672
0.0013403253105352625	178.96962629573957
0.001364408228040517	172.89155485984887
0.001388923866550892	167.2720318082293
0.001413880001182018	162.0673485692557
0.0014392845467525238	157.23847430677398
0.0014651455602942174	152.75050419408447
0.0014914712436073707	148.572173523232
0.0015182699458619084	144.67543042533717
0.0015455501662453434	141.03506065284864
0.0015733205566582904	137.62835850764267
0.0016015899244584038	134.43483858529243
0.0016303672352536262	131.435983544233
0.0016596616157456298	128.6150236001849
0.001689482356624333	125.95674389355177
0.0017198389155144397	123.44731628403942
0.0017507409199749237	121.07415249608022
0.0017821981705523908	118.8257758743447
0.0018142206438893198	116.69170931399015
0.001846818495888151	114.66237720821707
0.001880002064932214	112.72901950860908
0.0019137818751645429	110.88361622372841
0.0019481686398256032	109.11882089020445
0.0024893434150806836	90.2235872588613
0.00318084918909294	76.2218983767338
0.0040644458705289856	64.23124750471689
0.0051934937032242475	53.65350592597105
0.0066361756816604965	44.38012855139445
0.008479615109674973	36.365169357413386
0.010835136961026995	29.54566846005081
0.013844990774435434	23.82985575936468
0.017690941077502874	19.10263294818874
0.022605244113674088	15.236891171272246
0.028884673754785112	12.104719852654156
0.03690844362152595	9.58568163404382
0.04716110772543136	7.571651593103568
0.0602618225980287	5.968845124008303
0.07700173804183191	4.697938644479169
0.09839177452387357	3.6930767539434703
0.12572367247993171	2.900339759417647
0.16064800028589674	2.276039865241868
0.20527383178356487	1.7850593759462525
0.2622961128686173	1.3993400319240596
0.33515840878600917	1.0965678655540163
0.4282608604125047	0.8590606159751943
0.547225907968671	0.6728450506191013
0.6992378291672452	0.526902615543076
0.893476596445273	0.41255911815669066
1.141672253839814	0.3229947693069877
1.4588132922265273	0.25285314832601674
1.8640518015736909	0.19793050604283258
2.381860062192635	0.15492974065635198
3.0435084213211043	0.12126609471938525
3.8889537037391855	0.0949140103761723
4.9692521971934625	0.07428661359192709
6.3496429323829595	0.058140990787570575
8.113487456227661	0.045503808288255544
10.367304020615006	0.035612948779917976
13.247200200372669	0.02787174199166706
16.92709240510374	0.02181308798825836
21.629208659718156	0.0170713447161502
27.637508914677603	0.013360305523422803
35.31483333606337	0.010455951072990922
45.12481415760335	0.008182942833511085
57.65987434744115	0.006404047879107559
73.67700392407053	0.005011859663276058
94.14347444668711	0.003922316807286941
