# Table format: T1D
# table_unit = degC
# axis1_unit = kJ/kg/K
# axis2_unit = null
# This file was automatically generated by generate_data_files.py
0.1	99
1.556535345919412	101.00815222771513
1.551149861762431	100.94560891690719
1.546286321829714	100.84137006601634
1.5418115743680565	100.69543567462017
1.5376043583702577	100.50780574252599
1.5335724540533995	100.27848026965808
1.5296486157148284	100.00745925588916
1.5257837936430558	99.694742700988
1.5219416907272771	99.34033060461132
1.5180949388948035	98.94422296630842
1.5142224988137172	98.50641978552926
1.5103078916876413	98.0269210616388
1.5063379824717182	97.50572679393662
1.5023021287807046	96.94283698168255
1.498191575088887	96.33825162412927
1.4939990140411736	95.69197072056312
1.4897182635518122	95.00399427035222
1.485344025493687	94.27432227300233
1.4808717028177871	93.50295472822171
1.4762972591563288	92.68989163599412
1.471617109751276	91.83513299666174
1.466828035779655	90.93867881101721
1.4619271163600045	90.0005290804067
1.4569116740638444	89.02068380684614
1.4517792308430106	87.99914299315031
1.446527472062014	86.93590664307908
1.4411542168890168	85.83097476150192
1.4356573937135695	84.68434735458567
1.4300350195670066	83.49602443000725
1.424285182752065	82.26600599719808
1.418406028063056	80.9942920676246
1.4123957441108355	79.68088265510954
1.406252552369206	78.32577777620406
1.3999746974481786	76.92897739951479
1.3935604388869252	75.49048147772072
1.3870080439533108	74.0102900054867
1.3803157808955822	72.48840297710325
1.3734819130623706	70.92482038651025
1.3665046943999561	69.31954222732907
1.359382360671838	67.67256849290231
1.3521131330117881	65.98389917634722
1.344695205952226	64.25353427062555
1.3371267476453934	62.48147376863267
1.3294058955767143	60.66771766331408
1.321530753266821	58.812265947812136
1.3134993871289689	56.91511861565368
1.305309823439649	54.976275660985266
1.296960045380853	52.99573707886668
1.2884479901120405	50.97350286563693
1.279771545828481	48.90957301936669
1.2709285487602404	46.80394754041555
1.261916780062905	44.65662643211732
1.25273396254698	42.467609701618414
1.2433777571876334	40.23689736090256
1.2338457593501728	37.964489428040565
1.2241355112179655	35.65038401939404
1.2142443928487519	33.294588998121014
1.2041698905634548	30.897092382895778
1.1939092098270345	28.457902444517458
1.1834595673504005	25.977017161919775
1.1728180592544781	23.454436635853995
1.1619816742220908	20.890160993682116
1.1509472838420658	18.2841903952729
1.1397116315183675	15.636525040154822
1.1282713197071808	12.947165176193948
1.1166227952106929	10.216111110127542
1.1047623282809782	7.44336228713928
1.0926859952225978	4.628917872224065
1.080389660163991	1.7727777952832753
1.0678689456531094	-1.1250580256721605
1.0551192026119718	-4.064589685922897
1.0421354755433523	-7.0458172955106875
1.0289124627661081	-10.068740980752011
1.0154444708042487	-13.133360885744025
1.001725362365287	-16.23967717379844
0.987748497261154	-19.38769002869617
0.9735066657115398	-22.577399655622685
0.9589920136242484	-25.808806281580132
0.944196642122091	-29.08173307319032
0.9291091048746039	-32.39671154415993
0.9137211346368879	-35.753210733872606
0.8980207173029392	-39.15140801974161
0.8819954012560836	-42.59130369894558
0.8656315180959726	-46.072898056261266
0.8489141016379652	-49.596191343439955
0.8318268383104446	-53.16118374945668
0.8143520723258332	-56.767875358284556
0.7964709003704242	-60.416266089477176
0.77816340699055	-64.10635561544927
0.759409115594087	-67.83814324677058
0.7401877642898335	-71.61162777394381
0.7204805654200075	-75.42680724978084
0.7002721795868837	-79.28367869107956
0.6795537395498125	-83.18223767064782
0.6583274118672084	-87.12247775968856
0.6366132073476457	-91.1043897723332
0.6144590797207361	-95.12796073763823
0.5919558368641277	-99.19317252318442
0.5692591099695282	-103.29999999999998
0.2	99
1.5580738882969496	101.00815222771513
1.5541515821160625	100.94560891690719
1.5506381681588008	100.84137006601634
1.5474027822286074	100.69543567462017
1.5443426916044363	100.50780574252599
1.5413855368994303	100.27848026965808
1.5384805527181193	100.00745925588916
1.5355913983765959	99.694742700988
1.532691417560289	99.34033060461132
1.5297605859724785	98.94422296630842
1.5267835235852216	98.50641978552926
1.5237481734649776	98.0269210616388
1.520644903969061	97.50572679393662
1.51746588536539	96.94283698168255
1.5142046482277554	96.33825162412927
1.5108557648258594	95.69197072056312
1.5074146154294013	95.00399427035222
1.5038772143379062	94.27432227300233
1.5002400786382013	93.50295472822171
1.496500127998313	92.68989163599412
1.4926546073114142	91.83513299666174
1.488701026362088	90.93867881101721
1.484637112303218	90.0005290804067
1.4804607718584448	89.02068380684614
1.4761700609636312	87.99914299315031
1.4717631601358903	86.93590664307908
1.4672383542787082	85.83097476150192
1.4625940159426567	84.68434735458567
1.4578285912938909	83.49602443000725
1.4529405882182567	82.26600599719808
1.4479285661226284	80.9942920676246
1.4427911270970062	79.68088265510954
1.43752690817926	78.32577777620406
1.4321345744653091	76.92897739951479
1.4266128130540088	75.49048147772072
1.420960327661448	74.0102900054867
1.41517583367088	72.48840297710325
1.4092580537010575	70.92482038651025
1.4032057142974663	69.31954222732907
1.397017538754053	67.67256849290231
1.3906922508609905	65.98389917634722
1.3842285648420123	64.25353427062555
1.3776251861422149	62.48147376863267
1.370880808241756	60.66771766331408
1.3639941103993602	58.812265947812136
1.3569637556012595	56.91511861565368
1.3497883886930064	54.976275660985266
1.3424666346711664	52.99573707886668
1.3349970971109306	50.97350286563693
1.3273783567042272	48.90957301936669
1.319608969880865	46.80394754041555
1.311687467482841	44.65662643211732
1.3036123534590636	42.467609701618414
1.2953821035440234	40.23689736090256
1.286995163879902	37.964489428040565
1.2784499216692913	35.65038401939404
1.269744883048588	33.294588998121014
1.260878191710084	30.897092382895778
1.2518483071668314	28.457902444517458
1.2426534612131557	25.977017161919775
1.2332918837231344	23.454436635853995
1.2237617590019831	20.890160993682116
1.2140612216440305	18.2841903952729
1.2041883515893346	15.636525040154822
1.194141168222351	12.947165176193948
1.1839176233329127	10.216111110127542
1.1735155891079674	7.44336228713928
1.1629328500704539	4.628917872224065
1.1521670952883747	1.7727777952832753
1.1412159012812138	-1.1250580256721605
1.1300767156250775	-4.064589685922897
1.1187468372659954	-7.0458172955106875
1.1072233939049316	-10.068740980752011
1.0955033155725395	-13.133360885744025
1.0835833041690353	-16.23967717379844
1.0714597985817897	-19.38769002869617
1.0591289351114939	-22.577399655622685
1.0465865031023647	-25.808806281580132
1.033828263551608	-29.08173307319032
1.0208480581024086	-32.39671154415993
1.0076414293693978	-35.753210733872606
0.994201888875439	-39.15140801974161
0.9805227025719792	-42.59130369894558
0.9665964804888133	-46.072898056261266
0.9524151532599933	-49.596191343439955
0.9379699823106328	-53.16118374945668
0.9232516251240813	-56.767875358284556
0.9082502871586374	-60.416266089477176
0.8929560066184	-64.10635561544927
0.8773591393853156	-67.83814324677058
0.8614511418526482	-71.61162777394381
0.8452257933567359	-75.42680724978084
0.8286810635202783	-79.28367869107956
0.8118219221491059	-83.18223767064782
0.7946645237676694	-87.12247775968856
0.7772423953451126	-91.1043897723332
0.7596155444803678	-95.12796073763823
0.7418838310183064	-99.19317252318442
0.7242065774675754	-103.29999999999998
0.3	99
1.559612430674487	101.00815222771513
1.5571533024696942	100.94560891690719
1.5549900144878874	100.84137006601634
1.5529939900891578	100.69543567462017
1.551081024838615	100.50780574252599
1.549198619745461	100.27848026965808
1.5473124897214103	100.00745925588916
1.5453990031101357	99.694742700988
1.5434411443933005	99.34033060461132
1.5414262330501536	98.94422296630842
1.5393445483567265	98.50641978552926
1.5371884552423134	98.0269210616388
1.5349518254664039	97.50572679393662
1.5326296419500756	96.94283698168255
1.5302177213666237	96.33825162412927
1.527712515610545	95.69197072056312
1.5251109673069907	95.00399427035222
1.5224104031821255	94.27432227300233
1.5196084544586157	93.50295472822171
1.5167029968402972	92.68989163599412
1.5136921048715521	91.83513299666174
1.51057401694452	90.93867881101721
1.5073471082464316	90.0005290804067
1.5040098696530448	89.02068380684614
1.5005608910842516	87.99914299315031
1.496998848209766	86.93590664307908
1.4933224916683994	85.83097476150192
1.4895306381717437	84.68434735458567
1.485622163020775	83.49602443000725
1.4815959936844483	82.26600599719808
1.477451104182201	80.9942920676246
1.4731865100831774	79.68088265510954
1.4688012639893147	78.32577777620406
1.4642944514824394	76.92897739951479
1.4596651872210922	75.49048147772072
1.454912611369585	74.0102900054867
1.4500358864461778	72.48840297710325
1.4450341943397444	70.92482038651025
1.4399067341949765	69.31954222732907
1.4346527168362675	67.67256849290231
1.4292713687101928	65.98389917634722
1.4237619237317989	64.25353427062555
1.418123624639036	62.48147376863267
1.4123557209067976	60.66771766331408
1.406457467531899	58.812265947812136
1.4004281240735499	56.91511861565368
1.3942669539463644	54.976275660985266
1.3879732239614804	52.99573707886668
1.3815462041098205	50.97350286563693
1.3749851675799734	48.90957301936669
1.3682893910014893	46.80394754041555
1.3614581549027769	44.65662643211732
1.3544907443711474	42.467609701618414
1.3473864499004131	40.23689736090256
1.3401445684096316	37.964489428040565
1.3327643321206166	35.65038401939404
1.3252453732484242	33.294588998121014
1.317586492856713	30.897092382895778
1.3097874045066282	28.457902444517458
1.3018473550759109	25.977017161919775
1.2937657081917906	23.454436635853995
1.2855418437818753	20.890160993682116
1.2771751594459948	18.2841903952729
1.2686650716603016	15.636525040154822
1.2600110167375216	12.947165176193948
1.2512124514551326	10.216111110127542
1.2422688499349566	7.44336228713928
1.23317970491831	4.628917872224065
1.2239445304127579	1.7727777952832753
1.2145628569093179	-1.1250580256721605
1.205034228638183	-4.064589685922897
1.195358198988639	-7.0458172955106875
1.1855343250437544	-10.068740980752011
1.1755621603408302	-13.133360885744025
1.1654412459727836	-16.23967717379844
1.1551710999024256	-19.38769002869617
1.1447512045114479	-22.577399655622685
1.134180992580481	-25.808806281580132
1.1234598849811253	-29.08173307319032
1.1125870113302132	-32.39671154415993
1.101561724101908	-35.753210733872606
1.0903830604479388	-39.15140801974161
1.0790500038878745	-42.59130369894558
1.0675614428816544	-46.072898056261266
1.0559162048820208	-49.596191343439955
1.0441131263108208	-53.16118374945668
1.0321511779223294	-56.767875358284556
1.0200296739468504	-60.416266089477176
1.00774860624625	-64.10635561544927
0.9953091631765442	-67.83814324677058
0.982714519415463	-71.61162777394381
0.9699710212934641	-75.42680724978084
0.9570899474536732	-79.28367869107956
0.9440901047483989	-83.18223767064782
0.9310016356681301	-87.12247775968856
0.9178715833425796	-91.1043897723332
0.9047720092399997	-95.12796073763823
0.8918118251724849	-99.19317252318442
0.8791540449656224	-103.29999999999998
0.4	99
1.5611509730520245	101.00815222771513
1.5601550228233254	100.94560891690719
1.559341860816974	100.84137006601634
1.5585851979497083	100.69543567462017
1.557819358072794	100.50780574252599
1.5570117025914916	100.27848026965808
1.556144426724701	100.00745925588916
1.5552066078436761	99.694742700988
1.5541908712263122	99.34033060461132
1.5530918801278286	98.94422296630842
1.5519055731282312	98.50641978552926
1.5506287370196494	98.0269210616388
1.5492587469637464	97.50572679393662
1.5477933985347605	96.94283698168255
1.546230794505492	96.33825162412927
1.5445692663952308	95.69197072056312
1.5428073191845797	95.00399427035222
1.540943592026345	94.27432227300233
1.5389768302790299	93.50295472822171
1.5369058656822814	92.68989163599412
1.5347296024316903	91.83513299666174
1.5324470075269523	90.93867881101721
1.5300571041896456	90.0005290804067
1.527558967447645	89.02068380684614
1.5249517212048718	87.99914299315031
1.5222345362836418	86.93590664307908
1.519406629058091	85.83097476150192
1.5164672604008311	84.68434735458567
1.5134157347476593	83.49602443000725
1.5102513991506399	82.26600599719808
1.5069736422417737	80.9942920676246
1.5035818930693485	79.68088265510954
1.5000756197993688	78.32577777620406
1.4964543284995697	76.92897739951479
1.4927175613881756	75.49048147772072
1.4888648950777221	74.0102900054867
1.4848959392214756	72.48840297710325
1.4808103349784312	70.92482038651025
1.4766077540924867	69.31954222732907
1.472287894918482	67.67256849290231
1.4678504865593955	65.98389917634722
1.463295282621585	64.25353427062555
1.4586220631358575	62.48147376863267
1.4538306335718392	60.66771766331408
1.448920824664438	58.812265947812136
1.4438924925458405	56.91511861565368
1.438745519199722	54.976275660985266
1.433479813251794	52.99573707886668
1.4280953111087107	50.97350286563693
1.4225919784557195	48.90957301936669
1.4169698121221141	46.80394754041555
1.411228842322713	44.65662643211732
1.4053691352832312	42.467609701618414
1.3993907962568028	40.23689736090256
1.393293972939361	37.964489428040565
1.3870787425719422	35.65038401939404
1.3807458634482606	33.294588998121014
1.3742947940033423	30.897092382895778
1.367726501846425	28.457902444517458
1.3610412489386658	25.977017161919775
1.3542395326604466	23.454436635853995
1.3473219285617675	20.890160993682116
1.3402890972479595	18.2841903952729
1.3331417917312691	15.636525040154822
1.3258808652526914	12.947165176193948
1.3185072795773527	10.216111110127542
1.311022110761946	7.44336228713928
1.3034265597661658	4.628917872224065
1.295721965537141	1.7727777952832753
1.2879098125374222	-1.1250580256721605
1.2799917416512885	-4.064589685922897
1.2719695607112822	-7.0458172955106875
1.2638452561825775	-10.068740980752011
1.2556210051091208	-13.133360885744025
1.2472991877765318	-16.23967717379844
1.2388824012230613	-19.38769002869617
1.2303734739114016	-22.577399655622685
1.2217754820585975	-25.808806281580132
1.2130915064106425	-29.08173307319032
1.2043259645580182	-32.39671154415993
1.195482018834418	-35.753210733872606
1.1865642320204388	-39.15140801974161
1.1775773052037704	-42.59130369894558
1.1685264052744953	-46.072898056261266
1.1594172565040488	-49.596191343439955
1.1502562703110089	-53.16118374945668
1.1410507307205773	-56.767875358284556
1.1318090607350637	-60.416266089477176
1.1225412058741	-64.10635561544927
1.1132591869677728	-67.83814324677058
1.1039778969782776	-71.61162777394381
1.0947162492301927	-75.42680724978084
1.085498831387068	-79.28367869107956
1.0763582873476925	-83.18223767064782
1.0673387475685914	-87.12247775968856
1.0585007713400465	-91.1043897723332
1.049928473999631	-95.12796073763823
1.0417398193266636	-99.19317252318442
1.0341015124636697	-103.29999999999998
0.5	99
1.5626895154295617	101.00815222771513
1.5631567431769573	100.94560891690719
1.5636937071460606	100.84137006601634
1.5641764058102592	100.69543567462017
1.5645576913069728	100.50780574252599
1.5648247854375223	100.27848026965808
1.5649763637279919	100.00745925588916
1.565014212577216	99.694742700988
1.564940598059324	99.34033060461132
1.5647575272055034	98.94422296630842
1.5644665978997363	98.50641978552926
1.5640690187969855	98.0269210616388
1.5635656684610892	97.50572679393662
1.5629571551194459	96.94283698168255
1.5622438676443604	96.33825162412927
1.561426017179917	95.69197072056312
1.5605036710621691	95.00399427035222
1.5594767808705643	94.27432227300233
1.558345206099444	93.50295472822171
1.5571087345242653	92.68989163599412
1.5557670999918285	91.83513299666174
1.554319998109385	90.93867881101721
1.5527671001328591	90.0005290804067
1.5511080652422455	89.02068380684614
1.5493425513254924	87.99914299315031
1.5474702243575178	86.93590664307908
1.545490766447782	85.83097476150192
1.5434038826299183	84.68434735458567
1.5412093064745436	83.49602443000725
1.5389068046168313	82.26600599719808
1.5364961803013462	80.9942920676246
1.5339772760555197	79.68088265510954
1.5313499756094229	78.32577777620406
1.5286142055167002	76.92897739951479
1.5257699355552592	75.49048147772072
1.5228171787858595	74.0102900054867
1.5197559919967738	72.48840297710325
1.5165864756171181	70.92482038651025
1.513308773989997	69.31954222732907
1.509923073000697	67.67256849290231
1.5064296044085976	65.98389917634722
1.5028286415113716	64.25353427062555
1.4991205016326785	62.48147376863267
1.4953055462368807	60.66771766331408
1.491384181796977	58.812265947812136
1.4873568610181305	56.91511861565368
1.4832240844530797	54.976275660985266
1.4789864025421078	52.99573707886668
1.4746444181076006	50.97350286563693
1.4701987893314656	48.90957301936669
1.4656502332427386	46.80394754041555
1.460999529742649	44.65662643211732
1.4562475261953145	42.467609701618414
1.4513951426131926	40.23689736090256
1.4464433774690901	37.964489428040565
1.441393153023268	35.65038401939404
1.4362463536480967	33.294588998121014
1.4310030951499717	30.897092382895778
1.4256655991862222	28.457902444517458
1.4202351428014208	25.977017161919775
1.4147133571291028	23.454436635853995
1.4091020133416596	20.890160993682116
1.403403035049924	18.2841903952729
1.397618511802236	15.636525040154822
1.3917507137678617	12.947165176193948
1.3858021076995723	10.216111110127542
1.379775371588935	7.44336228713928
1.3736734146140221	4.628917872224065
1.3674994006615244	1.7727777952832753
1.3612567681655263	-1.1250580256721605
1.3549492546643942	-4.064589685922897
1.3485809224339258	-7.0458172955106875
1.3421561873214007	-10.068740980752011
1.3356798498774114	-13.133360885744025
1.3291571295802802	-16.23967717379844
1.3225937025436971	-19.38769002869617
1.3159957433113556	-22.577399655622685
1.3093699715367138	-25.808806281580132
1.3027231278401596	-29.08173307319032
1.2960649177858228	-32.39671154415993
1.2894023135669281	-35.753210733872606
1.2827454035929384	-39.15140801974161
1.2761046065196657	-42.59130369894558
1.2694913676673356	-46.072898056261266
1.2629183081260764	-49.596191343439955
1.2563994143111967	-53.16118374945668
1.2499502835188254	-56.767875358284556
1.2435884475232768	-60.416266089477176
1.2373338055019498	-64.10635561544927
1.2312092107590018	-67.83814324677058
1.2252412745410926	-71.61162777394381
1.219461477166921	-75.42680724978084
1.2139077153204625	-79.28367869107956
1.2086264699469857	-83.18223767064782
1.203675859469052	-87.12247775968856
1.1991299593375135	-91.1043897723332
1.195084938759263	-95.12796073763823
1.1916678134808425	-99.19317252318442
1.1890489799617168	-103.29999999999998
0.6	99
1.5642280578070993	101.00815222771513
1.5661584635305885	100.94560891690719
1.5680455534751472	100.84137006601634
1.56976761367081	100.69543567462017
1.5712960245411514	100.50780574252599
1.572637868283553	100.27848026965808
1.5738083007312829	100.00745925588916
1.5748218173107562	99.694742700988
1.5756903248923357	99.34033060461132
1.5764231742831785	98.94422296630842
1.5770276226712412	98.50641978552926
1.5775093005743213	98.0269210616388
1.577872589958432	97.50572679393662
1.5781209117041313	96.94283698168255
1.5782569407832288	96.33825162412927
1.5782827679646025	95.69197072056312
1.5782000229397584	95.00399427035222
1.5780099697147836	94.27432227300233
1.5777135819198584	93.50295472822171
1.5773116033662495	92.68989163599412
1.5768045975519664	91.83513299666174
1.5761929886918173	90.93867881101721
1.5754770960760727	90.0005290804067
1.5746571630368456	89.02068380684614
1.5737333814461127	87.99914299315031
1.5727059124313938	86.93590664307908
1.5715749038374733	85.83097476150192
1.5703405048590053	84.68434735458567
1.5690028782014278	83.49602443000725
1.5675622100830229	82.26600599719808
1.5660187183609187	80.9942920676246
1.5643726590416909	79.68088265510954
1.5626243314194772	78.32577777620406
1.5607740825338303	76.92897739951479
1.5588223097223426	75.49048147772072
1.5567694624939963	74.0102900054867
1.5546160447720716	72.48840297710325
1.5523626162558049	70.92482038651025
1.5500097938875075	69.31954222732907
1.5475582510829113	67.67256849290231
1.5450087222578002	65.98389917634722
1.542362000401158	64.25353427062555
1.5396189401295002	62.48147376863267
1.5367804589019225	60.66771766331408
1.5338475389295159	58.812265947812136
1.530821229490421	56.91511861565368
1.5277026497064377	54.976275660985266
1.5244929918324215	52.99573707886668
1.5211935251064905	50.97350286563693
1.5178056002072118	48.90957301936669
1.514330654363363	46.80394754041555
1.510770217162585	44.65662643211732
1.5071259171073985	42.467609701618414
1.5033994889695823	40.23689736090256
1.4995927819988197	37.964489428040565
1.4957075634745938	35.65038401939404
1.4917468438479327	33.294588998121014
1.4877113962966009	30.897092382895778
1.483604696526019	28.457902444517458
1.4794290366641758	25.977017161919775
1.4751871815977589	23.454436635853995
1.4708820981215518	20.890160993682116
1.4665169728518885	18.2841903952729
1.462095231873203	15.636525040154822
1.4576205622830318	12.947165176193948
1.4530969358217922	10.216111110127542
1.4485286324159243	7.44336228713928
1.443920269461878	4.628917872224065
1.4392768357859078	1.7727777952832753
1.4346037237936302	-1.1250580256721605
1.4299067676775	-4.064589685922897
1.425192284156569	-7.0458172955106875
1.420467118460224	-10.068740980752011
1.4157386946457022	-13.133360885744025
1.4110150713840286	-16.23967717379844
1.406305003864333	-19.38769002869617
1.4016180127113094	-22.577399655622685
1.3969644610148302	-25.808806281580132
1.3923547492696766	-29.08173307319032
1.3878038710136276	-32.39671154415993
1.383322608299438	-35.753210733872606
1.3789265751654383	-39.15140801974161
1.374631907835561	-42.59130369894558
1.3704563300601766	-46.072898056261266
1.3664193597481045	-49.596191343439955
1.362542558311385	-53.16118374945668
1.3588498363170733	-56.767875358284556
1.3553678343114899	-60.416266089477176
1.3521264051297999	-64.10635561544927
1.3491592345502303	-67.83814324677058
1.3465046521039072	-71.61162777394381
1.3442067051036493	-75.42680724978084
1.3423165992538573	-79.28367869107956
1.340894652546279	-83.18223767064782
1.3400129713695128	-87.12247775968856
1.3397591473349804	-91.1043897723332
1.3402414035188945	-95.12796073763823
1.341595807635021	-99.19317252318442
1.3439964474597639	-103.29999999999998
0.7	99
1.5657666001846366	101.00815222771513
1.5691601838842202	100.94560891690719
1.5723973998042338	100.84137006601634
1.5753588215313605	100.69543567462017
1.5780343577753302	100.50780574252599
1.5804509511295837	100.27848026965808
1.5826402377345734	100.00745925588916
1.5846294220442962	99.694742700988
1.5864400517253474	99.34033060461132
1.5880888213608535	98.94422296630842
1.589588647442746	98.50641978552926
1.5909495823516573	98.0269210616388
1.5921795114557749	97.50572679393662
1.5932846682888167	96.94283698168255
1.5942700139220969	96.33825162412927
1.5951395187492885	95.69197072056312
1.5958963748173476	95.00399427035222
1.5965431585590026	94.27432227300233
1.5970819577402726	93.50295472822171
1.5975144722082335	92.68989163599412
1.5978420951121044	91.83513299666174
1.59806597927425	90.93867881101721
1.5981870920192864	90.0005290804067
1.5982062608314458	89.02068380684614
1.5981242115667331	87.99914299315031
1.5979416005052696	86.93590664307908
1.5976590412271645	85.83097476150192
1.5972771270880926	84.68434735458567
1.5967964499283118	83.49602443000725
1.5962176155492145	82.26600599719808
1.5955412564204914	80.9942920676246
1.5947680420278618	79.68088265510954
1.5938986872295315	78.32577777620406
1.5929339595509608	76.92897739951479
1.5918746838894262	75.49048147772072
1.5907217462021335	74.0102900054867
1.5894760975473694	72.48840297710325
1.588138756894492	70.92482038651025
1.5867108137850179	69.31954222732907
1.5851934291651262	67.67256849290231
1.5835878401070027	65.98389917634722
1.5818953592909446	64.25353427062555
1.5801173786263212	62.48147376863267
1.5782553715669643	60.66771766331408
1.5763108960620549	58.812265947812136
1.5742855979627115	56.91511861565368
1.5721812149597953	54.976275660985266
1.569999581122735	52.99573707886668
1.5677426321053807	50.97350286563693
1.565412411082958	48.90957301936669
1.5630110754839874	46.80394754041555
1.560540904582521	44.65662643211732
1.558004308019482	42.467609701618414
1.555403835325972	40.23689736090256
1.5527421865285487	37.964489428040565
1.5500219739259193	35.65038401939404
1.5472473340477688	33.294588998121014
1.54441969744323	30.897092382895778
1.5415437938658159	28.457902444517458
1.5386229305269312	25.977017161919775
1.5356610060664149	23.454436635853995
1.5326621829014442	20.890160993682116
1.5296309106538528	18.2841903952729
1.52657195194417	15.636525040154822
1.5234904107982021	12.947165176193948
1.520391763944012	10.216111110127542
1.5172818932429133	7.44336228713928
1.5141671243097339	4.628917872224065
1.5110542709102908	1.7727777952832753
1.5079506794217343	-1.1250580256721605
1.5048642806906052	-4.064589685922897
1.5018036458792123	-7.0458172955106875
1.4987780495990468	-10.068740980752011
1.495797539413993	-13.133360885744025
1.4928730131877768	-16.23967717379844
1.4900163051849686	-19.38769002869617
1.4872402821112638	-22.577399655622685
1.4845589504929466	-25.808806281580132
1.4819863706991938	-29.08173307319032
1.4795428242414321	-32.39671154415993
1.477242903031948	-35.753210733872606
1.475107746737938	-39.15140801974161
1.473159209151457	-42.59130369894558
1.4714212924530174	-46.072898056261266
1.469920411370132	-49.596191343439955
1.4686857023115731	-53.16118374945668
1.4677493891153215	-56.767875358284556
1.467147221099703	-60.416266089477176
1.4669190047576497	-64.10635561544927
1.4671092583414589	-67.83814324677058
1.467768029666722	-71.61162777394381
1.4689519330403777	-75.42680724978084
1.470725483187252	-79.28367869107956
1.4731628351455728	-83.18223767064782
1.4763500832699739	-87.12247775968856
1.4803883353324472	-91.1043897723332
1.485397868278526	-95.12796073763823
1.4915238017891996	-99.19317252318442
1.498943914957811	-103.29999999999998
0.8	99
1.5673051425621742	101.00815222771513
1.5721619042378518	100.94560891690719
1.5767492461333206	100.84137006601634
1.5809500293919112	100.69543567462017
1.584772691009509	100.50780574252599
1.5882640339756144	100.27848026965808
1.5914721747378644	100.00745925588916
1.5944370267778363	99.694742700988
1.597189778558359	99.34033060461132
1.5997544684385285	98.94422296630842
1.6021496722142508	98.50641978552926
1.6043898641289935	98.0269210616388
1.6064864329531174	97.50572679393662
1.6084484248735018	96.94283698168255
1.610283087060965	96.33825162412927
1.6119962695339745	95.69197072056312
1.613592726694937	95.00399427035222
1.615076347403222	94.27432227300233
1.6164503335606872	93.50295472822171
1.617717341050218	92.68989163599412
1.6188795926722428	91.83513299666174
1.6199389698566824	90.93867881101721
1.6208970879625004	90.0005290804067
1.621755358626046	89.02068380684614
1.6225150416873537	87.99914299315031
1.6231772885791453	86.93590664307908
1.623743178616856	85.83097476150192
1.6242137493171798	84.68434735458567
1.6245900216551963	83.49602443000725
1.624873021015406	82.26600599719808
1.6250637944800643	80.9942920676246
1.625163425014033	79.68088265510954
1.625173043039586	78.32577777620406
1.6250938365680911	76.92897739951479
1.6249270580565096	75.49048147772072
1.6246740299102709	74.0102900054867
1.6243361503226672	72.48840297710325
1.623914897533179	70.92482038651025
1.6234118336825276	69.31954222732907
1.6228286072473408	67.67256849290231
1.6221669579562052	65.98389917634722
1.6214287181807308	64.25353427062555
1.6206158171231426	62.48147376863267
1.6197302842320056	60.66771766331408
1.6187742531945941	58.812265947812136
1.6177499664350021	56.91511861565368
1.6166597802131533	54.976275660985266
1.6155061704130487	52.99573707886668
1.6142917391042708	50.97350286563693
1.613019221958704	48.90957301936669
1.611691496604612	46.80394754041555
1.610311592002457	44.65662643211732
1.6088826989315659	42.467609701618414
1.607408181682362	40.23689736090256
1.6058915910582783	37.964489428040565
1.6043363843772451	35.65038401939404
1.6027478242476054	33.294588998121014
1.6011279985898592	30.897092382895778
1.5994828912056127	28.457902444517458
1.5978168243896864	25.977017161919775
1.596134830535071	23.454436635853995
1.5944422676813363	20.890160993682116
1.5927448484558178	18.2841903952729
1.591048672015137	15.636525040154822
1.5893602593133727	12.947165176193948
1.5876865920662322	10.216111110127542
1.5860351540699025	7.44336228713928
1.5844139791575904	4.628917872224065
1.5828317060346744	1.7727777952832753
1.581297635049839	-1.1250580256721605
1.579821793703711	-4.064589685922897
1.578415007601856	-7.0458172955106875
1.5770889807378703	-10.068740980752011
1.575856384182284	-13.133360885744025
1.574730954991525	-16.23967717379844
1.5737276065056045	-19.38769002869617
1.5728625515112173	-22.577399655622685
1.5721534399710628	-25.808806281580132
1.571617992128711	-29.08173307319032
1.571281777469237	-32.39671154415993
1.5711631977644585	-35.753210733872606
1.571288918310438	-39.15140801974161
1.5716865104673525	-42.59130369894558
1.5723862548458583	-46.072898056261266
1.5734214629921603	-49.596191343439955
1.574828846311761	-53.16118374945668
1.5766489419135696	-56.767875358284556
1.5789266078879163	-60.416266089477176
1.5817116043855	-64.10635561544927
1.5850592821326877	-67.83814324677058
1.5890314072295366	-71.61162777394381
1.593697160977106	-75.42680724978084
1.5991343671206466	-79.28367869107956
1.605431017744866	-83.18223767064782
1.612687195170435	-87.12247775968856
1.6210175233299144	-91.1043897723332
1.630554333038158	-95.12796073763823
1.6414517959433783	-99.19317252318442
1.6538913824558583	-103.29999999999998
0.9	99
1.5688436849397118	101.00815222771513
1.5751636245914833	100.94560891690719
1.581101092462407	100.84137006601634
1.5865412372524619	100.69543567462017
1.5915110242436876	100.50780574252599
1.596077116821645	100.27848026965808
1.6003041117411554	100.00745925588916
1.604244631511376	99.694742700988
1.607939505391371	99.34033060461132
1.6114201155162033	98.94422296630842
1.6147106969857556	98.50641978552926
1.6178301459063291	98.0269210616388
1.6207933544504602	97.50572679393662
1.6236121814581874	96.94283698168255
1.6262961601998336	96.33825162412927
1.6288530203186602	95.69197072056312
1.6312890785725263	95.00399427035222
1.6336095362474412	94.27432227300233
1.6358187093811014	93.50295472822171
1.6379202098922019	92.68989163599412
1.6399170902323805	91.83513299666174
1.641811960439115	90.93867881101721
1.6436070839057138	90.0005290804067
1.6453044564206463	89.02068380684614
1.646905871807974	87.99914299315031
1.6484129766530213	86.93590664307908
1.6498273160065473	85.83097476150192
1.651150371546267	84.68434735458567
1.6523835933820803	83.49602443000725
1.6535284264815975	82.26600599719808
1.6545863325396368	80.9942920676246
1.6555588080002042	79.68088265510954
1.6564473988496402	78.32577777620406
1.6572537135852212	76.92897739951479
1.657979432223593	75.49048147772072
1.658626313618408	74.0102900054867
1.6591962030979652	72.48840297710325
1.659691038171866	70.92482038651025
1.660112853580038	69.31954222732907
1.6604637853295554	67.67256849290231
1.6607460758054073	65.98389917634722
1.6609620770705174	64.25353427062555
1.6611142556199638	62.48147376863267
1.6612051968970474	60.66771766331408
1.6612376103271331	58.812265947812136
1.6612143349072925	56.91511861565368
1.6611383454665114	54.976275660985266
1.6610127597033626	52.99573707886668
1.6608408461031607	50.97350286563693
1.6606260328344502	48.90957301936669
1.6603719177252365	46.80394754041555
1.660082279422393	44.65662643211732
1.6597610898436495	42.467609701618414
1.659412528038752	40.23689736090256
1.6590409955880072	37.964489428040565
1.6586507948285707	35.65038401939404
1.6582483144474416	33.294588998121014
1.6578362997364884	30.897092382895778
1.65742198854541	28.457902444517458
1.6570107182524412	25.977017161919775
1.6566086550037271	23.454436635853995
1.6562223524612287	20.890160993682116
1.655858786257782	18.2841903952729
1.6555253920861044	15.636525040154822
1.6552301078285427	12.947165176193948
1.6549814201884518	10.216111110127542
1.6547884148968914	7.44336228713928
1.654660834005446	4.628917872224065
1.6546091411590578	1.7727777952832753
1.654644590677943	-1.1250580256721605
1.6547793067168166	-4.064589685922897
1.6550263693244993	-7.0458172955106875
1.6553999118766933	-10.068740980752011
1.6559152289505745	-13.133360885744025
1.656588896795273	-16.23967717379844
1.6574389078262401	-19.38769002869617
1.6584848209111713	-22.577399655622685
1.6597479294491793	-25.808806281580132
1.6612496135582282	-29.08173307319032
1.6630207306970413	-32.39671154415993
1.6650834924969682	-35.753210733872606
1.6674700898829375	-39.15140801974161
1.6702138117832481	-42.59130369894558
1.673351217238699	-46.072898056261266
1.676922514614188	-49.596191343439955
1.6809719903119493	-53.16118374945668
1.6855484947118178	-56.767875358284556
1.690705994676129	-60.416266089477176
1.6965042040133498	-64.10635561544927
1.703009305923916	-67.83814324677058
1.7102947847923515	-71.61162777394381
1.7184423889138345	-75.42680724978084
1.7275432510540414	-79.28367869107956
1.7376992003441591	-83.18223767064782
1.7490243070708957	-87.12247775968856
1.7616467113273817	-91.1043897723332
1.7757107977977897	-95.12796073763823
1.7913797900975572	-99.19317252318442
1.8088388499539054	-103.29999999999998
