# Table format: T1D
# table_unit = barA
# axis1_unit = kJ/kg
# axis2_unit = null
# This file was automatically generated by generate_data_files.py
0.1	99
387.5555811447252	40.542616199877436
385.5310987563091	40.490622039932504
383.69639649850353	40.40439600390953
382.00210056689	40.28439838561283
380.4032216555114	40.13111585875153
378.8656053604267	39.945058734496214
377.36442899810163	39.72676843754536
375.8816756636193	39.476823208141134
374.40410331435663	39.19584124885027
372.9218176407181	38.884482184045766
371.42730137333274	38.543447495499834
369.91475419001875	38.17348030686678
368.3796384894359	37.775364716712375
366.81836170056	37.34992479065494
365.2280501764833	36.89802327902927
363.6063854823778	36.420560105174275
361.9514839154881	35.91847065924494
360.26180649038395	35.39272392779315
358.5360907441141	34.844320487219605
356.7732984097405	34.274290388065026
354.97257479468925	33.6836909561508
353.13321690622683	33.073604535394956
351.2546481925041	32.44513619554331
349.3363983422505	31.799411425951487
347.37808699182335	31.137573834066536
345.37941047865314	30.460782864373158
343.34013099058944	29.7702115504954
341.2600676151723	29.067044309918835
339.13908890746774	28.352474787668836
336.9771066809908	27.627703752177162
334.77407079124293	26.893937043848286
332.52996473080265	26.152383574238918
330.24480189296736	25.40425337172868
327.9186223237373	24.650755667956272
325.5514900595964	23.89309701537913
323.1434908649091	23.132479431945015
320.69473017196316	22.370098562393775
318.20533136637926	21.607141845328357
315.67543458698816	20.84478667782151
313.1051941006109	20.08419856858897
310.49477993825496	19.326529271238396
307.84437425020946	18.572914889740687
305.1541718710603	17.824473949138998
302.4243793741228	17.08230542540084
299.6552144970654	16.347486729352543
296.8469056532142	15.62107164086754
293.9996915143608	14.904088190540339
291.11382065163815	14.197536487445392
288.18955122146275	13.502386492909752
285.22715068363595	12.81957574149832
282.2268955386462	12.150007012038078
279.1890710708876	11.494545952818514
276.11397108404884	10.85401866680551
273.00189761420296	10.229209264297092
269.8531606052329	9.620857392171871
266.66809038550025	9.029681249686265
263.44695535682837	8.45621321198988
260.19017792205966	7.901224346041997
256.8980294439391	7.3651229982844795
253.57086956158483	6.848423892560526
250.20904446401303	6.351548326198852
246.8129033256848	5.874856353784774
243.38279693386377	5.418644694759105
239.9190760546955	4.983144792286326
236.42208949758808	4.568521054428858
232.8921818331907	4.174869311181129
229.32968959461954	3.802215496247028
225.73493881531533	3.450514668060757
222.10824263210722	3.119650368061367
218.4498961108096	2.8094342962651404
214.7601713979667	2.5196064258547275
211.03931210677825	2.2498355753108927
207.28752697553858	1.9997204809634668
203.50498267415523	1.7687914118539505
199.69179573600857	1.556512365943347
195.848023587309	1.3622838833483804
191.97365468547395	1.1854465064366662
188.06859783314655	1.0252849096596537
184.1329151406751	0.881067523191565
180.16558863280423	0.7518779780585861
176.16695175359203	0.6369693832871464
172.13623509503765	0.5354230362612387
168.07277873513087	0.44632988998006484
163.97578188211793	0.36876368724645303
159.84430228466846	0.30178934571912125
155.6772642147144	0.24447166932607503
151.47347946371227	0.19588424735374083
147.2316876211288	0.15511837961070477
142.95062443897697	0.12129184387493913
138.62913061745766	0.0935573037494915
134.26631826857175	0.07111014246480385
129.86181918923518	0.05319550283889569
125.41614868469065	0.03911431716940675
120.93123220402502	0.02822812683535751
116.41116108073452	0.01996251880837123
111.86327052343334	0.013809047089113872
107.29967144217716	0.009325564468408334
102.73942198994155	0.006134952390730094
98.2116034170301	0.003922316807286943
0.2	99
388.13123931781126	40.542616199877436
386.6540291597493	40.490622039932504
385.3239494693976	40.40439600390953
384.09234810544206	40.28439838561283
382.92105246610396	40.13111585875153
381.7832330137048	39.945058734496214
380.6601321702943	39.72676843754536
379.53838952659095	39.476823208141134
378.4082726157124	39.19584124885027
377.2625375247493	38.884482184045766
376.0956868678902	38.543447495499834
374.90347659740524	38.17348030686678
373.6825808742993	37.775364716712375
372.43035939347527	37.34992479065494
371.14469257311225	36.89802327902927
369.8238626615393	36.420560105174275
368.46646654356476	35.91847065924494
367.07135084207073	35.39272392779315
365.6375629688981	34.844320487219605
364.1643137606606	34.274290388065026
362.6509486438976	33.6836909561508
361.0969251547694	33.073604535394956
359.5017952419965	32.44513619554331
357.8651912024892	31.799411425951487
356.1868143973377	31.137573834066536
354.4664261105674	30.460782864373158
352.70384006987166	29.7702115504954
350.89891626456523	29.067044309918835
349.05155578277345	28.352474787668836
347.16169645529493	27.627703752177162
345.22930914334074	26.893937043848286
343.254394545179	26.152383574238918
341.2369804257559	25.40425337172868
339.1771191748802	24.650755667956272
337.07488568647796	23.89309701537913
334.93037549833014	23.132479431945015
332.743703107802	22.370098562393775
330.51500049005864	21.607141845328357
328.2444160230034	20.84478667782151
325.93211210685104	20.08419856858897
323.5782665432347	19.326529271238396
321.1830692002429	18.572914889740687
318.7467224070944	17.824473949138998
316.2694399995707	17.08230542540084
313.75144669383974	16.347486729352543
311.1929775389325	15.62107164086754
308.5942774385368	14.904088190540339
305.95560073280393	14.197536487445392
303.27721083073834	13.502386492909752
300.5593798833907	12.81957574149832
297.8023884877349	12.150007012038078
295.00652541055325	11.494545952818514
292.1720873211026	10.85401866680551
289.29937852054644	10.229209264297092
286.3887106553293	9.620857392171871
283.4404070897099	9.029681249686265
280.4547723983755	8.45621321198988
277.432172335882	7.901224346041997
274.3729194400822	7.3651229982844795
271.2773628783299	6.848423892560526
268.1458495329078	6.351548326198852
264.97872983090326	5.874856353784774
261.7763566997908	5.418644694759105
258.53908431849015	4.983144792286326
255.26726662974107	4.568521054428858
251.96125557600794	4.174869311181129
248.62139796906183	3.802215496247028
245.24803363589734	3.450514668060757
241.84149372206915	3.119650368061367
238.40209645169244	2.8094342962651404
234.93014329489324	2.5196064258547275
231.42591443201775	2.2498355753108927
227.88966366453974	1.9997204809634668
224.3216125894934	1.7687914118539505
220.72194404250436	1.556512365943347
217.09079477845134	1.3622838833483804
213.42824739626911	1.1854465064366662
209.73432156167718	1.0252849096596537
206.00920740154186	0.881067523191565
202.2520420488747	0.7518779780585861
198.4633274581783	0.6369693832871464
194.64249384278966	0.5354230362612387
190.78910586446975	0.44632988998006484
186.90261514995683	0.36876368724645303
182.98236029733357	0.30178934571912125
179.0275743728014	0.24447166932607503
175.03740380615346	0.19588424735374083
171.0109442198868	0.15511837961070477
166.94730097799876	0.12129184387493913
162.8456853813054	0.0935573037494915
158.7055618181188	0.07111014246480385
154.5268673031515	0.05319550283889569
150.31033338375198	0.03911431716940675
146.05795244905127	0.02822812683535751
141.77364742207826	0.01996251880837123
137.46422764778154	0.013809047089113872
133.14074819723257	0.009325564468408334
128.82043777552926	0.006134952390730094
124.52943076665542	0.003922316807286943
0.3	99
388.70689749089735	40.542616199877436
387.7769595631896	40.490622039932504
386.9515024402916	40.40439600390953
386.1825956439941	40.28439838561283
385.4388832766966	40.13111585875153
384.7008606669828	39.945058734496214
383.955835342487	39.72676843754536
383.1951033895625	39.476823208141134
382.4124419170683	39.19584124885027
381.60325740878056	38.884482184045766
380.7640723624477	38.543447495499834
379.89219900479185	38.17348030686678
378.9855232591626	37.775364716712375
378.04235708639067	37.34992479065494
377.06133496974127	36.89802327902927
376.04133984070086	36.420560105174275
374.9814491716413	35.91847065924494
373.88089519375745	35.39272392779315
372.7390351936821	34.844320487219605
371.55532911158065	34.274290388065026
370.32932249310596	33.6836909561508
369.0606334033119	33.073604535394956
367.7489422914888	32.44513619554331
366.39398406272795	31.799411425951487
364.9955418028519	31.137573834066536
363.5534417424817	30.460782864373158
362.06754914915405	29.7702115504954
360.5377649139583	29.067044309918835
358.96402265807933	28.352474787668836
357.3462862295991	27.627703752177162
355.6845474954385	26.893937043848286
353.9788243595556	26.152383574238918
352.2291589585445	25.40425337172868
350.4356160260231	24.650755667956272
348.5982813133594	23.89309701537913
346.7172601317511	23.132479431945015
344.79267604364077	22.370098562393775
342.8246696137379	21.607141845328357
340.81339745901863	20.84478667782151
338.7590301130911	20.08419856858897
336.6617531482144	19.326529271238396
334.5217641502764	18.572914889740687
332.3392729431286	17.824473949138998
330.11450062501865	17.08230542540084
327.847678890614	16.347486729352543
325.53904942465084	15.62107164086754
323.18886336271277	14.904088190540339
320.79738081396965	14.197536487445392
318.364870440014	13.502386492909752
315.89160908314534	12.81957574149832
313.37788143682354	12.150007012038078
310.823979750219	11.494545952818514
308.2302035581563	10.85401866680551
305.5968594268898	10.229209264297092
302.9242607054256	9.620857392171871
300.2127237939195	9.029681249686265
297.46258943992274	8.45621321198988
294.6741667497042	7.901224346041997
291.8478094362254	7.3651229982844795
288.9838561950749	6.848423892560526
286.0826546018025	6.351548326198852
283.14455633612175	5.874856353784774
280.1699164657179	5.418644694759105
277.1590925822848	4.983144792286326
274.1124437618941	4.568521054428858
271.03032931882524	4.174869311181129
267.9131063435041	3.802215496247028
264.7611284564793	3.450514668060757
261.57474481203104	3.119650368061367
258.3542967925754	2.8094342962651404
255.10011519181978	2.5196064258547275
251.81251675725716	2.2498355753108927
248.49180035354095	1.9997204809634668
245.1382425048316	1.7687914118539505
241.7520923490001	1.556512365943347
238.3335659695937	1.3622838833483804
234.8828401070643	1.1854465064366662
231.4000452902078	1.0252849096596537
227.88549966240865	0.881067523191565
224.33849546494523	0.7518779780585861
220.7597031627645	0.6369693832871464
217.14875259054168	0.5354230362612387
213.50543299380857	0.44632988998006484
209.82944841779576	0.36876368724645303
206.12041830999863	0.30178934571912125
202.37788453088837	0.24447166932607503
198.60132814859466	0.19588424735374083
194.7902008186448	0.15511837961070477
190.94397751702053	0.12129184387493913
187.0622401451531	0.0935573037494915
183.1448053676659	0.07111014246480385
179.1919154170678	0.05319550283889569
175.2045180828133	0.03911431716940675
171.1846726940775	0.02822812683535751
167.136133763422	0.01996251880837123
163.0651847721297	0.013809047089113872
158.98182495228795	0.009325564468408334
154.90145356111697	0.006134952390730094
150.84725811628067	0.003922316807286943
0.4	99
389.2825556639833	40.542616199877436
388.89988996662987	40.490622039932504
388.5790554111857	40.40439600390953
388.2728431825461	40.28439838561283
387.9567140872892	40.13111585875153
387.6184883202609	39.945058734496214
387.25153851467974	39.72676843754536
386.85181725253415	39.476823208141134
386.41661121842407	39.19584124885027
385.94397729281184	38.884482184045766
385.4324578570051	38.543447495499834
384.8809214121784	38.17348030686678
384.2884656440261	37.775364716712375
383.65435477930606	37.34992479065494
382.9779773663703	36.89802327902927
382.25881701986236	36.420560105174275
381.4964317997179	35.91847065924494
380.69043954544424	35.39272392779315
379.84050741846613	34.844320487219605
378.9463444625007	34.274290388065026
378.0076963423143	33.6836909561508
377.02434165185446	33.073604535394956
375.9960893409812	32.44513619554331
374.9227769229667	31.799411425951487
373.80426920836624	31.137573834066536
372.64045737439596	30.460782864373158
371.4312582284363	29.7702115504954
370.17661356335134	29.067044309918835
368.87648953338515	28.352474787668836
367.53087600390324	27.627703752177162
366.13978584753625	26.893937043848286
364.70325417393195	26.152383574238918
363.22133749133314	25.40425337172868
361.694112877166	24.650755667956272
360.1216769402409	23.89309701537913
358.5041447651722	23.132479431945015
356.8416489794796	22.370098562393775
355.1343387374172	21.607141845328357
353.3823788950339	20.84478667782151
351.58594811933125	20.08419856858897
349.7452397531941	19.326529271238396
347.86045910030987	18.572914889740687
345.9318234791628	17.824473949138998
343.9595612504666	17.08230542540084
341.9439110873883	16.347486729352543
339.88512131036913	15.62107164086754
337.78344928688875	14.904088190540339
335.63916089513543	14.197536487445392
333.4525300492896	13.502386492909752
331.22383828290003	12.81957574149832
328.9533743859122	12.150007012038078
326.6414340898846	11.494545952818514
324.28831979521	10.85401866680551
321.8943403332332	10.229209264297092
319.45981075552186	9.620857392171871
316.9850404981292	9.029681249686265
314.4704064814699	8.45621321198988
311.9161611635265	7.901224346041997
309.3226994323686	7.3651229982844795
306.69034951181993	6.848423892560526
304.0194596706973	6.351548326198852
301.31038284134013	5.874856353784774
298.563476231645	5.418644694759105
295.7791008460795	4.983144792286326
292.957620894047	4.568521054428858
290.09940306164253	4.174869311181129
287.2048147179464	3.802215496247028
284.27422327706125	3.450514668060757
281.3079959019929	3.119650368061367
278.3064971334582	2.8094342962651404
275.2700870887464	2.5196064258547275
272.1991190824967	2.2498355753108927
269.0939370425421	1.9997204809634668
265.9548724201698	1.7687914118539505
262.7822406554959	1.556512365943347
259.57633716073605	1.3622838833483804
256.3374328178595	1.1854465064366662
253.06576901873845	1.0252849096596537
249.76179192327535	0.881067523191565
246.42494888101567	0.7518779780585861
243.0560788673508	0.6369693832871464
239.6550113382937	0.5354230362612387
236.22176012314736	0.44632988998006484
232.7562816856347	0.36876368724645303
229.2584763226637	0.30178934571912125
225.72819468897535	0.24447166932607503
222.16525249103583	0.19588424735374083
218.56945741740276	0.15511837961070477
214.94065405604232	0.12129184387493913
211.2787949090008	0.0935573037494915
207.58404891721295	0.07111014246480385
203.8569635309841	0.05319550283889569
200.09870278187464	0.03911431716940675
196.31139293910374	0.02822812683535751
192.49862010476582	0.01996251880837123
188.66614189647788	0.013809047089113872
184.82290170734333	0.009325564468408334
180.9824693467047	0.006134952390730094
177.16508546590597	0.003922316807286943
0.5	99
389.8582138370694	40.542616199877436
390.0228203700701	40.490622039932504
390.20660838207976	40.40439600390953
390.3630907210981	40.28439838561283
390.47454489788174	40.13111585875153
390.5361159735389	39.945058734496214
390.54724168687244	39.72676843754536
390.5085311155057	39.476823208141134
390.42078051977984	39.19584124885027
390.2846971768431	38.884482184045766
390.1008433515625	38.543447495499834
389.8696438195649	38.17348030686678
389.5914080288895	37.775364716712375
389.2663524722214	37.34992479065494
388.89461976299924	36.89802327902927
388.4762941990238	36.420560105174275
388.0114144277946	35.91847065924494
387.49998389713096	35.39272392779315
386.94197964325014	34.844320487219605
386.33735981342073	34.274290388065026
385.68607019152273	33.6836909561508
384.98804990039696	33.073604535394956
384.24323639047356	32.44513619554331
383.45156978320546	31.799411425951487
382.61299661388045	31.137573834066536
381.7274730063103	30.460782864373158
380.79496730771865	29.7702115504954
379.8154622127444	29.067044309918835
378.7889564086909	28.352474787668836
377.7154657782073	27.627703752177162
376.59502419963405	26.893937043848286
375.42768398830833	26.152383574238918
374.2135160241217	25.40425337172868
372.9526097283089	24.650755667956272
371.64507256712244	23.89309701537913
370.2910293985933	23.132479431945015
368.89062191531843	22.370098562393775
367.4440078610965	21.607141845328357
365.9513603310492	20.84478667782151
364.41286612557144	20.08419856858897
362.8287263581738	19.326529271238396
361.1991540503433	18.572914889740687
359.52437401519694	17.824473949138998
357.80462187591456	17.08230542540084
356.04014328416264	16.347486729352543
354.2311931960875	15.62107164086754
352.3780352110648	14.904088190540339
350.48094097630116	14.197536487445392
348.5401896585653	13.502386492909752
346.5560674826547	12.81957574149832
344.5288673350009	12.150007012038078
342.45888842955026	11.494545952818514
340.34643603226374	10.85401866680551
338.19182123957654	10.229209264297092
335.9953608056183	9.620857392171871
333.7573572023389	9.029681249686265
331.47822352301716	8.45621321198988
329.1581555773488	7.901224346041997
326.7975894285118	7.3651229982844795
324.3968428285649	6.848423892560526
321.956264739592	6.351548326198852
319.4762093465586	5.874856353784774
316.957035997572	5.418644694759105
314.39910910987413	4.983144792286326
311.8027980262	4.568521054428858
309.16847680445983	4.174869311181129
306.49652309238877	3.802215496247028
303.78731809764326	3.450514668060757
301.0412469919547	3.119650368061367
298.25869747434115	2.8094342962651404
295.44005898567286	2.5196064258547275
292.5857214077361	2.2498355753108927
289.6960737315433	1.9997204809634668
286.77150233550793	1.7687914118539505
283.8123889619916	1.556512365943347
280.8191083518784	1.3622838833483804
277.7920255286547	1.1854465064366662
274.73149274726904	1.0252849096596537
271.63808418414214	0.881067523191565
268.5114022970862	0.7518779780585861
265.35245457193696	0.6369693832871464
262.16127008604565	0.5354230362612387
258.9380872524862	0.44632988998006484
255.6831149534736	0.36876368724645303
252.39653433532882	0.30178934571912125
249.07850484706233	0.24447166932607503
245.729176833477	0.19588424735374083
242.34871401616076	0.15511837961070477
238.93733059506405	0.12129184387493913
235.49534967284856	0.0935573037494915
232.02329246676	0.07111014246480385
228.52201164490043	0.05319550283889569
224.99288748093596	0.03911431716940675
221.43811318413003	0.02822812683535751
217.86110644610955	0.01996251880837123
214.2670990208261	0.013809047089113872
210.66397846239875	0.009325564468408334
207.06348513229244	0.006134952390730094
203.48291281553128	0.003922316807286943
0.6	99
390.4338720101554	40.542616199877436
391.1457507735103	40.490622039932504
391.83416135297387	40.40439600390953
392.45333825965014	40.28439838561283
392.99237570847436	40.13111585875153
393.453743626817	39.945058734496214
393.84294485906514	39.72676843754536
394.16524497847735	39.476823208141134
394.42494982113567	39.19584124885027
394.6254170608743	38.884482184045766
394.76922884612	38.543447495499834
394.8583662269515	38.17348030686678
394.8943504137529	37.775364716712375
394.8783501651368	37.34992479065494
394.81126215962826	36.89802327902927
394.6937713781854	36.420560105174275
394.5263970558712	35.91847065924494
394.3095282488178	35.39272392779315
394.0434518680342	34.844320487219605
393.72837516434083	34.274290388065026
393.3644440407311	33.6836909561508
392.9517581489395	33.073604535394956
392.4903834399659	32.44513619554331
391.98036264344415	31.799411425951487
391.4217240193948	31.137573834066536
390.81448863822453	30.460782864373158
390.1586763870009	29.7702115504954
389.4543108621374	29.067044309918835
388.7014232839967	28.352474787668836
387.9000555525115	27.627703752177162
387.0502625517318	26.893937043848286
386.15211380268477	26.152383574238918
385.2056945569103	25.40425337172868
384.21110657945184	24.650755667956272
383.16846819400394	23.89309701537913
382.0779140320144	23.132479431945015
380.9395948511572	22.370098562393775
379.7536769847758	21.607141845328357
378.52034176706445	20.84478667782151
377.2397841318116	20.08419856858897
375.91221296315354	19.326529271238396
374.5378490003767	18.572914889740687
373.1169245512311	17.824473949138998
371.6496825013625	17.08230542540084
370.136375480937	16.347486729352543
368.57726508180576	15.62107164086754
366.97262113524084	14.904088190540339
365.32272105746694	14.197536487445392
363.62784926784093	13.502386492909752
361.88829668240936	12.81957574149832
360.1043602840895	12.150007012038078
358.2763427692159	11.494545952818514
356.40455226931743	10.85401866680551
354.48930214591996	10.229209264297092
352.5309108557145	9.620857392171871
350.5296739065485	9.029681249686265
348.4860405645643	8.45621321198988
346.40014999117113	7.901224346041997
344.27247942465493	7.3651229982844795
342.10333614531	6.848423892560526
339.89306980848676	6.351548326198852
337.64203585177705	5.874856353784774
335.35059576349903	5.418644694759105
333.01911737366885	4.983144792286326
330.647975158353	4.568521054428858
328.23755054727707	4.174869311181129
325.78823146683106	3.802215496247028
323.3004129182252	3.450514668060757
320.77449808191665	3.119650368061367
318.21089781522403	2.8094342962651404
315.61003088259935	2.5196064258547275
312.9723237329755	2.2498355753108927
310.2982104205445	1.9997204809634668
307.58813225084623	1.7687914118539505
304.8425372684874	1.556512365943347
302.0618795430208	1.3622838833483804
299.24661823944984	1.1854465064366662
296.39721647579967	1.0252849096596537
293.5143764450089	0.881067523191565
290.59785571315666	0.7518779780585861
287.64883027652326	0.6369693832871464
284.6675288337977	0.5354230362612387
281.654414381825	0.44632988998006484
278.6099482213125	0.36876368724645303
275.5345923479939	0.30178934571912125
272.4288150051493	0.24447166932607503
269.29310117591825	0.19588424735374083
266.12797061491875	0.15511837961070477
262.9340071340858	0.12129184387493913
259.7119044366962	0.0935573037494915
256.46253601630707	0.07111014246480385
253.18705975881673	0.05319550283889569
249.8870721799973	0.03911431716940675
246.56483342915624	0.02822812683535751
243.22359278745324	0.01996251880837123
239.86805614517422	0.013809047089113872
236.50505521745413	0.009325564468408334
233.14450091788015	0.006134952390730094
229.80074016515658	0.003922316807286943
0.7	99
391.0095301832415	40.542616199877436
392.2686811769505	40.490622039932504
393.4617143238678	40.40439600390953
394.5435857982022	40.28439838561283
395.5102065190669	40.13111585875153
396.37137128009505	39.945058734496214
397.1386480312578	39.72676843754536
397.821958841449	39.476823208141134
398.42911912249144	39.19584124885027
398.96613694490566	38.884482184045766
399.4376143406773	38.543447495499834
399.847088634338	38.17348030686678
400.1972927986162	37.775364716712375
400.4903478580522	37.34992479065494
400.7279045562572	36.89802327902927
400.9112485573468	36.420560105174275
401.04137968394775	35.91847065924494
401.1190726005045	35.39272392779315
401.1449240928182	34.844320487219605
401.11939051526093	34.274290388065026
401.0428178899394	33.6836909561508
400.91546639748213	33.073604535394956
400.7375304894583	32.44513619554331
400.50915550368285	31.799411425951487
400.230451424909	31.137573834066536
399.90150427013884	30.460782864373158
399.52238546628325	29.7702115504954
399.0931595115305	29.067044309918835
398.6138901593025	28.352474787668836
398.0846453268156	27.627703752177162
397.50550090382944	26.893937043848286
396.8765436170612	26.152383574238918
396.1978730896989	25.40425337172868
395.46960343059465	24.650755667956272
394.69186382088543	23.89309701537913
393.86479866543544	23.132479431945015
392.9885677869961	22.370098562393775
392.06334610845505	21.607141845328357
391.08932320307974	20.84478667782151
390.0667021380517	20.08419856858897
388.99569956813326	19.326529271238396
387.8765439504101	18.572914889740687
386.70947508726533	17.824473949138998
385.4947431268105	17.08230542540084
384.23260767771126	16.347486729352543
382.9233369675241	15.62107164086754
381.56720705941683	14.904088190540339
380.16450113863266	14.197536487445392
378.71550887711646	13.502386492909752
377.22052588216405	12.81957574149832
375.6798532331783	12.150007012038078
374.0937971088815	11.494545952818514
372.4626685063711	10.85401866680551
370.78678305226333	10.229209264297092
369.06646090581086	9.620857392171871
367.30199061075825	9.029681249686265
365.4938576061115	8.45621321198988
363.6421444049935	7.901224346041997
361.74736942079807	7.3651229982844795
359.80982946205495	6.848423892560526
357.8298748773815	6.351548326198852
355.8078623569955	5.874856353784774
353.74415552942605	5.418644694759105
351.63912563746345	4.983144792286326
349.4931522905059	4.568521054428858
347.30662429009436	4.174869311181129
345.0799398412733	3.802215496247028
342.8135077388071	3.450514668060757
340.5077491718785	3.119650368061367
338.1630981561069	2.8094342962651404
335.78000277952594	2.5196064258547275
333.35892605821505	2.2498355753108927
330.90034710954563	1.9997204809634668
328.40476216618436	1.7687914118539505
325.8726855749831	1.556512365943347
323.30465073416315	1.3622838833483804
320.70121095024507	1.1854465064366662
318.06294020433023	1.0252849096596537
315.3906687058756	0.881067523191565
312.68430912922713	0.7518779780585861
309.94520598110955	0.6369693832871464
307.17378758154973	0.5354230362612387
304.3707415111639	0.44632988998006484
301.53678148915145	0.36876368724645303
298.672650360659	0.30178934571912125
295.7791251632363	0.24447166932607503
292.85702551835936	0.19588424735374083
289.9072272136768	0.15511837961070477
286.9306836731076	0.12129184387493913
283.9284592005439	0.0935573037494915
280.9017795658541	0.07111014246480385
277.85210787273303	0.05319550283889569
274.7812568790586	0.03911431716940675
271.6915536741825	0.02822812683535751
268.586079128797	0.01996251880837123
265.46901326952246	0.013809047089113872
262.3461319725095	0.009325564468408334
259.22551670346786	0.006134952390730094
256.11856751478183	0.003922316807286943
0.8	99
391.58518835632754	40.542616199877436
393.3916115803908	40.490622039932504
395.0892672947619	40.40439600390953
396.63383333675415	40.28439838561283
398.0280373296595	40.13111585875153
399.2889989333732	39.945058734496214
400.43435120345055	39.72676843754536
401.4786727044206	39.476823208141134
402.4332884238473	39.19584124885027
403.30685682893693	38.884482184045766
404.10599983523485	38.543447495499834
404.8358110417245	38.17348030686678
405.5002351834797	37.775364716712375
406.10234555096747	37.34992479065494
406.64454695288623	36.89802327902927
407.1287257365084	36.420560105174275
407.5563623120245	35.91847065924494
407.9286169521913	35.39272392779315
408.2463963176022	34.844320487219605
408.510405866181	34.274290388065026
408.72119173914774	33.6836909561508
408.87917464602464	33.073604535394956
408.9846775389507	32.44513619554331
409.03794836392166	31.799411425951487
409.03917883042334	31.137573834066536
408.9885199020531	30.460782864373158
408.8860945455655	29.7702115504954
408.7320081609235	29.067044309918835
408.52635703460834	28.352474787668836
408.2692351011197	27.627703752177162
407.9607392559272	26.893937043848286
407.6009734314377	26.152383574238918
407.19005162248754	25.40425337172868
406.7281002817376	24.650755667956272
406.21525944776687	23.89309701537913
405.6516832988565	23.132479431945015
405.0375407228349	22.370098562393775
404.3730152321344	21.607141845328357
403.658304639095	20.84478667782151
402.8936201442919	20.08419856858897
402.079186173113	19.326529271238396
401.2152389004435	18.572914889740687
400.3020256232994	17.824473949138998
399.3398037522585	17.08230542540084
398.32883987448565	16.347486729352543
397.2694088532424	15.62107164086754
396.1617929835928	14.904088190540339
395.0062812197985	14.197536487445392
393.80316848639217	13.502386492909752
392.5527550819188	12.81957574149832
391.255346182267	12.150007012038078
389.91125144854726	11.494545952818514
388.52078474342477	10.85401866680551
387.08426395860675	10.229209264297092
385.60201095590725	9.620857392171871
384.0743073149678	9.029681249686265
382.5016746476587	8.45621321198988
380.8841388188157	7.901224346041997
379.2222594169413	7.3651229982844795
377.51632277880003	6.848423892560526
375.7666799462762	6.351548326198852
373.9736888622139	5.874856353784774
372.13771529535313	5.418644694759105
370.2591339012581	4.983144792286326
368.338329422659	4.568521054428858
366.37569803291166	4.174869311181129
364.37164821571565	3.802215496247028
362.3266025593892	3.450514668060757
360.2410002618403	3.119650368061367
358.11529849698985	2.8094342962651404
355.94997467645254	2.5196064258547275
353.74552838345454	2.2498355753108927
351.50248379854685	1.9997204809634668
349.22139208152254	1.7687914118539505
346.90283388147895	1.556512365943347
344.54742192530546	1.3622838833483804
342.15580366104024	1.1854465064366662
339.7286639328609	1.0252849096596537
337.26696096674243	0.881067523191565
334.7707625452976	0.7518779780585861
332.2415816856958	0.6369693832871464
329.6800463293017	0.5354230362612387
327.0870686405027	0.44632988998006484
324.46361475699035	0.36876368724645303
321.81070837332413	0.30178934571912125
319.12943532132323	0.24447166932607503
316.42094986080065	0.19588424735374083
313.6864838124347	0.15511837961070477
310.9273602121294	0.12129184387493913
308.14501396439164	0.0935573037494915
305.34102311540113	0.07111014246480385
302.5171559866494	0.05319550283889569
299.67544157811994	0.03911431716940675
296.81827391920876	0.02822812683535751
293.9485654701408	0.01996251880837123
291.0699703938707	0.013809047089113872
288.18720872756495	0.009325564468408334
285.30653248905566	0.006134952390730094
282.43639486440713	0.003922316807286943
0.9	99
392.16084652941356	40.542616199877436
394.514541983831	40.490622039932504
396.71682026565594	40.40439600390953
398.72408087530624	40.28439838561283
400.5458681402521	40.13111585875153
402.20662658665117	39.945058734496214
403.7300543756432	39.72676843754536
405.13538656739223	39.476823208141134
406.4374577252031	39.19584124885027
407.64757671296826	38.884482184045766
408.77438532979227	38.543447495499834
409.824533449111	38.17348030686678
410.8031775683431	37.775364716712375
411.71434324388287	37.34992479065494
412.5611893495152	36.89802327902927
413.3462029156699	36.420560105174275
414.0713449401011	35.91847065924494
414.7381613038781	35.39272392779315
415.34786854238627	34.844320487219605
415.901421217101	34.274290388065026
416.3995655883562	33.6836909561508
416.8428828945672	33.073604535394956
417.23182458844303	32.44513619554331
417.56674122416035	31.799411425951487
417.84790623593756	31.137573834066536
418.0755355339674	30.460782864373158
418.24980362484786	29.7702115504954
418.3708568103165	29.067044309918835
418.43882390991405	28.352474787668836
418.45382487542383	27.627703752177162
418.415977608025	26.893937043848286
418.325403245814	26.152383574238918
418.18223015527616	25.40425337172868
417.9865971328805	24.650755667956272
417.73865507464836	23.89309701537913
417.4385679322776	23.132479431945015
417.08651365867365	22.370098562393775
416.68268435581365	21.607141845328357
416.22728607511027	20.84478667782151
415.720538150532	20.08419856858897
415.1626727780927	19.326529271238396
414.553933850477	18.572914889740687
413.89457615933355	17.824473949138998
413.18486437770645	17.08230542540084
412.4250720712599	16.347486729352543
411.61548073896074	15.62107164086754
410.7563789077688	14.904088190540339
409.8480613009642	14.197536487445392
408.8908280956677	13.502386492909752
407.8849842816735	12.81957574149832
406.83083913135556	12.150007012038078
405.7287057882129	11.494545952818514
404.5789009804785	10.85401866680551
403.38174486495006	10.229209264297092
402.1375610060035	9.620857392171871
400.8466240191775	9.029681249686265
399.5094916892059	8.45621321198988
398.126133232638	7.901224346041997
396.6971494130845	7.3651229982844795
395.222816095545	6.848423892560526
393.7034850151709	6.351548326198852
392.1395153674324	5.874856353784774
390.53127506128016	5.418644694759105
388.8791421650528	4.983144792286326
387.1835065548119	4.568521054428858
385.44477177572884	4.174869311181129
383.66335659015795	3.802215496247028
381.8396973799711	3.450514668060757
379.9742513518023	3.119650368061367
378.06749883787273	2.8094342962651404
376.119946573379	2.5196064258547275
374.132130708694	2.2498355753108927
372.10462048754806	1.9997204809634668
370.0380219968607	1.7687914118539505
367.9329821879746	1.556512365943347
365.7901931164478	1.3622838833483804
363.6103963718355	1.1854465064366662
361.39438766139153	1.0252849096596537
359.1432532276092	0.881067523191565
356.8572159613681	0.7518779780585861
354.537957390282	0.6369693832871464
352.1863050770537	0.5354230362612387
349.8033957698416	0.44632988998006484
347.3904480248292	0.36876368724645303
344.9487663859892	0.30178934571912125
342.47974547941016	0.24447166932607503
339.9848742032418	0.19588424735374083
337.4657404111927	0.15511837961070477
334.9240367511511	0.12129184387493913
332.36156872823926	0.0935573037494915
329.7802666649482	0.07111014246480385
327.18220410056574	0.05319550283889569
324.56962627718127	0.03911431716940675
321.944994164235	0.02822812683535751
319.31105181148456	0.01996251880837123
316.67092751821883	0.013809047089113872
314.0282854826203	0.009325564468408334
311.3875482746434	0.006134952390730094
308.75422221403244	0.003922316807286943
