# Table format: T1D
# table_unit = degC
# axis1_unit = kJ/kg/K
# axis2_unit = barA
# This file was automatically generated by generate_data_files.py
1.0	119
0.41420023663916733	-103.30000000000078
0.4249420928415797	-101.70910436802095
0.43578036889459143	-100.10330765325233
0.4467010552584335	-98.48247028508632
0.4576917817830366	-96.84645138563607
0.46874167842650516	-95.19510875747858
0.4798412458554908	-93.52829887129863
0.4909822353200931	-91.84587685343575
0.5021575372318675	-90.14769647325468
0.513361077903154	-88.43361013046609
0.5245877239393651	-86.70346884227985
0.5358331938033586	-84.95712223046942
0.5470939760995692	-83.19441850828127
0.5583672541508616	-81.41520446727503
0.5696508364676136	-79.61932546397037
0.5809430927300864	-77.80662540643021
0.5922428949294617	-75.97694674068302
0.6035495633331026	-74.13013043703825
0.6148628169606218	-72.26601597625046
0.626182728275552	-70.3844413355788
0.6375096818173305	-68.48524297470573
0.6488443365143161	-66.56825582150094
0.6601875914358791	-64.63331325770758
0.6715405547577046	-62.68024710443814
0.6829045157292157	-60.70888760755619
0.6942809194466436	-58.719063422934795
0.7056713442498326	-56.71060160155537
0.71707748157373	-54.68332757447112
0.7285011180988388	-52.63706513764626
0.7399441200577356	-50.57163643663324
0.7514084195673334	-48.48686195110986
0.7628960028682441	-46.382560479289396
0.774408900365501	-44.258549122160616
0.7859491783767565	-42.114643267590054
0.7975189325062996	-39.95065657428205
0.8091202825763976	-37.76640095558142
0.8207553690602168	-35.561686563121725
0.8324263509746743	-33.336321770329874
0.8441354052066742	-31.090113155761486
0.8558847272618705	-28.822865486300742
0.8685984883125093	-26.354914632627327
0.8911450477935272	-26.354913510115864
0.913691603449816	-26.354913510115864
0.9362381591061051	-26.354913510115864
0.9587847147623938	-26.354913510115864
0.9813312704186827	-26.354913510115864
1.0038778260749717	-26.354913510115864
1.0264243817312604	-26.354913510115864
1.0489709373875493	-26.354913510115864
1.0715174930438385	-26.354913510115864
1.0940640487001272	-26.354913510115864
1.1166106043564161	-26.354913510115864
1.139157160012705	-26.354913510115864
1.161703715668994	-26.354913510115864
1.184250271325283	-26.354913510115864
1.2067968269815719	-26.354913510115864
1.2293433826378606	-26.354913510115864
1.2518899382941495	-26.354913510115864
1.2744364939504385	-26.354913510115864
1.2969830496067274	-26.354913510115864
1.3195296052630163	-26.354913510115864
1.342076160919305	-26.354913510115864
1.364622716575594	-26.354913510115864
1.387169272231883	-26.354913510115864
1.4097158278881718	-26.354913510115864
1.4322623835444606	-26.354913510115864
1.4548089392007497	-26.354913510115864
1.4773554948570384	-26.354913510115864
1.4999020505133274	-26.354913510115864
1.522448606169616	-26.354913510115864
1.5449951618259055	-26.354913510115864
1.567541717482194	-26.354913510115864
1.5900882731384827	-26.354913510115864
1.6126348287947718	-26.354913510115864
1.6351813844510608	-26.354913510115864
1.6577279401073497	-26.354913510115864
1.6802744957636386	-26.354913510115864
1.7028210514199276	-26.354913510115864
1.7253676070762163	-26.354913510115864
1.7557209831081104	-23.88698163244365
1.769716818110919	-19.4221352548646
1.783804284756118	-14.877313703647872
1.7979902476706393	-10.251084448341885
1.812281080017803	-5.541989298738031
1.8266827181216916	-0.7485439452486844
1.8412007081853567	4.130762508947726
1.8558402464252217	9.097468024143268
1.870606213683658	14.153138108865448
1.8855032053790244	19.29936631332771
1.9005355574931788	24.537774731715388
1.9157073691703972	29.87001451347294
1.9310225224010744	35.29776638374642
1.9464846991828226	40.82274117314762
1.962097396486351	46.44668035701136
1.9778639393003028	52.17135660430847
1.9937874919858767	57.99857433639107
2.009871068136236	63.93017029574867
2.0261175391061137	69.96801412495029
2.0425296413524294	76.11400895595602
2.0591099827061505	82.37009200998631
2.0758610476783326	88.73823520813488
2.0927852018886806	95.22044579291975
2.1098846956926236	101.81876696096555
2.1271616670723206	108.53527850702352
2.144618143848027	115.37209747952136
2.162256045258464	122.33137884785839
2.1800771829521888	129.41531618165527
2.1980832614260963	136.62614234216625
2.216275877942183	143.96613018607832
2.2346565219492476	151.4375932819192
2.2532265740323196	159.042886639293
2.2719873044091745	166.78440745118297
2.290939870990237	174.6645958495451
2.310085317015485	182.685935674443
2.3294245682794634	190.85095525695198
2.3489584299534143	199.1622282160933
2.3686875830114498	207.6223742700389
2.388612580265951	216.23406006184968
2.4087338420156765	224.99999999999983
10.0	119
0.413196237354327	-103.29999999999808
0.4309633450407995	-100.66771039716079
0.44896774160433733	-97.99462627826298
0.4671535344124028	-95.28011542086736
0.4854756638278611	-92.52353580452419
0.5038983912681821	-89.7242354589334
0.5223939634140122	-86.88155230971924
0.5409414348610626	-83.99481402186547
0.5595256331457432	-81.063337840688
0.5781362515716357	-78.0864304303476
0.5967670566385684	-75.06338770988694
0.6154151981355851	-71.99349468667623
0.6340806111159207	-68.87602528732694
0.6527655000348801	-65.71024218596614
0.6714738963103306	-62.4953966298346
0.6902112814671102	-59.230728262205616
0.7089842688627793	-55.915464942561556
0.7278003377680867	-52.54882256394089
0.7466676143026448	-49.13000486750917
0.7655946944125918	-45.65820325423391
0.7845905047350727	-42.13259659362342
0.8036641978320992	-38.55235102953222
0.8228250789149874	-34.916619782930326
0.8420825618306865	-31.224542951644025
0.8614461527734956	-27.475247306956476
0.8809254609455609	-23.667846087094716
0.9005302362648424	-19.80143878748578
0.9202704352673019	-15.875110947784776
0.9401563176616237	-11.88793393557853
0.9601985776969771	-7.8389647267632085
0.980408516795908	-3.7272456825003246
1.0007982670856286	0.44819567727410003
1.021381080012804	4.6883469038639305
1.0421717009254416	8.994210853375876
1.0631868606500279	13.366805923909453
1.0844459309155037	17.807166296424498
1.105971815963908	22.31634217933913
1.127792195229113	26.895400056919925
1.1499413059074302	31.545422941518325
1.1724625889517386	36.26751062972062
1.1874080801549962	39.39294003002044
1.2008516198593313	39.392941305631496
1.214295155745958	39.392941305631496
1.2277386916325852	39.392941305631496
1.241182227519212	39.392941305631496
1.2546257634058386	39.392941305631496
1.2680692992924654	39.392941305631496
1.281512835179092	39.392941305631496
1.294956371065719	39.392941305631496
1.3083999069523458	39.392941305631496
1.3218434428389725	39.392941305631496
1.335286978725599	39.392941305631496
1.3487305146122257	39.392941305631496
1.3621740504988527	39.392941305631496
1.3756175863854794	39.392941305631496
1.389061122272106	39.392941305631496
1.402504658158733	39.392941305631496
1.4159481940453598	39.392941305631496
1.4293917299319865	39.392941305631496
1.4428352658186132	39.392941305631496
1.4562788017052404	39.392941305631496
1.469722337591867	39.392941305631496
1.4831658734784938	39.392941305631496
1.4966094093651205	39.392941305631496
1.5100529452517473	39.392941305631496
1.523496481138374	39.392941305631496
1.5369400170250007	39.392941305631496
1.5503835529116274	39.392941305631496
1.5638270887982544	39.392941305631496
1.577270624684881	39.392941305631496
1.5907141605715078	39.392941305631496
1.6041576964581346	39.392941305631496
1.6176012323447615	39.392941305631496
1.6310447682313882	39.392941305631496
1.644488304118015	39.392941305631496
1.6579318400046419	39.392941305631496
1.6713753758912686	39.392941305631496
1.6848189117778953	39.392941305631496
1.6982624476645223	39.392941305631496
1.7227290487974216	42.51836327983534
1.735524658697184	46.232628803626824
1.7481741957111108	49.990597688242644
1.7607040958214233	53.792784162871556
1.7731364389600677	57.639708507304476
1.7854899136950284	61.531897123129056
1.7977805209345907	65.46988260575904
1.8100220983049313	69.4542038173148
1.8222267182422265	73.48540596035821
1.8344049952143304	77.5640406524978
1.8465663262969034	81.69066600186932
1.8587190820334367	85.86584668350645
1.8708707596385612	90.09015401660832
1.883028107283848	94.36416604271875
1.895197225898244	98.68846760482165
1.907383653284479	103.06365042737059
1.9195924341817576	107.4903131972581
1.9318281790521765	111.96906164573807
1.9440951137389106	116.50050863131287
1.9563971216740856	121.08527422359407
1.968737779959249	125.7239857881516
1.9811203903703583	130.41727807236083
1.99354800613049	135.16579329225885
2.006023455131202	139.97018122042317
2.018549360156251	144.8310992748855
2.031128156560916	149.74921260909042
2.0437621077801555	154.72519420291292
2.05645331897477	159.75972495474673
2.0692037490730506	164.8534937746777
2.0820152214234	170.0071976787504
2.094889433239252	175.22154188434666
2.107827963989426	180.49723990668537
2.120832282863934	185.83501365645725
2.133903755426003	191.2355935386101
2.1470436495450755	196.6997185522937
2.160253140692138	202.2281363919837
2.173533316667499	207.8216035497921
2.186885181821596	213.48088541898608
2.200309660821403	219.20675639871922
2.2138076020081288	224.99999999999983
20.0	119
0.41208611755190644	-103.29999999999819
0.4324177522982592	-100.28660611302013
0.4530479959992568	-97.2197500964042
0.4738967868199926	-94.09848345175047
0.49490182600520044	-90.92184085285993
0.5160157462393467	-87.68883984720594
0.5372036565248784	-84.39848055208421
0.55844102040397	-81.04974534535381
0.5797118288953974	-77.6415985507482
0.601007033632448	-74.17298611754074
0.6223232094112157	-70.64283529456065
0.6436614187333359	-67.05005429842598
0.6650262539871761	-63.393531975881274
0.6864250356917128	-59.67213746013704
0.7078671477587716	-55.884719821142255
0.7293634930462054	-52.03010770960424
0.750926054602834	-48.10710899475086
0.7725675499846026	-44.11451039561169
0.7943011678799535	-40.051077105792956
0.8161403780637024	-35.91555241158565
0.8380988074500908	-31.706657303287642
0.8601901767958752	-27.423090079650308
0.8824282944939844	-23.063525945292383
0.90482710600523	-18.626616600968475
0.927400799955981	-14.110989826588991
0.9501639750139154	-9.515249056812479
0.9731318756915817	-4.837972949140578
0.9963207107693659	-0.07771494431989368
1.0197480759605628	4.766997181031343
1.0434335142369726	9.697661769746219
1.0673992654234226	14.715803747517384
1.0916712857544855	19.82297509449245
1.1162806663991405	25.02075532528727
1.141265663634842	30.310751977473842
1.166674705352723	35.69460110875218
1.1925710305314952	41.173967802944105
1.2190402180225246	46.750546684953804
1.2462031993714984	52.42606244487388
1.2742406711411947	58.20227037139125
1.3034443133842353	64.08095689464483
1.3305207727670167	67.4873299424151
1.3401975375155646	67.4873299424151
1.349874302264112	67.4873299424151
1.3595510670126596	67.4873299424151
1.3692278317612072	67.4873299424151
1.3789045965097548	67.4873299424151
1.3885813612583022	67.4873299424151
1.3982581260068498	67.4873299424151
1.4079348907553975	67.4873299424151
1.417611655503945	67.4873299424151
1.4272884202524925	67.4873299424151
1.43696518500104	67.4873299424151
1.4466419497495877	67.4873299424151
1.4563187144981353	67.4873299424151
1.465995479246683	67.4873299424151
1.4756722439952303	67.4873299424151
1.4853490087437782	67.4873299424151
1.4950257734923253	67.4873299424151
1.5047025382408732	67.4873299424151
1.5143793029894206	67.4873299424151
1.5240560677379682	67.4873299424151
1.5337328324865158	67.4873299424151
1.5434095972350634	67.4873299424151
1.553086361983611	67.4873299424151
1.5627631267321582	67.4873299424151
1.5724398914807058	67.4873299424151
1.5821166562292537	67.4873299424151
1.5917934209778009	67.4873299424151
1.6014701857263485	67.4873299424151
1.611146950474896	67.4873299424151
1.6208237152234437	67.4873299424151
1.6305004799719913	67.4873299424151
1.640177244720539	67.4873299424151
1.6498540094690863	67.4873299424151
1.659530774217634	67.4873299424151
1.6692075389661816	67.4873299424151
1.678884303714729	67.4873299424151
1.6885610684632768	67.4873299424151
1.6982378426778286	67.48733326358467
1.7127871713495701	70.89370659622062
1.726052343509825	74.17442347540464
1.7388599720985438	77.4864244706331
1.7513052111351035	80.83000789960607
1.7634574377255643	84.20547492470996
1.7753691290466997	87.61312958014088
1.7870811543251865	91.053278799292
1.7986261068040381	94.52623244239828
1.8100304960606486	98.03230332444548
1.8213162437744286	101.57180724334745
1.8325017358051372	105.1450630083906
1.8436025816357327	108.75239246894716
1.854632174975933	112.39412054346832
1.8656021157339893	116.07057524874688
1.8765225331328284	119.78208772946465
1.8874023369202515	123.52899228801869
1.8982494153445022	127.31162641463095
1.9090707930906592	131.13033081774915
1.9198727586709434	134.98544945473247
1.9306609682091835	138.87732956283452
1.9414405307676412	142.80632169047863
1.95221607908619	146.77277972883144
1.962991828678451	150.77706094368045
1.973771627550499	154.81952600761264
1.9845589983033343	158.9005390324997
1.9953571740012932	163.02046760229666
2.0061691289006336	167.17968280614815
2.016997604911841	171.3785592718159
2.0278451344982042	175.61747519941963
2.0387140605798946	179.89681239550276
2.0496065539077506	184.21695630742437
2.0605246282877356	188.5782960580737
2.071470153970624	192.98122448092226
2.082444869467991	197.42613815540528
2.0934503920124374	201.91343744264265
2.104488226844808	206.44352652150087
2.1155597754823843	211.01681342499626
2.1266663430984463	215.63371007704978
2.1378091451239567	220.29463232958818
2.148989313165958	224.99999999999966
30.000000000000004	118
0.4109816301529138	-103.30000000000325
0.4329059172008001	-100.04939425913528
0.4551687076771374	-96.73657811095754
0.47767233248043933	-93.36036096666416
0.5003424888758286	-89.91952945186185
0.5231242273928713	-86.41284697046214
0.5459785131444276	-82.83905326030404
0.56887929064913	-79.19686394019112
0.5918109892699842	-75.4849700483214
0.6147664135935322	-71.70203757184547
0.6377449695475044	-67.84670696746628
0.6607511828749457	-63.91759267279252
0.6837934718171446	-59.91328260842565
0.7068831405795696	-55.832337670444446
0.7300335644227639	-51.67329121322109
0.7532595411010423	-47.43464852231892
0.7765767869269523	-43.114886277309125
0.8000015590347888	-38.712452004321335
0.8235503885278121	-34.22576351807513
0.8472399122041009	-29.653208353284555
0.8710867935761726	-24.993143185142003
0.8951077270665819	-20.243893238738423
0.9193195227741879	-15.4037516871457
0.9437392733418879	-10.470979038033931
0.9683846096433876	-5.443802508484964
0.9932740589001293	-0.32041538790491586
1.0184275285038096	4.901023611315225
1.043866953015914	10.222391015519975
1.0696171635772276	15.645599264195255
1.0957070736939074	21.17259739727905
1.122171333119638	26.805371755627903
1.149052701875826	32.54594669487943
1.1764055794865904	38.39638531298493
1.204301478061188	44.35879019166509
1.2328379592012595	50.43530415205254
1.2621542011318372	56.62811102479827
1.2924604927337637	62.93943643491531
1.3241009287757937	69.37154860164623
1.3577113404869028	75.9267591536277
1.394748319396695	82.60742395967463
1.423757479892302	86.2009331823242
1.430373677605346	86.2009331823242
1.4369898753183903	86.2009331823242
1.4436060730314344	86.2009331823242
1.4502222707444785	86.2009331823242
1.4568384684575226	86.2009331823242
1.4634546661705667	86.2009331823242
1.4700708638836109	86.2009331823242
1.476687061596655	86.2009331823242
1.483303259309699	86.2009331823242
1.4899194570227432	86.2009331823242
1.4965356547357873	86.2009331823242
1.5031518524488314	86.2009331823242
1.5097680501618758	86.2009331823242
1.5163842478749199	86.2009331823242
1.523000445587964	86.2009331823242
1.529616643301008	86.2009331823242
1.5362328410140522	86.2009331823242
1.5428490387270963	86.2009331823242
1.5494652364401404	86.2009331823242
1.5560814341531846	86.2009331823242
1.5626976318662287	86.2009331823242
1.5693138295792728	86.2009331823242
1.575930027292317	86.2009331823242
1.582546225005361	86.2009331823242
1.5891624227184051	86.2009331823242
1.5957786204314495	86.2009331823242
1.6023948181444936	86.2009331823242
1.6090110158575377	86.2009331823242
1.6156272135705818	86.2009331823242
1.622243411283626	86.2009331823242
1.62885960899667	86.2009331823242
1.6354758067097142	86.2009331823242
1.6420920044227583	86.2009331823242
1.6487082021358024	86.2009331823242
1.6553243998488465	86.2009331823242
1.6619405975618906	86.2009331823242
1.6685567952749347	86.2009331823242
1.6971966801023581	89.79444216106913
1.712693457569687	92.75328103378286
1.7268935609357514	95.73624130486411
1.7402014684027727	98.74351961964771
1.75285351194449	101.77531422658245
1.7650017468385564	104.83182499030346
1.7767507456497948	107.91325340480512
1.7881760396409014	111.01980260672542
1.799334278422137	114.15167738873697
1.8102692392218294	117.30908421304804
1.821015584277557	120.49223122501155
1.8316013176265593	123.70132826684875
1.842049451738717	126.93658689148111
1.8523791735813817	130.19822037647742
1.8626066821932126	133.48644373811328
1.8727458040980178	136.80147374554474
1.8828084545049009	140.14352893509977
1.8928049889949	143.5128296246844
1.902744475860619	146.90959792830614
1.9126349099209552	150.33405777071687
1.922483382474446	153.7864349021748
1.9322962179049896	157.26695691332537
1.9420790846016667	160.7758532502063
1.9518370858585472	164.31335522937258
1.9615748350010036	167.8796960531452
1.9712965179604167	171.47511082498517
1.9810059457694065	175.09983656499236
1.9907065988942003	178.7541122255284
2.0004016649043903	182.43817870697256
2.010094070664854	186.15227887360032
2.0197865099933003	189.89665756959397
2.029481467540512	193.67156163518416
2.0391812395051985	197.47723992292072
2.0488879516813885	201.3139433140804
2.058603575246128	205.18192473520304
2.0683299406233884	209.08143917476667
2.078068749702483	213.01274369999726
2.0878215866427374	216.97609747381352
2.097589927458448	220.97176177191398
2.1073751485472485	224.99999999999983
40.0	118
0.4098826855552731	-103.29999999999916
0.4329555913184604	-99.87794496161072
0.4563963888356244	-96.38694402574265
0.4800934265961339	-92.82560810405812
0.5039631580302719	-89.1925201215312
0.5279450639608508	-85.48623445260239
0.5519973389145975	-81.70527634594757
0.5760932421299262	-77.84814133768432
0.6002180258933979	-73.91329465271133
0.6243663643628408	-69.89917059403425
0.648540215430228	-65.80417191975607
0.6727470565689078	-61.62666920753213
0.6969984431150774	-57.36500020620187
0.7213088441569112	-53.01746917438953
0.7456947172521585	-48.58234620573742
0.7701737886603389	-44.05786654058326
0.7947645107621178	-39.44222986374825
0.8194856729485693	-34.733599588176276
0.8443561466145911	-29.930102124150437
0.8693947491222928	-25.029826133786628
0.8946202158874137	-20.030821770493162
0.9200512743188424	-14.931099903117854
0.9457068185422731	-9.728631324461674
0.9716061901567736	-4.421345943858967
0.9977695784694478	0.9928680365540004
1.0242185649475262	6.516164962098628
1.0509768530427617	12.15074258279958
1.0780712495485636	17.898842927881333
1.1055330034377464	23.76275319788067
1.1333996741906815	29.74480667473489
1.1617178163265043	35.847383650205074
1.1905469761033558	42.07291237301985
1.2199659005269636	48.42387001507166
1.2500826945510044	54.90278365710975
1.2810525418796115	61.51223129427211
1.3131113091733344	68.25484286189061
1.3466469323418633	75.13330128194673
1.3823784836016557	82.15034353063385
1.4219471665109173	89.30876172740301
1.4714846826249952	96.61140424596823
1.5290866658181401	100.34636629604694
1.5310150761156476	100.34636629604694
1.532943486413155	100.34636629604694
1.5348718967106623	100.34636629604694
1.5368003070081695	100.34636629604694
1.5387287173056772	100.34636629604694
1.5406571276031846	100.34636629604694
1.5425855379006916	100.34636629604694
1.544513948198199	100.34636629604694
1.5464423584957068	100.34636629604694
1.5483707687932138	100.34636629604694
1.5502991790907212	100.34636629604694
1.552227589388229	100.34636629604694
1.5541559996857361	100.34636629604694
1.5560844099832434	100.34636629604694
1.558012820280751	100.34636629604694
1.5599412305782583	100.34636629604694
1.5618696408757655	100.34636629604694
1.563798051173273	100.34636629604694
1.5657264614707802	100.34636629604694
1.5676548717682877	100.34636629604694
1.569583282065795	100.34636629604694
1.5715116923633023	100.34636629604694
1.5734401026608098	100.34636629604694
1.5753685129583173	100.34636629604694
1.5772969232558245	100.34636629604694
1.579225333553332	100.34636629604694
1.5811537438508394	100.34636629604694
1.5830821541483469	100.34636629604694
1.585010564445854	100.34636629604694
1.5869389747433613	100.34636629604694
1.5888673850408688	100.34636629604694
1.5907957953383762	100.34636629604694
1.5927242056358837	100.34636629604694
1.594652615933391	100.34636629604694
1.5965810262308984	100.34636629604694
1.5985094365284056	100.34636629604694
1.600437846825913	100.34636629604694
1.6713282520881627	104.0813280313522
1.692726060632873	106.78033228113401
1.710131617440655	109.4986472917119
1.7253974979082332	112.23641122718163
1.7393022776262606	114.99376324017237
1.7522557935869028	117.77084347891775
1.764503536443122	120.56779309438093
1.7762056064066047	123.38475424742722
1.7874729361017547	126.2218701160516
1.798385967221808	129.07928490265436
1.8090051372680882	131.95714384137113
1.8193771649408246	134.85559320545462
1.829539017401292	137.7747803147098
1.839520521976291	140.71485354298085
1.849346146611581	143.67596232569326
1.8590362499808861	146.6582571674487
1.8686079816709866	149.66188964967546
1.8780759447250053	152.68701243833203
1.8874526926996327	155.73377929166713
1.8967491089203599	158.80234506803475
1.9059747002311025	161.892865733765
1.9151378275946704	165.0054983710923
1.9242458893240473	168.14040118613804
1.9333054682791362	171.2977335169523
1.9423224513003003	174.47765584161277
1.951302127001929	177.68032978638126
1.9602492665187838	180.90591813391853
1.9691681906915837	184.15458483155908
1.9780628263678155	187.42649499964176
1.9869367538927523	190.72181493990496
1.9957932474148634	194.04071214393787
2.0046353092881466	197.3833553016937
2.0134656995923947	200.7499143100639
2.022286961590446	204.14056028151333
2.0311014437841344	207.5554655527783
2.039911319107137	210.9948036936247
2.0487186016952057	214.45874951567038
2.057525161596434	217.94747908127067
2.066332737721779	221.46116971246715
2.07514294928573	224.9999999999999
50.00000000000001	89
0.4087891962060565	-103.30000000000538
0.5073604361730445	-88.49809820928442
0.5996212007515248	-73.81852780695087
0.6840396471858203	-59.43453254348739
0.7610730438724023	-45.50408834419906
0.8314691036057629	-32.153078820455875
0.8958842053050807	-19.471154663830134
0.9548570502490045	-7.514666031375839
1.008846689468994	3.6874724045806033
1.0582635323440364	14.127421302830044
1.1034853100607955	23.812724839086286
1.1448632944285393	32.761688414513515
1.182724040398156	40.99984135194899
1.2173697227624867	48.55733916557415
1.2490784513943003	55.46711587056325
1.278105021000463	61.76360552775361
1.3046821306198781	67.48188028482576
1.3290219566514436	72.65708386256091
1.351317934497734	77.3240683580866
1.3717466222563781	81.51716640329045
1.3904695505330824	85.27004992820213
1.4076349912393156	88.61564144400887
1.423379600520555	91.58605445810639
1.4378299062103066	94.21254701931281
1.451103619626678	96.52547719604951
1.4633107570115527	98.55425230660165
1.4745545595253124	100.32726574883003
1.484932204397501	101.87181704527035
1.4945353051835213	103.21401279932303
1.5034502071027898	104.37864898516398
1.5117580943604756	105.38907840843842
1.519534939450548	106.26707099192828
1.5268513379705195	107.03267817563892
1.533772283915398	107.7041153932725
1.540356946935131	108.29767750899663
1.5466585122889842	108.82770071835665
1.5527241351630918	109.30658064467463
1.5585950444399714	109.74485067974308
1.5643068095884036	110.15131801229654
1.5698897619753405	110.53324850362128
1.5753695426452623	110.89658676431264
1.580767735577599	111.24619522052069
1.5861025400571647	111.58609583330013
1.591389437711111	111.91970011809525
1.5966418172307353	112.25001651259174
1.602489807098836	112.61897506436208
1.6083244544297233	112.99108514242056
1.6141597875689933	113.37019830248505
1.6200093239792213	113.76036961246638
1.625886423829588	114.16594639578807
1.6318045256513036	114.59161932788453
1.6377772917037854	115.04244610272207
1.6438186885060437	115.52385666947418
1.6499430239857422	116.041647373937
1.6561649580571298	116.6019695838637
1.6624994989326929	117.21131675463585
1.6689619935338356	117.87651251409562
1.6755681171727757	118.60470124858875
1.6823338652463067	119.40334184459431
1.6892755479354498	120.28020464557687
1.696409787725297	121.24337127673033
1.7037535188203705	122.30123672636813
1.711323987116356	123.46251291257948
1.7191387492017924	124.73623287574065
1.7272156688268319	126.13175469767737
1.7355729093348782	127.65876424029511
1.7442289206686494	129.3272758101927
1.7532024197116816	131.14762988642076
1.7625123628975763	133.13048709553624
1.772177910209133	135.28681768421194
1.7822183799003979	137.62788582980056
1.7926531935124066	140.1652282496015
1.803501811025214	142.9106267264582
1.8147836563002686	145.87607436682458
1.8265180333210498	149.07373565034345
1.8387240341332176	152.515900616068
1.8514204398086755	156.21493385348134
1.8646256161929495	160.18321931403716
1.878357406616102	164.43310231220602
1.8926330241204334	168.97683041905617
1.9074689460453707	173.82649523684296
1.9228808139717704	178.99397724863763
1.9388833420294436	184.490896033235
1.9554902363876094	190.32856809896884
1.9727141283679257	196.51797440743377
1.9905665230525065	203.06973932983306
2.0090577645340346	209.99412232043898
2.0281970181197493	217.30102303405704
2.047992268917995	224.99999999999983
60.00000000000001	89
0.4077010765403421	-103.29999999999839
0.5067432164468252	-88.42088051534643
0.5994629003551327	-73.6525934717969
0.6843204099470521	-59.169145746697836
0.7617834512811038	-45.12944572717379
0.8326078145714672	-31.66017532180811
0.8974542549391977	-18.851509924641874
0.9568640472584352	-6.76003398375201
1.0112983918563059	4.585342745399942
1.0611699656445899	15.17694773953167
1.1068589431896796	25.022576020850465
1.1487190914366103	34.14080288627872
1.187079369235243	42.55740060393549
1.2222441679330895	50.30271539174953
1.2544935926061558	57.409814007810155
1.2840842321265986	63.91321581309893
1.311250436009833	69.84805249636594
1.3362059613925343	75.24952820540693
1.3591458251134636	80.15258145098551
1.3802482169249983	84.59167494911719
1.3996763649484063	88.60066023740296
1.417580278737065	92.21268055804592
1.4340983233101046	95.46008835819549
1.449358598113361	98.37436315295548
1.4634801089116352	100.98602195926804
1.4765737299206145	103.32451875877223
1.4887429601542363	105.41813228792296
1.5000844839076712	107.29384362252165
1.5106885518576012	108.97720705544873
1.5206392069576793	110.49221990066496
1.5300143877412733	111.86119901546226
1.538885949599448	113.10467367023654
1.547319650331909	114.2413054113511
1.5553751479653126	115.28784527218261
1.5631060551927862	116.25913679710663
1.570560085513954	117.16816989425331
1.5777793122156545	118.02618595080094
1.584800544846886	118.84282966663523
1.5916558115771207	119.62633855829466
1.5983729224901126	120.38375782945263
1.604976080411206	121.1211667798558
1.6114865030816863	121.84390322594749
1.617923022957827	122.55677426252203
1.624302637293187	123.26424458881917
1.6306409896962286	123.97059695243433
1.6365077416126794	124.62978322255503
1.642362852500891	125.29509076962046
1.6482173312353405	125.97004098040867
1.6540820223186812	126.65828033180173
1.6599676981592628	127.3636041314212
1.665885121208985	128.08997028039028
1.6718450827589972	128.84150555990044
1.6778584245477466	129.62250665497163
1.6839360484400203	130.43743777071847
1.6900889184400925	131.29092631816877
1.6963280583170899	132.1877577827974
1.7026645472180946	133.1328705608392
1.7091095148639306	134.1313512671759
1.7156741372794642	135.18843078733693
1.72236963350411	136.3094811633964
1.7292072633475293	137.5000132644659
1.7361983259842027	138.7656750911745
1.7433541590002364	140.11225049356932
1.7506861373983889	141.5456580373641
1.7582056720170933	143.07194972925686
1.7659242068120757	144.69730930390773
1.7738532144742374	146.42804977993927
1.782004189905999	148.27061000768032
1.7903886411441172	150.23154995584042
1.799018077395324	152.317544516957
1.8079039939392787	154.53537565191738
1.8170578537488569	156.89192274187388
1.8264910657794262	159.39415107132442
1.8362149599852233	162.04909842873178
1.8462407592304753	164.86385988013848
1.8565795483741074	167.84557084573385
1.8672422409166534	171.00138868744858
1.8782395437035249	174.33847309502994
1.8895819202756312	177.86396563550176
1.901279553542058	181.58496890276786
1.9133423085148034	185.50852576619639
1.9257796958874034	189.64159926495898
1.9386008372528825	193.99105372460104
1.9518144327382543	198.56363768016524
1.9654287317803878	203.3659691736001
1.9794515076812127	208.40452395095377
1.9938900364610523	213.68562701740012
2.008751080381355	219.21544791767315
2.024040876339097	225.0000000000001
70.0	89
0.40661824292158893	-103.30000000000723
0.5061291772764266	-88.34408884699391
0.5993056599874909	-73.48749420217518
0.684600160859292	-58.90499514211416
0.7624907994279849	-44.7564452234993
0.8337413165578396	-31.169341638053055
0.8990166764691918	-18.234405563174846
0.9588605557804785	-6.008481005239105
1.0137361346234113	5.479497277129667
1.0640581842128487	16.221988412585517
1.1102091369394276	26.22699743163753
1.1525450506091435	35.513322983988246
1.1913970618906184	44.10692850903706
1.2270715305090962	52.038294878563136
1.2598502878278957	59.34056254275089
1.2899914289395484	66.04827544702158
1.3177306477928377	72.1965635596099
1.3432829575892364	77.82063035360784
1.366844611302358	82.95544008119418
1.388595061728216	87.63552533362741
1.408698840740478	91.89485772241483
1.4273072776717481	95.7667433138368
1.44456001068429	99.28371951293678
1.4605862708065394	102.47744142622389
1.4755059364840815	105.37855366784191
1.4894303687277588	108.01654876355946
1.5024630453665715	110.4196165670296
1.51470001943389	112.6144912031595
1.5262302325474624	114.6263035398967
1.5371357195913227	116.4784482942805
1.5474917455111499	118.19247553232441
1.5573669174554927	119.78801625747576
1.5668233145691584	121.28275068915184
1.5759166725894427	122.69242552650752
1.5846966509307583	124.0309230412094
1.5932071970838184	125.3103806129256
1.6014870086936648	126.54135492068514
1.609570079875695	127.7330211395236
1.61748630733964	128.89339479034442
1.6252621252434558	130.02956273854375
1.63292113596348	131.14791030173478
1.6404847067334696	132.25433327274442
1.6479725082184458	133.3544264436319
1.6554029790310556	134.4536434009006
1.6627937084732685	135.55742546289167
1.6684430890058337	136.4101078466141
1.674086675275398	137.2712683231603
1.6797319395672614	138.14352494540447
1.6853863182776228	139.02957232915549
1.6910572333004865	139.93218693587846
1.6967521053108285	140.8542295609256
1.7024783606984157	141.79864566730487
1.708243433731863	142.76846413498498
1.7140547653218778	143.7667949147737
1.7199197995271265	144.7968259909901
1.7258459787216776	145.86181997381362
1.7318407381311778	146.96511056418274
1.7379115002532635	148.11009906377592
1.7440656695105843	149.30025104135677
1.7503106273437925	150.5390932149752
1.7566537278369374	151.8302105671525
1.7631022938773713	153.1772436766546
1.7696636137842452	154.5838862249928
1.7763449382915775	156.05388261758947
1.7831534777405749	157.59102564758967
1.790096399319043	159.1991541238329
1.797180824180706	160.8821503827014
1.8044138242817325	162.6439376057349
1.8118024187840283	164.48847687049954
1.8193535698929932	166.4197638706869
1.8270741780202253	168.44182525240024
1.8349710761878304	170.55871452668288
1.8430510236195006	172.77450753320295
1.8513206984935908	175.09329744634857
1.859786689864184	177.51918933240955
1.8684554887867795	180.05629428470667
1.8773334787152411	182.70872318203652
1.8864269252650248	185.48058013418427
1.8957419654638912	188.3759556959854
1.905284596634523	191.3989199479418
1.9150606650728592	194.55351555612282
1.925075854700941	197.84375093639255
1.9353356758829123	201.27359365733224
1.9458454545969328	204.84696422202154
1.956610322153868	208.56773037068035
1.967635205645346	212.43970204370675
1.9789248192892959	216.46662713776914
1.9904836568204685	220.6521881762668
2.002315985047492	224.9999999999999
80.0	89
0.4055406135848514	-103.30000000000354
0.5055182506312798	-88.26771986837534
0.5991494321511559	-73.32322275199084
0.6848788781956475	-58.642068944519394
0.7631950959499659	-44.38506964884783
0.8348696503347315	-30.680553932298864
0.9005715498702971	-17.619809230037845
0.960846705526681	-5.259963456282662
1.0161601145488621	6.3699950759393005
1.0669284788477413	17.262623980977196
1.1135363162927432	27.426100306848582
1.1563417890470467	36.87940345258926
1.195678008941075	45.6486415424892
1.2318530860971222	53.76438093398178
1.2651503473036083	61.25978540979031
1.2958291528605352	68.16937345671528
1.3241262918991525	74.52822484338793
1.3502577766729003	80.37149625619475
1.3744208306173258	85.73413429464131
1.396795893758961	90.6507008489163
1.4175485151105345	95.15525007727626
1.4368310482825137	99.28121723883595
1.454784106443335	103.06129690162555
1.4715377634669917	106.52730120378334
1.4872125097674478	109.7099980475607
1.5019199855811258	112.63893495885014
1.5157635235292442	115.34225770462871
1.5288385381581984	117.84653446244045
1.5412328040650092	120.17659698635345
1.5530266664965346	122.35541010372066
1.5642932285373743	124.40398002185623
1.5750985563834305	126.34131019465138
1.5855019380873536	128.18441079038075
1.595556221487841	129.9483641739683
1.6053082445447862	131.6464445693975
1.6147993575142534	133.29028571636076
1.6240660232805162	134.8900865025522
1.6331404716545161	136.45484181477184
1.6420513769744902	137.99258459004426
1.6508245265041186	139.51062536415697
1.6594834496235706	141.0157773263191
1.6680499836416585	142.51455759760194
1.6765447598258303	144.01335865780635
1.6849876015169594	145.51858706395467
1.693397833776624	147.03676944690847
1.6986360259982745	147.99333259881143
1.7038735431600385	148.95922589168907
1.7091149755565298	149.93616808926663
1.7143649126060245	150.9259197483285
1.7196279466760735	151.9302839245766
1.724908674730036	152.95110608675554
1.7302116982229079	153.99027339487026
1.735541621635709	155.04971348350728
1.7409030499939135	156.13139287487405
1.7463005856686586	157.23731512882506
1.7517388247130699	158.3695188199531
1.7572223529407	159.5300754151212
1.7627557419107303	160.72108710917837
1.7683435449456597	161.9446846623336
1.7739902932726732	163.20302526990457
1.779700492349526	164.49829048406423
1.7854786184101696	165.83268419776635
1.7913291152439101	167.20843069322785
1.7972563912048205	168.62777275111836
1.8032648164347393	170.09296981180904
1.8093587202734904	171.6062961766475
1.8155423888232458	173.17003923498646
1.8218200626301126	174.7864977016369
1.8281959344445111	176.45797984926605
1.8346741470224515	178.1868017210267
1.8412587909319804	179.97528531013995
1.8479539023327576	181.8257566953144
1.8547634607013224	183.7405441234638
1.8616913864801488	185.72197603427549
1.8687415386347344	187.77237902456295
1.8759177121093313	189.89407575393625
1.8832236351786802	192.08938279710202
1.8906629666995742	194.3606084518887
1.8982392932725707	196.71005051584382
1.9059561263301399	199.13999404786045
1.913816899173069	201.6527091346481
1.921824963981796	204.2504486849038
1.9299835888334296	206.93544627667058
1.9382959547584238	209.70991408547337
1.9467651528731102	212.57604092240717
1.9553941816254983	215.5359904122434
1.9641859441918887	218.59189934189783
1.9731432460608926	221.74587620910722
1.9822687928394127	224.9999999999999
90.00000000000001	89
0.4044681085813961	-103.30000000000265
0.5049103704408686	-88.19177026421028
0.5989941714283759	-73.15977190728663
0.6851565423803333	-58.38035540146828
0.7638963506917126	-44.015301841918244
0.835992858952097	-30.193788375734385
0.9021189574745765	-17.007688577081296
0.9628226285569976	-4.514437728345172
1.0185705304501538	7.256895065088656
1.0697811413568097	18.29893463506147
1.116840904746022	28.619994726492166
1.1601099171607385	38.239196528350305
1.1999230843693676	47.18275117870763
1.2365900760514497	55.481267509082784
1.2703955170927739	63.16788989560837
1.3015998324619613	70.2770704713763
1.3304407050672666	76.84380100977887
1.3571349447994598	82.9031574842565
1.3818805436260262	88.49003907772874
1.4048587252855804	93.6390113983266
1.4262358504791333	98.38418985914166
1.4461650915997202	102.75912252393584
1.4647878367775915	106.79665114541677
1.4822348181871876	110.52874397032554
1.4986269840459607	113.98630414904909
1.5140761492057617	117.19896386112987
1.5286854680682582	120.19487747790731
1.5425497779215103	123.00052816487488
1.5557558621101726	125.64056198573832
1.5683826812391095	128.13766220064605
1.580501616732978	130.51247418953437
1.5921767641893412	132.78358830361168
1.6034653040032585	134.9675840297793
1.6144179642533407	137.07913438435583
1.625079577062468	139.1311648657109
1.6354897163131887	141.13505714935872
1.6456833935345065	143.10088456293482
1.655691781450936	145.03766465070362
1.6655429318580859	146.95361400262357
1.6752624560856761	148.85639188098293
1.6848741415137065	150.7533216945165
1.6944004851356562	152.65158257359332
1.703863133593516	154.55836669171333
1.7132832271787037	156.48100112758078
1.722681652080734	158.42703566496112
1.7273536906911207	159.40588780083795
1.7320280726869366	160.39344884107783
1.7367073591665962	161.39072938097638
1.7413941151327272	162.39875970191184
1.7460909097394097	163.41858965076176
1.7508003159914451	164.45128830805567
1.7555249099873051	165.49794347832398
1.7602672697904551	166.5596610335977
1.7650299740062878	167.6375641382714
1.7698156001339191	168.7327923806405
1.7746267227540689	169.8465008335022
1.779465911606357	170.97985906329586
1.7843357296015208	172.13405010442654
1.789238730806885	173.3102694127681
1.7941774584363979	174.50972380979425
1.7991544428704291	175.73363042654665
1.8041721997246774	176.98321565452255
1.8092332279825598	178.25971410876446
1.8143400082009535	179.56436760682038
1.8194950007953499	180.89842416587356
1.8247006444072154	182.26313701922015
1.8299593543537345	183.65976365235036
1.8352735211579256	185.08956485819107
1.8406455091555145	186.55380381055903
1.8460776551737628	188.05374515455168
1.8515722672766024	189.59065411242398
1.8571316235701225	191.16579560351198
1.8627579710621958	192.78043337684636
1.8684535245703389	194.43582915535484
1.8742204656721702	196.13324179086425
1.8800609416935123	197.87392642952386
1.8859770647298044	199.65913368772766
1.8919709106974372	201.49010883915219
1.898044518412452	203.36809101404316
1.9041998886950446	205.29431241247158
1.91043898349929	207.2699975338275
1.9167637250684135	209.2963624253648
1.9231759951169347	211.37461395315069
1.9296776340417532	213.50594909922677
1.9362704401651272	215.69155428923995
1.942956169013073	217.9326047551516
1.949736532633293	220.23026393792674
1.9566131989571922	222.58568293532187
1.9635877912107609	224.99999999999977
