# Table format: T1D
# table_unit = barA
# axis1_unit = m**3/kg
# axis2_unit = null
# This file was automatically generated by generate_data_files.py
0.1	88
0.003953137547073786	25.705069603484105
0.0038167027473163155	25.663117800306125
0.0037119002420044063	25.59365302357947
0.0036289398075971093	25.497146481433376
0.0035612237320094367	25.374103352162855
0.003504653132241188	25.225058970428897
0.003456636815521309	25.05058000845284
0.003415476551213693	24.851265741855748
0.003380020312280994	24.627748948532773
0.0033494645581992996	24.380696449821485
0.0033232374817595512	24.110809312786966
0.0033009273441510687	23.81882271644073
0.0032822368631044417	23.505505480210005
0.003266953246813866	23.171659257321522
0.003254927979533464	22.81811740478984
0.0032460629030665674	22.44574355261543
0.003240300501782832	22.055429905562836
0.0032376170867452797	21.64809531998297
0.0032380180440360604	21.224683204474033
0.003241534600152154	20.7861592960239
0.0032482217385546904	20.33350936244793
0.003258157018732468	19.86773687765564
0.0032714401273657716	19.389860709153993
0.003288193045232269	18.900912848149993
0.003308560752467469	18.401936202591916
0.0033327124243127245	17.89398246351061
0.0033608430931082157	17.378110045862808
0.0033931757723106213	16.8553820973338
0.003429964056273652	16.326864562612965
0.0034714952265292353	15.793624286536232
0.0035180939122178663	15.256727137230707
0.0035701263699091097	14.717236129677426
0.0036280054670804543	14.176209530735207
0.003692196484000136	13.634698926776679
0.003763223838528398	13.093747241560678
0.003841678905621701	12.554386693154933
0.003928229145213426	12.017636675311278
0.004023628745435134	11.48450156033055
0.0041287310725405335	10.955968419134885
0.004244503271562044	10.433004657635296
0.004372043436679889	9.916555570950356
0.004512600863082696	9.407541819253257
0.004667600007532819	8.906856831024697
0.004838668929112624	8.415364141230873
0.005027673162746845	7.933894673561467
0.005236756206520851	7.463243977274799
0.005468388093251636	7.004169430546321
0.005725423885263783	6.5573874235181915
0.006011174402772405	6.123570535519154
0.0063294921025287346	5.703344722314371
0.0066848758070549895	5.297286530695631
0.007082599003426602	4.905920359361741
0.007528867761898299	4.5297157869201135
0.00803101607531612	4.169084989918599
0.008597748735943432	3.8243802762390695
0.009239444949340356	3.4958917618942844
0.009968540016568052	3.1838452223019647
0.010800007991335372	2.888400152473511
0.011751975796552436	2.6096480741664005
0.012846509661992257	2.3476111319177075
0.014110629067442763	2.1022410238455893
0.015577623306699859	1.8734183171064438
0.017288773761960807	1.6609522016337304
0.01929562459578203	1.4645807392262356
0.021663001205553756	1.28397166764352
0.024473057558825076	1.1187238209357908
0.02783075360690268	0.9683691959289081
0.03187133778330512	0.8323758155309425
0.036771003365108634	0.7101438926476157
0.04275915654566069	0.6010558483435565
0.050144492269453514	0.5043661632255718
0.059335830854092234	0.4193636161659415
0.0708906537154118	0.3452598628098914
0.08557389397848882	0.2812454260966199
0.10445000793318324	0.22649034746380953
0.1290213138319291	0.1801536292025379
0.16144041448376467	0.14139321455932882
0.20484214502790501	0.10937631049571435
0.26387212488783784	0.08328981009466516
0.3455454635496148	0.06235052613624118
0.4606723353999983	0.0458149088992541
0.6262803644289778	0.03298789523112364
0.8698354748285506	0.023230527961113225
1.2367988279071698	0.015966000941778812
1.8045605608451951	0.01068383012850581
2.7089656825428716	0.006941927981988625
4.196601018224609	0.004366466715256552
67174.82689861933	1.7962321527650724e-07
0.2	88
0.004000941386100502	25.705069603484105
0.003908014679341801	25.663117800306125
0.0038418633254523123	25.59365302357947
0.003793914510095192	25.497146481433376
0.003758772908110278	25.374103352162855
0.003733215413826316	25.225058970428897
0.0037152668537346577	25.05058000845284
0.0037036744847004544	24.851265741855748
0.0036976228337222633	24.627748948532773
0.0036965746342765863	24.380696449821485
0.0037001782613142646	24.110809312786966
0.0037082115620938904	23.81882271644073
0.0037205464994497107	23.505505480210005
0.003737126228113084	23.171659257321522
0.0037579499188566453	22.81811740478984
0.0037830626138935066	22.44574355261543
0.0038125484863218615	22.055429905562836
0.0038465265003800307	21.64809531998297
0.003885147838007771	21.224683204474033
0.0039285946815262	20.7861592960239
0.003977080082809611	20.33350936244793
0.004030848740502495	19.86773687765564
0.004090178568695454	19.389860709153993
0.004155382984988577	18.900912848149993
0.004226813880294156	18.401936202591916
0.00430486526149191	17.89398246351061
0.004389977583882637	17.378110045862808
0.004482642815034573	16.8553820973338
0.004583410296282259	16.326864562612965
0.004692893493775021	15.793624286536232
0.004811777758476793	15.256727137230707
0.004940829244853793	14.717236129677426
0.005080905172262208	14.176209530735207
0.005232965672593177	13.634698926776679
0.005398087438106128	13.093747241560678
0.005577479525671588	12.554386693154933
0.005772501753615124	12.017636675311278
0.00598468610555151	11.48450156033055
0.006215761730118506	10.955968419134885
0.006467684228148095	10.433004657635296
0.006742670068022953	9.916555570950356
0.007043237155002044	9.407541819253257
0.007372252810711405	8.906856831024697
0.00773299070715332	8.415364141230873
0.008129198661528003	7.933894673561467
0.008565179654773334	7.463243977274799
0.009045889015413087	7.004169430546321
0.009577051447144809	6.5573874235181915
0.010165302521380312	6.123570535519154
0.010818360468366756	5.703344722314371
0.011545235667786785	5.297286530695631
0.012356487276943977	4.905920359361741
0.0132645390972743	4.5297157869201135
0.014284070281183588	4.169084989918599
0.015432501112558526	3.8243802762390695
0.01673060026030306	3.4958917618942844
0.018203248167502545	3.1838452223019647
0.019880402389499518	2.888400152473511
0.021798325849851072	2.6096480741664005
0.02400115973760474	2.3476111319177075
0.026542951414687	2.1022410238455893
0.029490287564130628	1.8734183171064438
0.03292573875828048	1.6609522016337304
0.03695240086132301	1.4645807392262356
0.04169993195605752	1.28397166764352
0.047332647031585816	1.1187238209357908
0.05406047282701591	0.9683691959289081
0.06215391284358249	0.8323758155309425
0.07196536015282283	0.7101438926476157
0.08395363312434818	0.6010558483435565
0.0987361282030659	0.5043661632255718
0.11713049168676082	0.4193636161659415
0.14025169231164597	0.3452598628098914
0.16962960202980715	0.2812454260966199
0.20739313900722198	0.22649034746380953
0.2565469452287154	0.1801536292025379
0.3213962316948102	0.14139321455932882
0.40821067397723876	0.10937631049571435
0.526281516135323	0.08328981009466516
0.6896389822809254	0.06235052613624118
0.9199034262638017	0.0458149088992541
1.2511301010870877	0.03298789523112364
1.7382508601176618	0.023230527961113225
2.472188030931433	0.015966000941778812
3.607721892845839	0.01068383012850581
5.416542468644571	0.006941927981988625
8.391823413824493	0.004366466715256552
134349.65253961974	1.7962321527650724e-07
0.3	88
0.004048745225127218	25.705069603484105
0.003999326611367287	25.663117800306125
0.003971826408900217	25.59365302357947
0.003958889212593275	25.497146481433376
0.00395632208421112	25.374103352162855
0.003961777695411443	25.225058970428897
0.003973896891948008	25.05058000845284
0.003991872418187216	24.851265741855748
0.004015225355163533	24.627748948532773
0.004043684710353873	24.380696449821485
0.004077119040868978	24.110809312786966
0.0041154957800367134	23.81882271644073
0.00415885613579498	23.505505480210005
0.004207299209412301	23.171659257321522
0.004260971858179826	22.81811740478984
0.004320062324720445	22.44574355261543
0.00438479647086089	22.055429905562836
0.00445543591401478	21.64809531998297
0.004532277631979482	21.224683204474033
0.004615654762900245	20.7861592960239
0.004705938427064531	20.33350936244793
0.004803540462272523	19.86773687765564
0.004908917010025137	19.389860709153993
0.005022572924744883	18.900912848149993
0.005145067008120843	18.401936202591916
0.005277018098671096	17.89398246351061
0.005419112074657061	17.378110045862808
0.005572109857758525	16.8553820973338
0.005736856536290865	16.326864562612965
0.005914291761020806	15.793624286536232
0.006105461604735723	15.256727137230707
0.006311532119798477	14.717236129677426
0.006533804877443961	14.176209530735207
0.006773734861186219	13.634698926776679
0.007032951037683856	13.093747241560678
0.0073132801457214715	12.554386693154933
0.007616774362016821	12.017636675311278
0.007945743465667886	11.48450156033055
0.008302792387696479	10.955968419134885
0.008690865184734144	10.433004657635296
0.009113296699366016	9.916555570950356
0.009573873446921392	9.407541819253257
0.01007690561388999	8.906856831024697
0.010627312485194017	8.415364141230873
0.011230724160309158	7.933894673561467
0.01189360310302582	7.463243977274799
0.012623389937574538	7.004169430546321
0.013428679009025831	6.5573874235181915
0.01431943063998822	6.123570535519154
0.015307228834204776	5.703344722314371
0.016405595528518578	5.297286530695631
0.01763037555046135	4.905920359361741
0.0190002104326503	4.5297157869201135
0.020537124487051053	4.169084989918599
0.022267253489173616	3.8243802762390695
0.02422175557126576	3.4958917618942844
0.026437956318437032	3.1838452223019647
0.02896079678766366	2.888400152473511
0.031844675903149704	2.6096480741664005
0.035155809813217226	2.3476111319177075
0.03897527376193123	2.1022410238455893
0.04340295182156139	1.8734183171064438
0.04856270375460015	1.6609522016337304
0.054609177126864	1.4645807392262356
0.06173686270656129	1.28397166764352
0.07019223650434656	1.1187238209357908
0.08029019204712914	0.9683691959289081
0.09243648790385987	0.8323758155309425
0.10715971694053703	0.7101438926476157
0.1251481097030357	0.6010558483435565
0.14732776413667828	0.5043661632255718
0.17492515251942944	0.4193636161659415
0.2096127309078801	0.3452598628098914
0.25368531008112544	0.2812454260966199
0.3103362700812607	0.22649034746380953
0.3840725766255018	0.1801536292025379
0.48135204890585565	0.14139321455932882
0.6115792029265724	0.10937631049571435
0.7886909073828079	0.08328981009466516
1.033732501012236	0.06235052613624118
1.379134517127605	0.0458149088992541
1.8759798377451975	0.03298789523112364
2.6066662454067724	0.023230527961113225
3.707577233955696	0.015966000941778812
5.410883224846481	0.01068383012850581
8.124119254746269	0.006941927981988625
12.587045809424378	0.004366466715256552
201524.47818062015	1.7962321527650724e-07
0.4	88
0.0040965490641539344	25.705069603484105
0.004090638543392773	25.663117800306125
0.004101789492348122	25.59365302357947
0.004123863915091357	25.497146481433376
0.004153871260311961	25.374103352162855
0.004190339976996572	25.225058970428897
0.004232526930161357	25.05058000845284
0.0042800703516739785	24.851265741855748
0.004332827876604803	24.627748948532773
0.004390794786431159	24.380696449821485
0.0044540598204236915	24.110809312786966
0.004522779997979536	23.81882271644073
0.00459716577214025	23.505505480210005
0.004677472190711518	23.171659257321522
0.004763993797503007	22.81811740478984
0.004857062035547385	22.44574355261543
0.004957044455399919	22.055429905562836
0.005064345327649531	21.64809531998297
0.005179407425951192	21.224683204474033
0.005302714844274291	20.7861592960239
0.005434796771319452	20.33350936244793
0.00557623218404255	19.86773687765564
0.00572765545135482	19.389860709153993
0.005889762864501192	18.900912848149993
0.006063320135947531	18.401936202591916
0.006249170935850282	17.89398246351061
0.006448246565431484	17.378110045862808
0.006661576900482478	16.8553820973338
0.006890302776299472	16.326864562612965
0.007135690028266592	15.793624286536232
0.00739914545099465	15.256727137230707
0.007682234994743161	14.717236129677426
0.007986704582625716	14.176209530735207
0.008314504049779261	13.634698926776679
0.008667814637261587	13.093747241560678
0.00904908076577136	12.554386693154933
0.009461046970418517	12.017636675311278
0.009906800825784264	11.48450156033055
0.010389823045274452	10.955968419134885
0.010914046141320195	10.433004657635296
0.011483923330709082	9.916555570950356
0.012104509738840741	9.407541819253257
0.01278155841706858	8.906856831024697
0.013521634263234713	8.415364141230873
0.014332249659090317	7.933894673561467
0.015222026551278306	7.463243977274799
0.016200890859735986	7.004169430546321
0.017280306570906862	6.5573874235181915
0.018473558758596128	6.123570535519154
0.019796097200042793	5.703344722314371
0.021265955389250378	5.297286530695631
0.02290426382397873	4.905920359361741
0.0247358817680263	4.5297157869201135
0.026790178692918522	4.169084989918599
0.029102005865788712	3.8243802762390695
0.03171291088222846	3.4958917618942844
0.03467266446937153	3.1838452223019647
0.038041191185827807	2.888400152473511
0.04189102595644834	2.6096480741664005
0.04631045988882971	2.3476111319177075
0.05140759610917547	2.1022410238455893
0.05731561607899217	1.8734183171064438
0.06419966875091983	1.6609522016337304
0.07226595339240498	1.4645807392262356
0.08177379345706506	1.28397166764352
0.09305182597710732	1.1187238209357908
0.1065199112672424	0.9683691959289081
0.12271906296413726	0.8323758155309425
0.14235407372825123	0.7101438926476157
0.1663425862817232	0.6010558483435565
0.19591940007029068	0.5043661632255718
0.23271981335209807	0.4193636161659415
0.2789737695041143	0.3452598628098914
0.3377410181324438	0.2812454260966199
0.4132794011552995	0.22649034746380953
0.511598208022288	0.1801536292025379
0.6413078661169013	0.14139321455932882
0.8149477318759064	0.10937631049571435
1.0511002986302933	0.08328981009466516
1.3778260197435463	0.06235052613624118
1.8383656079914084	0.0458149088992541
2.500829574403308	0.03298789523112364
3.475081630695884	0.023230527961113225
4.94296643697996	0.015966000941778812
7.214044556847125	0.01068383012850581
10.831696040847968	0.006941927981988625
16.782268205024266	0.004366466715256552
268699.3038216206	1.7962321527650724e-07
0.5	88
0.0041443529031806505	25.705069603484105
0.004181950475418259	25.663117800306125
0.004231752575796027	25.59365302357947
0.004288838617589439	25.497146481433376
0.004351420436412802	25.374103352162855
0.004418902258581699	25.225058970428897
0.004491156968374706	25.05058000845284
0.004568268285160741	24.851265741855748
0.004650430398046072	24.627748948532773
0.004737904862508445	24.380696449821485
0.004831000599978406	24.110809312786966
0.004930064215922358	23.81882271644073
0.005035475408485519	23.505505480210005
0.0051476451720107366	23.171659257321522
0.0052670157368261885	22.81811740478984
0.0053940617463743255	22.44574355261543
0.005529292439938948	22.055429905562836
0.0056732547412842805	21.64809531998297
0.005826537219922903	21.224683204474033
0.005989774925648336	20.7861592960239
0.006163655115574373	20.33350936244793
0.006348923905812576	19.86773687765564
0.006546393892684502	19.389860709153993
0.0067569528042575	18.900912848149993
0.006981573263774218	18.401936202591916
0.007221323773029468	17.89398246351061
0.007477381056205908	17.378110045862808
0.007751043943206429	16.8553820973338
0.008043749016308077	16.326864562612965
0.008357088295512377	15.793624286536232
0.008692829297253577	15.256727137230707
0.009052937869687847	14.717236129677426
0.009439604287807468	14.176209530735207
0.0098552732383723	13.634698926776679
0.010302678236839315	13.093747241560678
0.010784881385821244	12.554386693154933
0.011305319578820215	12.017636675311278
0.011867858185900639	11.48450156033055
0.012476853702852423	10.955968419134885
0.013137227097906245	10.433004657635296
0.013854549962052147	9.916555570950356
0.01463514603076009	9.407541819253257
0.015486211220247164	8.906856831024697
0.016415956041275413	8.415364141230873
0.017433775157871475	7.933894673561467
0.018550449999530788	7.463243977274799
0.019778391781897435	7.004169430546321
0.021131934132787883	6.5573874235181915
0.022627686877204036	6.123570535519154
0.024284965565880813	5.703344722314371
0.026126315249982174	5.297286530695631
0.02817815209749611	4.905920359361741
0.030471553103402296	4.5297157869201135
0.033043232898785996	4.169084989918599
0.035936758242403805	3.8243802762390695
0.03920406619319116	3.4958917618942844
0.04290737262030602	3.1838452223019647
0.04712158558399196	2.888400152473511
0.051937376009746974	2.6096480741664005
0.05746510996444219	2.3476111319177075
0.0638399184564197	2.1022410238455893
0.07122828033642292	1.8734183171064438
0.07983663374723951	1.6609522016337304
0.08992272965794595	1.4645807392262356
0.10181072420756884	1.28397166764352
0.11591141544986806	1.1187238209357908
0.13274963048735564	0.9683691959289081
0.15300163802441463	0.8323758155309425
0.17754843051596542	0.7101438926476157
0.20753706286041068	0.6010558483435565
0.24451103600390306	0.5043661632255718
0.29051447418476667	0.4193636161659415
0.34833480810034845	0.3452598628098914
0.42179672618376207	0.2812454260966199
0.5162225322293382	0.22649034746380953
0.6391238394190744	0.1801536292025379
0.8012636833279466	0.14139321455932882
1.01831626082524	0.10937631049571435
1.3135096898777783	0.08328981009466516
1.721919538474857	0.06235052613624118
2.297596698855212	0.0458149088992541
3.1256793110614183	0.03298789523112364
4.343497015984995	0.023230527961113225
6.178355640004224	0.015966000941778812
9.017205888847768	0.01068383012850581
13.539272826949666	0.006941927981988625
20.97749060062415	0.004366466715256552
335874.12946262094	1.7962321527650724e-07
0.6	88
0.004192156742207367	25.705069603484105
0.004273262407443745	25.663117800306125
0.0043617156592439315	25.59365302357947
0.004453813320087522	25.497146481433376
0.004548969612513644	25.374103352162855
0.0046474645401668275	25.225058970428897
0.004749787006588057	25.05058000845284
0.004856466218647503	24.851265741855748
0.004968032919487341	24.627748948532773
0.005085014938585731	24.380696449821485
0.005207941379533119	24.110809312786966
0.00533734843386518	23.81882271644073
0.0054737850448307885	23.505505480210005
0.005617818153309954	23.171659257321522
0.005770037676149369	22.81811740478984
0.005931061457201264	22.44574355261543
0.006101540424477977	22.055429905562836
0.0062821641549190305	21.64809531998297
0.006473667013894614	21.224683204474033
0.0066768350070223826	20.7861592960239
0.006892513459829292	20.33350936244793
0.0071216156275826035	19.86773687765564
0.007365132334014184	19.389860709153993
0.007624142744013807	18.900912848149993
0.007899826391600903	18.401936202591916
0.008193476610208653	17.89398246351061
0.00850651554698033	17.378110045862808
0.008840510985930382	16.8553820973338
0.009197195256316683	16.326864562612965
0.00957848656275816	15.793624286536232
0.009986513143512503	15.256727137230707
0.01042364074463253	14.717236129677426
0.010892503992989222	14.176209530735207
0.011396042426965342	13.634698926776679
0.011937541836417043	13.093747241560678
0.01252068200587113	12.554386693154933
0.013149592187221911	12.017636675311278
0.01382891554601702	11.48450156033055
0.014563884360430395	10.955968419134885
0.015360408054492292	10.433004657635296
0.01622517659339521	9.916555570950356
0.01716578232267944	9.407541819253257
0.018190864023425752	8.906856831024697
0.01931027781931611	8.415364141230873
0.020535300656652634	7.933894673561467
0.02187887344778327	7.463243977274799
0.023355892704058884	7.004169430546321
0.024983561694668907	6.5573874235181915
0.02678181499581194	6.123570535519154
0.02877383393171883	5.703344722314371
0.030986675110713964	5.297286530695631
0.03345204037101348	4.905920359361741
0.036207224438778295	4.5297157869201135
0.03929628710465345	4.169084989918599
0.04277151061901889	3.8243802762390695
0.04669522150415386	3.4958917618942844
0.0511420807712405	3.1838452223019647
0.056201979982156106	2.888400152473511
0.06198372606304561	2.6096480741664005
0.06861976004005467	2.3476111319177075
0.07627224080366395	2.1022410238455893
0.08514094459385368	1.8734183171064438
0.09547359874355918	1.6609522016337304
0.10757950592348693	1.4645807392262356
0.12184765495807261	1.28397166764352
0.13877100492262878	1.1187238209357908
0.15897934970746888	0.9683691959289081
0.183284213084692	0.8323758155309425
0.21274278730367963	0.7101438926476157
0.24873153943909818	0.6010558483435565
0.29310267193751544	0.5043661632255718
0.3483091350174352	0.4193636161659415
0.4176958466965826	0.3452598628098914
0.5058524342350804	0.2812454260966199
0.619165663303377	0.22649034746380953
0.7666494708158607	0.1801536292025379
0.9612195005389921	0.14139321455932882
1.2216847897745737	0.10937631049571435
1.5759190811252632	0.08328981009466516
2.0660130572061677	0.06235052613624118
2.7568277897190145	0.0458149088992541
3.7505290477195277	0.03298789523112364
5.211912401274105	0.023230527961113225
7.413744843028486	0.015966000941778812
10.820367220848409	0.01068383012850581
16.246849613051367	0.006941927981988625
25.172712996224032	0.004366466715256552
403048.95510362135	1.7962321527650724e-07
0.7	88
0.004239960581234082	25.705069603484105
0.004364574339469231	25.663117800306125
0.0044916787426918375	25.59365302357947
0.004618788022585604	25.497146481433376
0.004746518788614485	25.374103352162855
0.004876026821751955	25.225058970428897
0.005008417044801406	25.05058000845284
0.0051446641521342654	24.851265741855748
0.005285635440928612	24.627748948532773
0.0054321250146630185	24.380696449821485
0.0055848821590878325	24.110809312786966
0.005744632651808003	23.81882271644073
0.005912094681176058	23.505505480210005
0.006087991134609171	23.171659257321522
0.00627305961547255	22.81811740478984
0.006468061168028205	22.44574355261543
0.006673788409017007	22.055429905562836
0.006891073568553782	21.64809531998297
0.007120796807866324	21.224683204474033
0.007363895088396429	20.7861592960239
0.007621371804084213	20.33350936244793
0.00789430734935263	19.86773687765564
0.008183870775343867	19.389860709153993
0.008491332683770116	18.900912848149993
0.00881807951942759	18.401936202591916
0.009165629447387837	17.89398246351061
0.009535650037754752	17.378110045862808
0.009929978028654335	16.8553820973338
0.010350641496325292	16.326864562612965
0.010799884830003948	15.793624286536232
0.01128019698977143	15.256727137230707
0.011794343619577213	14.717236129677426
0.012345403698170975	14.176209530735207
0.012936811615558383	13.634698926776679
0.013572405435994774	13.093747241560678
0.014256482625921017	12.554386693154933
0.014993864795623608	12.017636675311278
0.015789972906133393	11.48450156033055
0.016650915018008368	10.955968419134885
0.017583589011078343	10.433004657635296
0.018595803224738274	9.916555570950356
0.01969641861459879	9.407541819253257
0.020895516826604336	8.906856831024697
0.0222045995973568	8.415364141230873
0.023636826155433787	7.933894673561467
0.025207296896035753	7.463243977274799
0.02693339362622034	7.004169430546321
0.028835189256549935	6.5573874235181915
0.030935943114419846	6.123570535519154
0.033262702297556845	5.703344722314371
0.035847034971445764	5.297286530695631
0.03872592864453085	4.905920359361741
0.04194289577415429	4.5297157869201135
0.04554934131052092	4.169084989918599
0.04960626299563399	3.8243802762390695
0.05418637681511657	3.4958917618942844
0.059376788922175	3.1838452223019647
0.06528237438032024	2.888400152473511
0.07203007611634425	2.6096480741664005
0.07977441011566716	2.3476111319177075
0.08870456315090818	2.1022410238455893
0.09905360885128443	1.8734183171064438
0.11111056373987885	1.6609522016337304
0.1252362821890279	1.4645807392262356
0.14188458570857637	1.28397166764352
0.16163059439538957	1.1187238209357908
0.1852090689275821	0.9683691959289081
0.21356678814496938	0.8323758155309425
0.2479371440913938	0.7101438926476157
0.28992601601778567	0.6010558483435565
0.34169430787112776	0.5043661632255718
0.40610379585010375	0.4193636161659415
0.48705688529281665	0.3452598628098914
0.5899081422863987	0.2812454260966199
0.7221087943774156	0.22649034746380953
0.894175102212647	0.1801536292025379
1.1211753177500379	0.14139321455932882
1.4250533187239072	0.10937631049571435
1.8383284723727484	0.08328981009466516
2.410106575937478	0.06235052613624118
3.2160588805828185	0.0458149088992541
4.375378784377638	0.03298789523112364
6.080327786563217	0.023230527961113225
8.64913404605275	0.015966000941778812
12.623528552849052	0.01068383012850581
18.954426399153064	0.006941927981988625
29.36793539182392	0.004366466715256552
470223.7807446217	1.7962321527650724e-07
0.8	88
0.004287764420260799	25.705069603484105
0.004455886271494717	25.663117800306125
0.004621641826139742	25.59365302357947
0.004783762725083687	25.497146481433376
0.004944067964715327	25.374103352162855
0.005104589103337083	25.225058970428897
0.005267047083014755	25.05058000845284
0.005432862085621027	24.851265741855748
0.00560323796236988	24.627748948532773
0.005779235090740304	24.380696449821485
0.005961822938642546	24.110809312786966
0.006151916869750826	23.81882271644073
0.006350404317521326	23.505505480210005
0.006558164115908389	23.171659257321522
0.006776081554795732	22.81811740478984
0.007005060878855144	22.44574355261543
0.007246036393556037	22.055429905562836
0.007499982982188531	21.64809531998297
0.007767926601838035	21.224683204474033
0.008050955169770472	20.7861592960239
0.008350230148339135	20.33350936244793
0.008666999071122658	19.86773687765564
0.00900260921667355	19.389860709153993
0.009358522623526423	18.900912848149993
0.00973633264725428	18.401936202591916
0.010137782284567024	17.89398246351061
0.010564784528529178	17.378110045862808
0.011019445071378288	16.8553820973338
0.011504087736333896	16.326864562612965
0.012021283097249735	15.793624286536232
0.012573880836030359	15.256727137230707
0.013165046494521899	14.717236129677426
0.013798303403352733	14.176209530735207
0.014477580804151426	13.634698926776679
0.015207269035572506	13.093747241560678
0.015992283245970903	12.554386693154933
0.016838137404025306	12.017636675311278
0.017751030266249773	11.48450156033055
0.018737945675586343	10.955968419134885
0.019806769967664395	10.433004657635296
0.02096642985608134	9.916555570950356
0.022227054906518138	9.407541819253257
0.023600169629782928	8.906856831024697
0.025098921375397504	8.415364141230873
0.026738351654214947	7.933894673561467
0.028535720344288237	7.463243977274799
0.030510894548381788	7.004169430546321
0.03268681681843096	6.5573874235181915
0.035090071233027764	6.123570535519154
0.03775157066339487	5.703344722314371
0.040707394832177564	5.297286530695631
0.04399981691804824	4.905920359361741
0.04767856710953029	4.5297157869201135
0.0518023955163884	4.169084989918599
0.05644101537224908	3.8243802762390695
0.06167753212607927	3.4958917618942844
0.0676114970731095	3.1838452223019647
0.07436276877848441	2.888400152473511
0.08207642616964288	2.6096480741664005
0.09092906019127964	2.3476111319177075
0.10113688549815243	2.1022410238455893
0.11296627310871522	1.8734183171064438
0.12674752873619854	1.6609522016337304
0.1428930584545689	1.4645807392262356
0.16192151645908015	1.28397166764352
0.18449018386815033	1.1187238209357908
0.21143878814769534	0.9683691959289081
0.24384936320524675	0.8323758155309425
0.283131500879108	0.7101438926476157
0.3311204925964732	0.6010558483435565
0.3902859438047402	0.5043661632255718
0.46389845668277246	0.4193636161659415
0.5564179238890509	0.3452598628098914
0.6739638503377172	0.2812454260966199
0.8250519254514543	0.22649034746380953
1.0217007336094333	0.1801536292025379
1.2811311349610834	0.14139321455932882
1.6284218476732415	0.10937631049571435
2.1007378636202336	0.08328981009466516
2.754200094668789	0.06235052613624118
3.675289971446622	0.0458149088992541
5.000228521035749	0.03298789523112364
6.948743171852328	0.023230527961113225
9.884523249077015	0.015966000941778812
14.4266898848497	0.01068383012850581
21.662003185254765	0.006941927981988625
33.563157787423805	0.004366466715256552
537398.6063856222	1.7962321527650724e-07
0.9	88
0.004335568259287515	25.705069603484105
0.004547198203520203	25.663117800306125
0.004751604909587647	25.59365302357947
0.0049487374275817685	25.497146481433376
0.005141617140816168	25.374103352162855
0.005333151384922211	25.225058970428897
0.005525677121228105	25.05058000845284
0.005721060019107789	24.851265741855748
0.005920840483811151	24.627748948532773
0.00612634516681759	24.380696449821485
0.00633876371819726	24.110809312786966
0.006559201087693646	23.81882271644073
0.006788713953866596	23.505505480210005
0.007028337097207607	23.171659257321522
0.0072791034941189145	22.81811740478984
0.007542060589682084	22.44574355261543
0.007818284378095066	22.055429905562836
0.008108892395823283	21.64809531998297
0.008415056395809745	21.224683204474033
0.00873801525114452	20.7861592960239
0.009079088492594055	20.33350936244793
0.009439690792892686	19.86773687765564
0.009821347658003233	19.389860709153993
0.010225712563282731	18.900912848149993
0.010654585775080966	18.401936202591916
0.01110993512174621	17.89398246351061
0.0115939190193036	17.378110045862808
0.012108912114102238	16.8553820973338
0.012657533976342504	16.326864562612965
0.013242681364495518	15.793624286536232
0.013867564682289288	15.256727137230707
0.014535749369466581	14.717236129677426
0.015251203108534481	14.176209530735207
0.016018349992744468	13.634698926776679
0.016842132635150234	13.093747241560678
0.01772808386602079	12.554386693154933
0.018682410012427004	12.017636675311278
0.019712087626366146	11.48450156033055
0.020824976333164314	10.955968419134885
0.022029950924250443	10.433004657635296
0.0233370564874244	9.916555570950356
0.024757691198437487	9.407541819253257
0.02630482243296151	8.906856831024697
0.027993243153438197	8.415364141230873
0.029839877152996106	7.933894673561467
0.031864143792540725	7.463243977274799
0.034088395470543244	7.004169430546321
0.03653844438031199	6.5573874235181915
0.039244199351635665	6.123570535519154
0.042240439029232885	5.703344722314371
0.045567754692909364	5.297286530695631
0.04927370519156561	4.905920359361741
0.053414238444906295	4.5297157869201135
0.05805544972225586	4.169084989918599
0.06327576774886418	3.8243802762390695
0.06916868743704198	3.4958917618942844
0.075846205224044	3.1838452223019647
0.08344316317664853	2.888400152473511
0.09212277622294152	2.6096480741664005
0.10208371026689213	2.3476111319177075
0.11356920784539669	2.1022410238455893
0.126878937366146	1.8734183171064438
0.1423844937325182	1.6609522016337304
0.16054983472010992	1.4645807392262356
0.1819584472095839	1.28397166764352
0.207349773340911	1.1187238209357908
0.23766850736780856	0.9683691959289081
0.2741319382655241	0.8323758155309425
0.3183258576668223	0.7101438926476157
0.3723149691751607	0.6010558483435565
0.4388775797383527	0.5043661632255718
0.5216931175154411	0.4193636161659415
0.6257789624852851	0.3452598628098914
0.7580195583890355	0.2812454260966199
0.927995056525493	0.22649034746380953
1.1492263650062196	0.1801536292025379
1.441086952172129	0.14139321455932882
1.8317903766225752	0.10937631049571435
2.3631472548677186	0.08328981009466516
3.0982936134001	0.06235052613624118
4.134521062310426	0.0458149088992541
5.6250782576938585	0.03298789523112364
7.817158557141439	0.023230527961113225
11.119912452101275	0.015966000941778812
16.229851216850342	0.01068383012850581
24.369579971356465	0.006941927981988625
37.75838018302369	0.004366466715256552
604573.4320266226	1.7962321527650724e-07
