# Table format: T1D
# table_unit = degC
# axis1_unit = kJ/kg/K
# axis2_unit = barA
# This file was automatically generated by generate_data_files.py
1.0	118
-1.5635789763600088	-107.38000000000034
-1.5305239499479275	-103.95334021176726
-1.4972887205795897	-100.45584735781526
-1.4638611265474806	-96.8860572358277
-1.430229250620288	-93.24247537671346
-1.3963814332698647	-89.52357641895816
-1.362306269263385	-85.7278034700401
-1.327992587427976	-81.85356745464836
-1.29342941431305	-77.89924644942741
-1.258605923297878	-73.86318500396729
-1.2235113713715964	-69.74369344776355
-1.1881350263175765	-65.53904718284537
-1.1524660873494468	-61.247485961784605
-1.1164936023708434	-56.867213150780344
-1.0802063849786228	-52.39639497750946
-1.043592934122566	-47.83315976342996
-1.006641359003555	-43.1755971402151
-0.9693393113700768	-38.42175724999109
-0.9316739268936108	-33.569649929040594
-0.893631776798617	-28.617243874634568
-0.8551988304197375	-23.562465794640843
-0.8163604288795159	-18.403199539554294
-0.7771012696402636	-13.13728521658419
-0.7374054012928732	-7.762518285429337
-0.697256227607028	-2.2766486353618234
-0.6566365195792377	3.32262035676564
-0.6155284339703212	9.037632787989025
-0.5739135366117776	14.870781210569533
-0.5317728285652156	20.824507633623398
-0.4890867730233217	26.9013045454509
-0.44583532062135145	33.10371595700104
-0.4019979305585098	39.434338466904535
-0.3575535845741315	45.89582234852287
-0.31248079034042897	52.4908726594673
-0.26675757016139323	59.222250374055704
-0.22036142992205895	66.09277353917116
-0.1732693018896648	73.10531845402454
-0.1254574530438681	80.26282087429416
-0.0769013478193565	87.56827724116329
-0.02757545002802317	95.02474593575727
0.015450596926279403	98.7436814119128
0.03395731139651813	98.7436814119128
0.05246402586675686	98.7436814119128
0.07097074033699557	98.7436814119128
0.0894774548072343	98.7436814119128
0.10798416927747304	98.7436814119128
0.12649088374771172	98.7436814119128
0.14499759821795047	98.7436814119128
0.16350431268818924	98.7436814119128
0.18201102715842785	98.7436814119128
0.20051774162866665	98.7436814119128
0.21902445609890545	98.7436814119128
0.23753117056914405	98.7436814119128
0.25603788503938285	98.7436814119128
0.27454459950962157	98.7436814119128
0.29305131397986034	98.7436814119128
0.311558028450099	98.7436814119128
0.3300647429203378	98.7436814119128
0.34857145739057654	98.7436814119128
0.36707817186081515	98.7436814119128
0.38558488633105387	98.7436814119128
0.4040916008012926	98.7436814119128
0.42259831527153124	98.7436814119128
0.4411050297417702	98.7436814119128
0.45961174421200884	98.7436814119128
0.4781184586822476	98.7436814119128
0.4966251731524863	98.7436814119128
0.515131887622725	98.7436814119128
0.5336386020929637	98.7436814119128
0.5521453165632024	98.7436814119128
0.5706520310334411	98.7436814119128
0.5891587455036799	98.7436814119128
0.6076654599739186	98.7436814119128
0.6261721744441574	98.7436814119128
0.6446788889143962	98.7436814119128
0.6631856033846348	98.7436814119128
0.6816923178548734	98.7436814119128
0.7001990323251123	98.7436814119128
0.738860062907941	102.46201118772677
0.7654016190190814	107.36933685894348
0.7922262466564125	112.34077614880425
0.8193386187805846	117.37716669401146
0.8467432064825816	122.47935707489154
0.8744442821760995	127.64820695836949
0.9024459224008324	132.88458724281514
0.9307520103659054	138.18938020478095
0.9593662383410602	143.56347964765627
0.9882921099850628	149.007791052264
1.017532942685364	154.52323172942465
1.0470918699698213	160.11073097451396
1.0769718440399383	165.7712302240406
1.107175638465268	171.5056832142671
1.137705851069991	177.31505614190553
1.1685649070352484	183.2003278269114
1.199755062234074	189.16248987740488
1.2312784068100173	195.20254685674797
1.2631368690052167	201.3215164528005
1.2953322192392025	207.52042964939227
1.3278660744353812	213.80033090003184
1.3607399025886489	220.16227830388863
1.393955027564125	226.6073437840688
1.4275126341141777	233.1366132682253
1.4614137730982584	239.75118687152462
1.4956593668878169	246.4521790820054
1.5302502149365065	253.24071894835936
1.5651869994942462	260.1179502701618
1.6004702914422115	267.0850317905928
1.6361005562245947	274.1431373916712
1.6720781598520926	281.2934562920444
1.708403374951241	288.53719324735766
1.7450763868333115	295.8755687532432
1.7820972995561533	303.3098192509615
1.81946614195232	310.84119733573027
1.857182873596922	318.4709719677718
1.8952473906890237	326.20042868612086
1.9336595318209202	334.03086982522484
1.9724190836102962	341.9636147343748
2.011525786171219	349.9999999999999
10.0	120
-1.564770037297646	-107.38000000000025
-1.521141410063336	-102.84591816411586
-1.477193417979383	-98.18782174118618
-1.4328984808874534	-93.40231872851865
-1.3882297836561324	-88.48592434657124
-1.3431612758913507	-83.43505850136057
-1.2976675844017074	-78.24604317744894
-1.2517238440350684	-72.91509975963473
-1.2053054595757868	-67.43834628138214
-1.1583878166116393	-61.811794597993725
-1.1109459622969353	-56.03134748246271
-1.0629542777217047	-50.09279564189163
-1.0143861623784716	-43.991814652308705
-0.9652137484144496	-37.7239618096402
-0.9154076584793329	-31.284672894558526
-0.8649368165484166	-24.669258848838638
-0.8137683165823965	-17.87290236080983
-0.7618673496415886	-10.890654357412927
-0.7091971863425861	-3.7174304003102634
-0.6557192084423419	3.651993016577876
-0.6013929808563184	11.22298227080364
-0.5461763534645588	19.001050519161765
-0.4900255804563949	26.991861712341006
-0.4328954434695725	35.20123471938933
-0.37473936309063405	43.635147564980684
-0.31550948101750736	52.299741782584874
-0.2551566918378226	61.2013268867031
-0.19363059822731477	70.34638496742161
-0.13087935531956602	79.74157541064244
-0.06684935724273737	89.39373974740971
-0.0014846982708113501	99.30990663588358
0.06527369285407258	109.49729697957002
0.13348940453284605	119.96332918555004
0.20323264094200932	130.71562456652424
0.2745835179043384	141.76201289061805
0.3476373777765821	153.11053808297874
0.4225137287351231	164.76946408331793
0.49937222024556105	176.74728086367787
0.5784437399638309	189.052710610784
0.6600988613163554	201.6947140774953
0.6912933731802032	206.49112533080324
0.7011038843654438	206.49112615297474
0.710914391252016	206.49112615297474
0.7207248981385883	206.49112615297474
0.7305354050251606	206.49112615297474
0.7403459119117326	206.49112615297474
0.750156418798305	206.49112615297474
0.7599669256848772	206.49112615297474
0.7697774325714493	206.49112615297474
0.7795879394580215	206.49112615297474
0.7893984463445939	206.49112615297474
0.7992089532311659	206.49112615297474
0.8090194601177382	206.49112615297474
0.8188299670043103	206.49112615297474
0.8286404738908827	206.49112615297474
0.8384509807774548	206.49112615297474
0.848261487664027	206.49112615297474
0.8580719945505991	206.49112615297474
0.8678825014371714	206.49112615297474
0.8776930083237436	206.49112615297474
0.8875035152103158	206.49112615297474
0.897314022096888	206.49112615297474
0.9071245289834603	206.49112615297474
0.9169350358700324	206.49112615297474
0.9267455427566047	206.49112615297474
0.936556049643177	206.49112615297474
0.946366556529749	206.49112615297474
0.9561770634163214	206.49112615297474
0.9659875703028936	206.49112615297474
0.9757980771894658	206.49112615297474
0.9856085840760379	206.49112615297474
0.9954190909626102	206.49112615297474
1.0052295978491823	206.49112615297474
1.0150401047357545	206.49112615297474
1.0248506116223268	206.49112615297474
1.034661118508899	206.49112615297474
1.0444716253954711	206.49112615297474
1.0542821322820435	206.49112615297474
1.0640926391686159	206.49112615297474
1.0739032289941233	206.4911422352725
1.1014058681786174	211.28755365762515
1.1192257508252652	214.42538402491033
1.1370382475626175	217.58353895072656
1.154852279722636	220.76215008262312
1.172675517219118	223.9613499208665
1.1905146126320278	227.18127182396108
1.2083753814198364	230.42205001421075
1.2262629427000629	233.6838195833131
1.2441818306750947	236.96671649798873
1.262136083871039	240.27087760565246
1.280129317376144	243.5964406401148
1.2981647818904103	246.94354422732602
1.3162454124270808	250.31232789115154
1.334373868810616	253.7029320591912
1.3525525696091936	257.1154980686322
1.3707837207665108	260.550168172138
1.3890693399193124	264.0070855437823
1.407411277176884	267.4863942850134
1.4258112329788664	270.9882394306644
1.4442707735244658	274.5127669549971
1.4627913441705742	278.06012377778643
1.4813742811215553	281.63045777044715
1.5000208216742104	285.223917762194
1.5187321132348262	288.8406535462502
1.5375092212873087	292.48081588608864
1.5563531364614847	296.1445565217166
1.5752647808259634	299.8320281760027
1.5942450135100326	303.54338456104017
1.6132946357427564	307.27878038455833
1.6324143953838592	311.03837135636877
1.6516049910099047	314.8223141948555
1.6708670756100454	318.63076663351103
1.6902012599376812	322.46388742750764
1.709608115558106	326.32183636031846
1.729088177626567	330.2047742503752
1.7486419474266277	334.1128629577739
1.7682698946947604	338.0462653910221
1.787972459753737	342.0051455138263
1.8077500554746202	345.9896683519329
1.8276030690845382	350.0
20.0	120
-1.5660881639941013	-107.38000000000031
-1.5186398480029721	-102.44425020121128
-1.4708121902526041	-97.36153999899417
-1.4225699368147207	-92.12749369339375
-1.3738789081242613	-86.73760529935936
-1.324705969394755	-81.18723466754778
-1.2750188595129968	-75.47160348962271
-1.2247858925782116	-69.5857911846158
-1.1739755587857754	-63.52473066280146
-1.1225560596464084	-57.283203963446
-1.0704948161032135	-50.85583776267006
-1.0177579872173297	-44.23709874755963
-0.9643100325426386	-37.42128885254306
-0.9101133442195815	-30.4025403539315
-0.8551279663859446	-23.174810818402932
-0.7993114108153627	-15.73187790107562
-0.7426185695981522	-8.06733398870125
-0.6850017187176182	-0.17458068335218968
-0.6264106007859446	7.953176878127465
-0.56679257095305	16.322935873814913
-0.5060927868412605	24.941901820572866
-0.444254420877945	33.817494777268735
-0.38121887106635677	42.957355732698716
-0.316925943404699	52.36935318370547
-0.2513139750293699	62.0615899091585
-0.18431986064060765	72.04240994562963
-0.11587893427095378	82.32040577076424
-0.04592464140771472	92.9044257005371
0.025612091555735333	103.80358150675812
0.09880393066577699	115.0272562613863
0.1737288722927233	126.58511241440925
0.2504730145484359	138.48710011223335
0.32913501065964645	150.74346576375603
0.40983341698972753	163.3647608614902
0.49271937955756767	176.36185106532986
0.5780000668797165	189.74592555678765
0.665986380251562	203.52850667174818
0.7572051351387609	217.72145982003883
0.8527311571791479	232.33700370034273
0.9557283445023622	247.38772081926902
0.994895363889248	252.64567759522095
1.00034340552872	252.64567796480753
1.0057914452535341	252.64567796480753
1.0112394849783486	252.64567796480753
1.016687524703163	252.64567796480753
1.0221355644279773	252.64567796480753
1.0275836041527917	252.64567796480753
1.0330316438776062	252.64567796480753
1.0384796836024204	252.64567796480753
1.0439277233272348	252.64567796480753
1.0493757630520493	252.64567796480753
1.0548238027768637	252.64567796480753
1.0602718425016782	252.64567796480753
1.0657198822264922	252.64567796480753
1.0711679219513066	252.64567796480753
1.076615961676121	252.64567796480753
1.0820640014009355	252.64567796480753
1.08751204112575	252.64567796480753
1.0929600808505644	252.64567796480753
1.0984081205753786	252.64567796480753
1.103856160300193	252.64567796480753
1.1093042000250075	252.64567796480753
1.114752239749822	252.64567796480753
1.1202002794746364	252.64567796480753
1.1256483191994509	252.64567796480753
1.131096358924265	252.64567796480753
1.1365443986490793	252.64567796480753
1.1419924383738937	252.64567796480753
1.1474404780987084	252.64567796480753
1.1528885178235226	252.64567796480753
1.1583365575483369	252.64567796480753
1.1637845972731513	252.64567796480753
1.1692326369979658	252.64567796480753
1.1746806767227802	252.64567796480753
1.1801287164475947	252.64567796480753
1.185576756172409	252.64567796480753
1.191024795897223	252.64567796480753
1.1964728356220375	252.64567796480753
1.201920875346852	252.64567796480753
1.2073689219409325	252.64567929410055
1.2450454954186825	257.90363608704195
1.2596341314997672	260.08575695912475
1.2738858796350296	262.27684425413975
1.2878772109827397	264.4769348154799
1.3016619693474767	266.68606563793196
1.3152797131522003	268.90427386829344
1.3287604867576146	271.1315968060013
1.342127725636319	273.36807190375714
1.355400115279348	275.6137367681557
1.3685928296777665	277.8686291603209
1.3817183846230674	280.13278699653665
1.3947872425359802	282.4062483488882
1.4078082517187167	284.6890514458988
1.420788972145705	286.98123467317555
1.4337359215943488	289.28283657405393
1.4466547646433618	291.59389585024326
1.4595504599158513	293.91445136248285
1.4724273762882485	296.2445421311892
1.4852893856832943	298.58420733711785
1.4981399379529057	300.9334863220183
1.510982121892257	303.2924185892974
1.5238187153929057	305.661043804683
1.5366522270025154	308.0394017968903
1.54948493062073	310.42753255829325
1.562318894664555	312.825476245597
1.575156006741603	315.23327318050895
1.5879979946471503	317.65096385042364
1.6008464443317354	320.0785889090977
1.6137028153559614	322.5161891773365
1.6265684542484324	324.9638056436801
1.6394446061038344	327.4214794650908
1.6523324246961566	329.8892519676484
1.6652329813326916	332.3671646472411
1.6781472726352313	334.8552591702677
1.691076227402935	337.353577374334
1.7040207126860634	339.86216126895863
1.7169815391786178	342.3810530362805
1.7299594660209996	344.91029503176435
1.7429552050898292	347.44992978491734
1.7559694248402393	349.9999999999999
30.000000000000004	89
-1.5674008077806147	-107.38000000000011
-1.3273626566629346	-81.33700411090652
-1.1083768293478748	-55.37178682338376
-0.9072616559960307	-29.838822797132195
-0.7216025864029489	-4.987438173877877
-0.5495361359333693	18.99925848572542
-0.38973234222212844	41.97869349187374
-0.241281682689224	63.8400567439798
-0.10354408220749883	84.50202538141338
0.023976925651477812	103.91097909098306
0.14171768540419727	122.03827051465476
0.25010169757476797	138.8768641771914
0.34956220872668653	154.43788198004268
0.4405499442693067	168.74737825625277
0.5235326777059136	181.8434502701317
0.5989907042928526	193.77367019844564
0.6674105426845599	204.59278753643088
0.7292781709149422	214.3606608192042
0.7850725604199752	223.1404050177416
0.8352599918925689	230.99676711096515
0.88028947701986	237.99475740305223
0.9205894890350647	244.19856500581852
0.9565660850339945	249.6707737669119
0.9886023748560647	254.47187358357394
1.0170591617572937	258.660036471337
1.0422764635892792	262.29110213634567
1.0645755365241276	265.41869884547873
1.0842609818684705	268.09441586238563
1.1016225310011705	270.36794598740653
1.1169361773411839	272.28713134557984
1.1304644510126527	273.8978708775056
1.142455794045759	275.2438801351834
1.1531431644931744	276.36632730548047
1.162742144831357	277.30339747041126
1.1714489240959391	278.0898543381759
1.1794385457469243	278.75667175413275
1.1868637622145288	279.33079628387304
1.1938547277760991	279.8350804343063
1.2005196216991263	280.28839924927024
1.2069461550610758	280.7059371561048
1.213203803677814	281.099611887135
1.219346541308848	281.47859063122337
1.2254158244457676	281.84985047907264
1.231443595386284	282.21873912496085
1.2374551115617478	282.5895002219397
1.2423166236442713	282.8930173401244
1.247191410269478	283.2018862309169
1.252089286765564	283.5178810113458
1.2570202858423445	283.8428677400075
1.2619950253169654	284.1788705185786
1.2670249740376138	284.5281186990502
1.2721226290048344	284.893077670279
1.2773016178601102	285.2764658963488
1.282576741061732	285.68126089405223
1.28796396744316	286.1106967122196
1.2934803956756724	286.56825525272257
1.2991441926347753	287.0576534877018
1.3049745179665944	287.5828283101399
1.310991442401466	288.1479204296613
1.3172158656701913	288.7572584109805
1.3236694383178411	289.4153436621226
1.330374490327582	290.1268369220285
1.3373539682886013	290.89654657712856
1.3446313818749358	291.72941895538315
1.3522307596403562	292.6305306031097
1.3601766135623985	293.6050824418994
1.3684939113649488	294.6583956261487
1.3772080553884407	295.7959088717205
1.3863448666343392	297.023176998337
1.3959305725614386	298.34587041799364
1.4059917972330522	299.7697753048461
1.416555552486956	301.3007941950224
1.4276492289071365	302.94494678461376
1.4393005855050616	304.7083707182128
1.451537737157838	306.59732218689317
1.46438913899396	308.6181761820193
1.4778835670592534	310.77742627877785
1.4920500947328965	313.0816838501578
1.506918064494529	315.5376766379369
1.5225170547679672	318.1522466318961
1.5388768416851408	320.93234723191904
1.5560273557263136	323.8850396899346
1.57399863330039	327.01748884983874
1.5928207634326346	330.3369582236678
1.6125238298271152	333.8508044613553
1.6331378486676913	337.56647128930524
1.6546927026134572	341.491483009578
1.6772180715319518	345.633437666439
1.7007433605936668	350.0
40.0	89
-1.5687080385387318	-107.38000000000056
-1.3276862101899691	-81.22170344352156
-1.1077223983786189	-55.12051562794238
-0.9056030006797819	-29.431552813268667
-0.7188883219735076	-4.404335511153761
-0.5456968880164368	19.77795849928833
-0.38468755685689393	42.97279555686134
-0.23494384076613278	65.06965267674946
-0.09582032192187763	85.98783044844708
0.033184859173072255	105.67467149788365
0.1525143047195402	124.10278190752047
0.262598888400707	141.26660335574104
0.36388028124992344	157.17889160906196
0.456818460467367	171.86742925524925
0.5418909769793135	185.37207726294696
0.6195880863275143	197.7421480840008
0.6904060788619727	209.0340459783484
0.7548401179208076	219.30913119920712
0.8133773507029046	228.63179359981183
0.866490780281778	237.0677490221691
0.9146342335888857	244.68258859656498
0.9582386459551135	251.54061353563486
0.9977097693359429	257.70397724746545
1.0334272886825857	263.23213630124053
1.06574520543765	268.1815868498438
1.0949932330098546	272.6058386513739
1.1214788625305991	276.55555943861145
1.14548971240222	280.07881162974525
1.1672957811527858	283.22130335338466
1.1871512813967993	286.0265867695106
1.2052958358146697	288.5361570445559
1.2219549478952905	290.78943163326653
1.2373397983421301	292.8236170626259
1.2516465382104234	294.67349425066425
1.26505533121582	296.37116939501175
1.2777294278709088	297.945843285097
1.2898145320506156	299.42364746063186
1.3014386560588265	300.82758303025344
1.312712570643429	302.1775806717566
1.323730861566547	303.4906822497326
1.334573521664186	304.78132892558915
1.3453079483090595	306.06172972026
1.3559911852956748	307.34227897696724
1.3666722437704302	308.6319906645849
1.3773943532815702	309.93892083477147
1.3820790149390132	310.51442646677253
1.386782036591524	311.09520147768364
1.3915064822854393	311.6818389498094
1.396255395188783	312.2749326968444
1.4010318174310397	312.8750810070751
1.4058388076786197	313.48288996090446
1.4106794564896017	314.0989763305407
1.4155568995182621	314.7239700748105
1.4204743286621297	315.35851644633215
1.42543500126279	316.00327773180754
1.430442247485802	316.65893464894725
1.4354994760157707	317.3261874256083
1.4406101782094776	318.0057565881066
1.4457779308539875	318.6983834864783
1.45100639767755	319.40483058470795
1.4562993297595868	320.12588154372077
1.4616605649825278	320.862341124317
1.4670940266625538	321.61503493622183
1.472603721489556	322.38480905817346
1.4781937368982325	323.17252955245635
1.4838682379834573	323.97908189562304
1.4896314640632173	324.805370345353
1.4954877249824985	325.6523172615116
1.5014413972413858	326.5208623975842
1.5074969200204686	327.41196217673973
1.513658791166824	328.32658896491796
1.519931563194251	329.2657303515208
1.5263198393424708	330.23038844655787
1.532828269731298	331.22157920147174
1.5394615476380824	332.24033175935085
1.5462244059193218	333.2876878388464
1.5531216135908725	334.36470115484394
1.5601579725752863	335.4724368778034
1.5673383146196394	336.6119711326835
1.5746674983827935	337.7843905374899
1.582150406687154	338.9907917807377
1.5897919439268409	340.2322812364921
1.5975970336216188	341.50997461513737
1.6055706161038452	342.82499664760996
1.6137176463242713	344.1784808005301
1.6220430917613748	345.5715690194363
1.630551930418328	347.00541149719174
1.6392491488914749	348.4811664645679
1.6481397404942026	349.9999999999998
50.00000000000001	89
-1.5700099246273758	-107.3799999999996
-1.328008204928552	-81.10689992035901
-1.1070702790560154	-54.87026014964971
-0.9039505998616982	-29.02584333389177
-0.7161843949510535	-3.823379729307021
-0.541872373370913	20.553859806006358
-0.3796624632032358	43.96335383387935
-0.2286315129118093	66.29483574149685
-0.0881291152761969	87.46819295720854
0.0423515603479641	107.4316838888239
0.16325885927233413	126.15910543696185
0.27503039360563025	143.6462936080569
0.3781154744362939	159.9075304058685
0.4729823664740916	174.97218977607207
0.560117225271757	188.8817261308377
0.6400188616595051	201.68698539128934
0.7131916865834391	213.4457818094511
0.780138153574505	224.22069607318775
0.841351471879716	234.07708077750306
0.8973090911455738	243.08128886691588
0.9484673103829273	251.29915897052774
0.995257254355297	258.79479516199615
1.0380823494796996	265.6296684970325
1.0773173081146024	271.8620472878056
1.113308501093039	277.54673735886036
1.146375478250181	282.73508769584475
1.1768133024819072	287.4751957062398
1.2048953093881474	291.81223348301467
1.2308759011195936	295.78881420715686
1.2549930311145154	299.445326512193
1.2774701286219334	302.82018270730407
1.2985173329102908	305.94995098567676
1.318332036251507	308.86936783829697
1.337098850426516	311.6112503693839
1.3549891953541646	314.20634533756686
1.3721607494503496	316.68316029868095
1.3887569975353053	319.06782183368614
1.4049070702411455	321.3839978799383
1.420726001802994	323.65290822839586
1.4363154562330274	325.8934323558767
1.451764899458869	328.1223097346875
1.467153137601633	330.354416651125
1.4825501048048846	332.60309644931795
1.498018768818246	334.8805171625719
1.5136170262020734	337.1980311776606
1.5154306426446902	337.46895805475526
1.5172468035439661	337.74058247467053
1.5190655908836317	338.01292094937367
1.5208870864056363	338.2859899727856
1.5227113716384957	338.55980602628745
1.5245385279249677	338.834385584105
1.5263686364490532	339.10974511856773
1.5282017782623416	339.38590110524046
1.5300380343096367	339.6628700279283
1.531877485453927	339.94066838355104
1.5337202125006597	340.21931268689025
1.535566296221292	340.49881947520294
1.537415817376188	340.779205312705
1.5392688567367878	341.06048679492574
1.541125495107074	341.34268055292387
1.5429858133443668	341.6258032573786
1.544849892379395	341.9098716225444
1.5467178132356758	342.19490241007475
1.5485896570482074	342.4809124327147
1.5504655050814617	342.7679185578602
1.5523454387466837	343.05593771099086
1.5542295396185208	343.34498687896644
1.5561178894509586	343.6350831132005
1.5580105701925868	343.9262435327006
1.5599076640011909	344.2184853269831
1.5618092532576948	344.5118257588624
1.5637154205794304	344.8062821671132
1.565626248832754	345.10187196900847
1.5675418211450507	345.39861266273874
1.5694622209160798	345.6965218297056
1.571387531828691	345.99561713669857
1.5733178378589483	346.29591633795303
1.5752532232856293	346.5974372770928
1.5771937726991263	346.90019788895734
1.5791395710097786	347.2042162013179
1.5810907034556039	347.5095103364804
1.583047255609471	347.81609851278256
1.585009313385739	348.12399904598396
1.586976963046307	348.43323035054823
1.5889502912061635	348.7438109408264
1.590929384838417	349.0557594321382
1.592914331278782	349.3690945417575
1.5949052182296073	349.68383508979616
1.5969021337633704	349.9999999999999
60.00000000000001	89
-1.5713065329300566	-107.37999999999963
-1.3283286500163571	-80.99258609513421
-1.106420417707594	-54.621004546555724
-0.9023043287331943	-28.62166874552676
-0.7134905962581879	-3.2445332937900275
-0.5380622776720129	21.32701534809121
-0.37465660875524825	44.950442199815484
-0.22234405868764906	67.51570913047317
-0.08046956099244108	88.943257684831
0.05147829638853864	109.18222023924136
0.1739531325385342	128.2075293339534
0.2873987269823278	146.01634290980581
0.3922713357922512	162.6243761662401
0.48904667100399	178.06247773888208
0.5782184902331592	192.37355293556584
0.6602929845904373	205.60981172072337
0.7357813396503224	217.83028304294112
0.8051918002497678	229.09855077207135
0.8690220255928344	239.48069877513467
0.9277522523478537	249.04348375913537
0.9818396388100391	257.8527740124631
1.0317140550943278	265.97229634526343
1.0777754714071952	273.46272312816586
1.1203929677984878	280.38110992252575
1.1599052515412167	286.7806668260895
1.1966224386303421	292.7108188131265
1.2308287525323631	298.2174871263562
1.2627857324562093	303.3435091950586
1.292735534979104	308.1291109880225
1.3209039581178932	312.6123535601106
1.347502907882229	316.82949320347404
1.3727321480845622	320.815218781873
1.396780304080644	324.60275622747065
1.419825209017411	328.2238544180003
1.4420337696115322	331.70868509156844
1.4635615768827657	335.0856998724453
1.484552493316597	338.3814893484405
1.5051384170497695	341.6206835122274
1.5254393668356498	344.8259219396642
1.5455639622570643	348.0179085255601
1.565610304931056	351.21555203457547
1.585667208541422	354.43618220454016
1.6058156847201062	357.69582292828306
1.6261305702707378	361.00949959938544
1.6466821777758625	364.39155682851833
1.6446240191205388	364.0514582829586
1.6425688089145907	363.71216202243727
1.6405164815840507	363.37365436569166
1.638466971379872	363.035921617447
1.6364202123646665	362.69895006577735
1.634376138399256	362.3627259794283
1.6323346831289909	362.02723560510503
1.6302957799698907	361.6924651647196
1.6282593620945573	361.35840085260566
1.6262253624179184	361.02502883269915
1.6241937135827857	360.6923352356853
1.6221643479452068	360.36030615611423
1.6201371975596877	360.02892764948945
1.6181121941642187	359.6981857293249
1.616089269165156	359.3680663641769
1.614068353621954	359.0385554746522
1.61204937823176	358.7096389303905
1.6100322733138654	358.381302547028
1.6080169687940442	358.05353208313704
1.6060033941887677	357.72631323715336
1.603991478589317	357.39963164428116
1.6019811506458164	357.0734728733902
1.5999723385511262	356.7478224238937
1.5979649700247318	356.4226657226229
1.595958972296502	356.09798812068834
1.593954272090421	355.7737748903361
1.59195079560827	355.450011221802
1.5899484685132683	355.126682220162
1.5879472159136858	354.8037729021819
1.585946962346441	354.4812681931718
1.583947631760695	354.15915292384375
1.5819491475014749	353.83741182717813
1.5799514322932582	353.51602953529505
1.5779544082236607	353.194990576343
1.5759579967271002	352.8742793713968
1.5739621185685646	352.55388023137436
1.5719666938273913	352.2337773539698
1.5699716418811822	351.9139548206107
1.5679768813897645	351.5943965934357
1.5659823302792601	351.27508651230005
1.5639879057262815	350.95600829180614
1.5619935241422291	350.6371455183694
1.5599991011577494	350.318481647313
1.5580045516073207	350.0000000000002
70.0	89
-1.5725979289000624	-107.38
-1.328647554636907	-80.87875470886075
-1.1057727624027893	-54.37273338809575
-0.9006640662972705	-28.219004126897232
-0.710806723317647	-2.6677597351726945
-0.5342662968339446	22.09747647231484
-0.369669556798744	45.9341321311843
-0.21608086208507485	68.73237235838837
-0.07284079596611627	90.41316366387582
0.060566274335763864	110.92647542363227
0.18459881267596848	130.2483273026964
0.2997062511106815	148.37713599990957
0.40635117321231656	165.32996957263498
0.5050160042003181	181.13905201267056
0.5962012439866067	195.84862028711842
0.6804194778358824	209.5121097617607
0.758187564586773	222.1896085564893
0.8300183504539564	233.94553652633897
0.8964127114353687	244.84653841312638
0.9578524604587129	254.95961312711825
1.0147945119513007	264.35052137013156
1.06766658673442	273.0825179544298
1.11686462187908	281.21544390118777
1.162751912930571	288.80519039503054
1.2056598683617676	295.90351726215033
1.2458901165670795	302.5581787216652
1.2837175948832364	308.81328423427294
1.319394185478006	314.70980663168325
1.3531524545363482	320.2861458119146
1.3852090993546153	325.57866441555313
1.4157678032710483	330.62213022037884
1.445021323584214	335.4500249990739
1.4731527713866344	340.09470686356485
1.5003361634351122	344.5874382532148
1.5267364178472835	348.9583111234882
1.5525090175218574	353.2361123731357
1.577799575609045	357.44817555557313
1.602743511176479	361.62026038868737
1.6274659906389788	365.77649151858293
1.6520822241978612	369.93937494263935
1.6766981388851827	374.1298969697916
1.701411390941773	378.36769865925737
1.7263126367999184	382.6713097122855
1.7514869567580091	387.0584204259229
1.777015318091041	391.54616852189247
1.7713191010166347	390.541335127775
1.7656433077820048	389.5420979310188
1.759987089959579	388.54827350633707
1.754349594357156	387.5596781340439
1.748729962338386	386.57612766118893
1.7431273291213838	385.5974373588948
1.7375408230573886	384.623421776304
1.7319695648914522	383.6538945915661
1.7264126670073365	382.68866846032245
1.7208692326589117	381.72755486218455
1.7153383551905417	380.77036394571735
1.7098191172489752	379.81690437246766
1.7043105899894426	378.86698316059847
1.6988118322788106	377.9204055287182
1.6933218898985807	376.9769747404945
1.6878397947507846	376.03649195066987
1.6823645640697624	375.0987560531072
1.6768951996428778	374.1635635314859
1.6714306870433193	373.2307083132948
1.665969994878037	372.29998162774564
1.6605120740539332	371.3711718682433
1.6550558570653502	370.44406446002733
1.6496002573058768	369.51844173359666
1.6441441684073026	368.59408280449554
1.638686463608645	367.6707634600341
1.6332259951577963	366.748256053472
1.6277615937484071	365.82632940616975
1.622292067994248	364.9047487181699
1.6168162039432428	363.9832754876255
1.6113327646330053	363.06166743945016
1.6058404896895726	362.1396784635069
1.6003380949705788	361.2170585625895
1.59482427225405	360.29355381040136
1.5892976889734074	359.368906319658
1.5837569879991442	358.44285422037353
1.5782007874671171	357.5151316483169
1.5726276806531105	356.585468743549
1.5670362358929124	355.653591658869
1.5614249965466724	354.71922257791675
1.555792481006034	353.78207974259874
1.550137182741938	352.84187748941736
1.5444575703907457	351.8983262941995
1.5387520878757568	350.9511328246426
1.5330191545609104	349.9999999999998
80.0	89
-1.5738841766039438	-107.37999999999951
-1.3289649280118903	-80.76539868342354
-1.1051272628835673	-54.12543164060506
-0.8990296952193294	-27.817825223761673
-0.7081325797916643	-2.093023608789565
-0.5304841365815719	22.865292993706817
-0.36470088571180487	46.91449280642837
-0.20984133035989136	69.94492143248397
-0.06524199326989583	91.87804447529345
0.06961664455470327	112.66463573346522
0.19519749872418016	132.2817594490689
0.3119551884036573	150.72903605174764
0.4203580746323528	168.0248171950804
0.5208946524289768	184.20261777053156
0.6140714242815603	199.3079068200703
0.7004065390515744	213.3952318942728
0.7804216242772063	226.5256168446868
0.854633179616787	238.76418962299311
0.9235443524582179	250.1780319305584
0.9876376499798053	260.8342759799532
1.0473689972833808	270.7984941965044
1.1031634370878418	280.133431310692
1.1554126404255867	288.8981156958072
1.2044742504070356	297.14736189556527
1.2506729230984592	304.9316447906191
1.2943027815559671	312.29729411750384
1.3356308836489417	319.2869319569917
1.3749012396877616	325.94005983009026
1.4123389115310019	332.29369858649534
1.4481537795739605	338.38299338813374
1.4825436664338032	344.24171562282413
1.515696637430323	349.9026197438733
1.5477924359634472	355.39764125095087
1.5790031355254168	360.75794786928986
1.6094931830301358	366.01387592921776
1.6394190611169908	371.1947959004244
1.6689288084904965	376.3289544850393
1.6981616123702534	381.4433365358061
1.7272476357164006	386.56358028477234
1.7563081763182018	391.7139664056165
1.785456187187131	396.9174877634116
1.8147971280038564	402.1959944143982
1.8444300724214873	407.57039895481535
1.874448969033885	413.0609214132621
1.904943944730253	418.6873506035229
1.8958914561604951	417.0119373704422
1.8868858164264084	415.34956008360075
1.877924782809091	413.6997156798876
1.869006096797276	412.0619005494334
1.8601274815236857	410.43560999601345
1.8512866390929312	408.82033767921484
1.842481247816011	407.21557504168015
1.8337089593680975	405.62081072503463
1.824967395887361	404.035529978339
1.816254147034082	402.4592140631729
1.8075667670301063	400.8913396596222
1.7989027716997734	399.3313782776256
1.7902596355340001	397.7787956782432
1.7816347887998345	396.233051309502
1.7730256147178272	394.6935977614702
1.7644294467297623	393.15988024521187
1.7558435658787848	391.63133610015916
1.7472651983234673	390.1073943343047
1.7386915130064335	388.58747520140344
1.7301196194968615	387.07098981908575
1.7215465660246574	385.5573398314498
1.7129693377222612	384.0459171192922
1.7043848550876766	382.5361035606551
1.695789972679967	381.0272708438383
1.6871814780554797	379.51878033442983
1.6785560909500064	378.00998299725495
1.6699104627087018	376.50021937344457
1.66124117596198	374.98881961208644
1.6525447445417332	373.47510355512907
1.6438176136284393	371.9583808734309
1.635056160115414	370.4379512509922
1.6262566931726197	368.9131046136083
1.6174154549881141	367.38312139734194
1.608528621661326	365.84727285142174
1.5995923042183704	364.3048213693926
1.5906025497158944	362.75502084162076
1.5815553423964557	361.1971170215812
1.5724466048553913	359.6303478977637
1.5632721991762546	358.0539440625115
1.5540279279896967	356.4671290686964
1.5447095354088642	354.86911976482327
1.5353127077931885	353.25912659897415
1.5258330742918451	351.63635388194325
1.5162662071182604	349.9999999999998
