# Table format: T1D
# table_unit = degC
# axis1_unit = kJ/kg/K
# axis2_unit = barA
1.0000000000000000e+000   159
2.4627147312612832e+000   2.0000000000000000e+002
2.4591331490249075e+000   1.9845000000000005e+002
2.4555468215931424e+000   1.9689999999999998e+002
2.4519557301826782e+000   1.9535000000000002e+002
2.4483598557961148e+000   1.9379999999999990e+002
2.4447591792171033e+000   1.9224999999999989e+002
2.4411536810053449e+000   1.9070000000000005e+002
2.4375433414914598e+000   1.8914999999999992e+002
2.4339281407717128e+000   1.8760000000000002e+002
2.4303080587025852e+000   1.8604999999999995e+002
2.4266830748952071e+000   1.8450000000000000e+002
2.4230531687096217e+000   1.8294999999999993e+002
2.4194183192489009e+000   1.8139999999999992e+002
2.4157785053530887e+000   1.7985000000000002e+002
2.4121337055929755e+000   1.7829999999999995e+002
2.4084838982636967e+000   1.7674999999999994e+002
2.4048290613781558e+000   1.7519999999999999e+002
2.4011691726602495e+000   1.7364999999999998e+002
2.3975042095379142e+000   1.7209999999999991e+002
2.3938341491359614e+000   1.7054999999999990e+002
2.3901589682687199e+000   1.6899999999999994e+002
2.3864786434324552e+000   1.6744999999999999e+002
2.3827931507975784e+000   1.6589999999999998e+002
2.3791024662006310e+000   1.6434999999999985e+002
2.3754065651360361e+000   1.6279999999999995e+002
2.3717054227476009e+000   1.6124999999999989e+002
2.3679990138197882e+000   1.5969999999999999e+002
2.3642873127687198e+000   1.5814999999999986e+002
2.3605702936329216e+000   1.5659999999999997e+002
2.3568479300637910e+000   1.5504999999999990e+002
2.3531201953157890e+000   1.5349999999999983e+002
2.3493870622363326e+000   1.5194999999999976e+002
2.3456485032554002e+000   1.5039999999999981e+002
2.3419044903748047e+000   1.4884999999999985e+002
2.3381549951571636e+000   1.4729999999999984e+002
2.3343999887145266e+000   1.4574999999999989e+002
2.3306394416966616e+000   1.4419999999999982e+002
2.3268733242789783e+000   1.4264999999999992e+002
2.3231016061500909e+000   1.4109999999999991e+002
2.3193242564989980e+000   1.3954999999999984e+002
2.3155412440018552e+000   1.3799999999999994e+002
2.3117525368083474e+000   1.3644999999999982e+002
2.3079581025276417e+000   1.3489999999999981e+002
2.3041579082138823e+000   1.3334999999999985e+002
2.3003519203512433e+000   1.3179999999999984e+002
2.2965401048385066e+000   1.3024999999999989e+002
2.2927224269731377e+000   1.2869999999999993e+002
2.2888988514348640e+000   1.2714999999999986e+002
2.2850693422687178e+000   1.2559999999999997e+002
2.2812338628675315e+000   1.2404999999999978e+002
2.2773923759538639e+000   1.2249999999999994e+002
2.2735448435613255e+000   1.2094999999999987e+002
2.2696912270153011e+000   1.1939999999999981e+002
2.2658314869130192e+000   1.1784999999999991e+002
2.2619655831029624e+000   1.1629999999999990e+002
2.2580934746635841e+000   1.1474999999999989e+002
2.2542151198812999e+000   1.1319999999999993e+002
2.2503304762277336e+000   1.1164999999999986e+002
2.2464395003361757e+000   1.1009999999999980e+002
2.2425421479772303e+000   1.0854999999999984e+002
2.2386383740336147e+000   1.0699999999999989e+002
2.2347281324740629e+000   1.0544999999999993e+002
2.2308113763263200e+000   1.0389999999999992e+002
2.2268880576491621e+000   1.0234999999999980e+002
2.2229581275034116e+000   1.0079999999999990e+002
2.2190215359219030e+000   9.9249999999999943e+001
2.2150782318783468e+000   9.7699999999999818e+001
2.2111281632550508e+000   9.6149999999999920e+001
2.2071712768094294e+000   9.4599999999999795e+001
2.2032075181392692e+000   9.3049999999999784e+001
2.1992368316466639e+000   9.1499999999999886e+001
2.1952591605005853e+000   8.9949999999999875e+001
2.1912744465979985e+000   8.8399999999999920e+001
2.1872826305234683e+000   8.6849999999999966e+001
2.1832836515071681e+000   8.5299999999999898e+001
2.1792774473812395e+000   8.3749999999999943e+001
2.1752639545343793e+000   8.2199999999999932e+001
2.1712431078645915e+000   8.0649999999999807e+001
2.1672148407300176e+000   7.9099999999999852e+001
2.1631790848977093e+000   7.7549999999999841e+001
2.1591357704902725e+000   7.5999999999999829e+001
2.1550848259302460e+000   7.4449999999999875e+001
2.1510261778821045e+000   7.2899999999999807e+001
2.1469597511917398e+000   7.1349999999999852e+001
2.1428854688233039e+000   6.9799999999999898e+001
2.1388032517932363e+000   6.8250000000000000e+001
2.1347130191013415e+000   6.6699999999999875e+001
2.1306146876587273e+000   6.5149999999999807e+001
2.1265081722124144e+000   6.3599999999999852e+001
2.1223933852664429e+000   6.2049999999999841e+001
2.1182702369992268e+000   6.0499999999999886e+001
2.1141386351769587e+000   5.8949999999999818e+001
2.1099984850627842e+000   5.7399999999999750e+001
2.1058496893214964e+000   5.5849999999999909e+001
2.1016921479194468e+000   5.4299999999999841e+001
2.0975257580193603e+000   5.2749999999999829e+001
2.0933504138697034e+000   5.1199999999999875e+001
2.0891660066882332e+000   4.9649999999999977e+001
2.0849724245393180e+000   4.8099999999999909e+001
2.0807695522045879e+000   4.6549999999999841e+001
2.0765572710464202e+000   4.4999999999999886e+001
2.0723354588637326e+000   4.3449999999999875e+001
2.0681039897395093e+000   4.1899999999999864e+001
2.0638627338794087e+000   4.0349999999999852e+001
2.0596115574407596e+000   3.8799999999999898e+001
2.0553503223511802e+000   3.7249999999999829e+001
2.0510788861159637e+000   3.5699999999999761e+001
2.0467971016133006e+000   3.4149999999999920e+001
2.0425048168762960e+000   3.2599999999999966e+001
2.0382018748606479e+000   3.1049999999999955e+001
2.0338881131966966e+000   2.9499999999999943e+001
2.0295633639244355e+000   2.7949999999999875e+001
2.0252274532098848e+000   2.6399999999999864e+001
2.0208802010410509e+000   2.4849999999999852e+001
2.0165214209014608e+000   2.3299999999999841e+001
2.0121509194189939e+000   2.1749999999999829e+001
2.0077684959874276e+000   2.0199999999999875e+001
2.0033739423577583e+000   1.8649999999999864e+001
1.9989670421959076e+000   1.7099999999999852e+001
1.9945475706029387e+000   1.5549999999999784e+001
1.9901152935932955e+000   1.3999999999999886e+001
1.9856699675258453e+000   1.2449999999999818e+001
1.9812113384817107e+000   1.0899999999999864e+001
1.9767391415817961e+000   9.3499999999998522e+000
1.9722531002357759e+000   7.7999999999997840e+000
1.9677529253128756e+000   6.2499999999998295e+000
1.9632383142230569e+000   4.6999999999998749e+000
1.9587089498952530e+000   3.1499999999998636e+000
1.9541644996368697e+000   1.5999999999999091e+000
1.9496046138558918e+000   4.9999999999897682e-002
1.9450289246235357e+000   -1.5000000000001137e+000
1.9404370440512049e+000   -3.0500000000001819e+000
1.9358285624505567e+000   -4.6000000000001364e+000
1.9312030462394014e+000   -6.1500000000001478e+000
1.9265600355488306e+000   -7.7000000000001023e+000
1.9218990414779338e+000   -9.2500000000001705e+000
1.9172195429314953e+000   -1.0800000000000068e+001
1.9125209829624723e+000   -1.2350000000000193e+001
1.9078027645244051e+000   -1.3900000000000091e+001
1.9030642455182816e+000   -1.5450000000000216e+001
1.8983047329929192e+000   -1.7000000000000114e+001
1.8935234763263267e+000   -1.8550000000000125e+001
1.8887196591763471e+000   -2.0100000000000165e+001
1.8838923899401143e+000   -2.1650000000000034e+001
1.8790406904011205e+000   -2.3200000000000159e+001
1.8741634821668141e+000   -2.4750000000000199e+001
1.8692595704044863e+000   -2.6300000000000068e+001
1.8643276242637066e+000   -2.7850000000000080e+001
1.8593661532227637e+000   -2.9400000000000176e+001
1.8543734784056736e+000   -3.0950000000000131e+001
1.8493476976737147e+000   -3.2500000000000171e+001
1.8442866429858660e+000   -3.4050000000000125e+001
1.8391878281255136e+000   -3.5600000000000193e+001
8.9532809042063766e-001   -3.7150000000000148e+001
8.0328151387672209e-001   -3.8700000000000131e+001
7.8789104240322061e-001   -4.0250000000000142e+001
7.7679215662055767e-001   -4.1800000000000153e+001
7.6686553426216264e-001   -4.3350000000000136e+001
7.6686553426216264e-001   -4.3350000000000136e+001
1.0000000000000000e+001   159
2.2331095171832902e+000   1.9999999999999989e+002
2.2294494727583789e+000   1.9844999999999999e+002
2.2257834376310939e+000   1.9689999999999998e+002
2.2221113659376353e+000   1.9534999999999997e+002
2.2184332108563338e+000   1.9379999999999990e+002
2.2147489245781782e+000   1.9224999999999994e+002
2.2110584582762369e+000   1.9069999999999999e+002
2.2073617620739623e+000   1.8914999999999992e+002
2.2036587850122880e+000   1.8760000000000008e+002
2.1999494750154902e+000   1.8604999999999990e+002
2.1962337788557651e+000   1.8450000000000000e+002
2.1925116421164370e+000   1.8294999999999987e+002
2.1887830091537643e+000   1.8139999999999992e+002
2.1850478230572619e+000   1.7984999999999991e+002
2.1813060256084831e+000   1.7829999999999990e+002
2.1775575572381802e+000   1.7674999999999994e+002
2.1738023569817826e+000   1.7519999999999987e+002
2.1700403624330944e+000   1.7364999999999998e+002
2.1662715096961507e+000   1.7209999999999991e+002
2.1624957333351249e+000   1.7055000000000001e+002
2.1587129663222058e+000   1.6899999999999989e+002
2.1549231399833442e+000   1.6744999999999993e+002
2.1511261839417597e+000   1.6589999999999992e+002
2.1473220260591095e+000   1.6434999999999991e+002
2.1435105923741857e+000   1.6279999999999990e+002
2.1396918070390418e+000   1.6124999999999989e+002
2.1358655922523884e+000   1.5969999999999993e+002
2.1320318681901500e+000   1.5814999999999981e+002
2.1281905529330150e+000   1.5659999999999985e+002
2.1243415623908257e+000   1.5504999999999995e+002
2.1204848102236573e+000   1.5349999999999983e+002
2.1166202077593921e+000   1.5194999999999993e+002
2.1127476639076108e+000   1.5039999999999992e+002
2.1088670850695967e+000   1.4884999999999991e+002
2.1049783750442512e+000   1.4729999999999995e+002
2.1010814349296787e+000   1.4574999999999989e+002
2.0971761630202108e+000   1.4419999999999987e+002
2.0932624546986043e+000   1.4264999999999986e+002
2.0893402023231484e+000   1.4109999999999997e+002
2.0854092951093679e+000   1.3954999999999978e+002
2.0814696190060324e+000   1.3799999999999989e+002
2.0775210565651037e+000   1.3644999999999987e+002
2.0735634868052859e+000   1.3489999999999986e+002
2.0695967850687778e+000   1.3334999999999985e+002
2.0656208228708066e+000   1.3179999999999990e+002
2.0616354677415010e+000   1.3024999999999994e+002
2.0576405830596234e+000   1.2869999999999987e+002
2.0536360278776296e+000   1.2714999999999981e+002
2.0496216567375130e+000   1.2559999999999985e+002
2.0455973194768160e+000   1.2404999999999984e+002
2.0415628610241643e+000   1.2249999999999983e+002
2.0375181211836124e+000   1.2094999999999993e+002
2.0334629344070434e+000   1.1939999999999992e+002
2.0293971295537925e+000   1.1784999999999985e+002
2.0253205296366050e+000   1.1629999999999990e+002
2.0212329515529368e+000   1.1474999999999989e+002
2.0171342058005655e+000   1.1319999999999993e+002
2.0130240961763390e+000   1.1164999999999981e+002
2.0089024194568124e+000   1.1009999999999997e+002
2.0047689650594003e+000   1.0854999999999978e+002
2.0006235146825602e+000   1.0699999999999989e+002
1.9964658419233341e+000   1.0544999999999982e+002
1.9922957118704849e+000   1.0389999999999992e+002
1.9881128806712300e+000   1.0234999999999985e+002
1.9839170950694001e+000   1.0079999999999978e+002
1.9797080919126289e+000   9.9249999999999829e+001
1.9754855976259251e+000   9.7699999999999818e+001
1.9712493276486927e+000   9.6149999999999864e+001
1.9669989858319414e+000   9.4599999999999795e+001
1.9627342637920839e+000   9.3049999999999784e+001
1.9584548402172632e+000   9.1499999999999886e+001
1.9541603801217284e+000   8.9949999999999875e+001
1.9498505340431784e+000   8.8399999999999807e+001
1.9455249371774184e+000   8.6849999999999795e+001
1.9411832084438971e+000   8.5299999999999784e+001
1.9368249494749237e+000   8.3749999999999829e+001
1.9324497435203003e+000   8.2199999999999761e+001
1.9280571542580716e+000   8.0649999999999864e+001
1.9236467245006847e+000   7.9099999999999909e+001
1.9192179747843483e+000   7.7549999999999784e+001
1.9147704018275382e+000   7.5999999999999943e+001
1.9103034768424336e+000   7.4449999999999818e+001
1.9058166436805528e+000   7.2899999999999864e+001
1.9013093167907871e+000   7.1349999999999852e+001
1.8967808789645200e+000   6.9799999999999784e+001
1.8922306788381744e+000   6.8249999999999829e+001
1.8876580281185107e+000   6.6699999999999704e+001
1.8830621984898603e+000   6.5149999999999750e+001
1.8784424181552186e+000   6.3599999999999852e+001
1.8737978679543577e+000   6.2049999999999841e+001
1.8691276769916116e+000   6.0499999999999829e+001
1.8644309176932998e+000   5.8949999999999818e+001
1.8597066001994518e+000   5.7399999999999864e+001
1.8549536659760073e+000   5.5849999999999852e+001
1.8501709805112052e+000   5.4299999999999727e+001
1.8453573249326196e+000   5.2749999999999773e+001
1.8405113863480731e+000   5.1199999999999761e+001
1.8356317466730618e+000   4.9649999999999807e+001
1.8307168696575316e+000   4.8099999999999739e+001
1.8257650857635859e+000   4.6549999999999727e+001
1.8207745744699899e+000   4.4999999999999886e+001
1.8157433434853090e+000   4.3449999999999761e+001
1.8106692042341885e+000   4.1899999999999807e+001
1.8055497428339158e+000   4.0349999999999682e+001
1.8003822855922171e+000   3.8799999999999727e+001
1.7951638578202307e+000   3.7249999999999716e+001
1.7898911344504882e+000   3.5699999999999704e+001
1.7845603805562897e+000   3.4149999999999750e+001
1.7791673793547844e+000   3.2599999999999739e+001
1.7737073445978386e+000   3.1049999999999727e+001
1.7681748133496533e+000   2.9499999999999716e+001
1.7625635139280331e+000   2.7949999999999648e+001
1.7568662021142838e+000   2.6399999999999693e+001
1.7510744564170027e+000   2.4849999999999739e+001
1.2099610252913102e+000   2.3299999999999841e+001
1.1365203804376092e+000   2.1749999999999886e+001
1.1105923442756789e+000   2.0199999999999875e+001
1.0949856891653975e+000   1.8685733628328194e+001
1.0948022812083746e+000   1.8649999999999977e+001
1.0868493748814758e+000   1.7099999999999909e+001
1.0789002567532844e+000   1.5549999999999898e+001
1.0709528486954141e+000   1.3999999999999773e+001
1.0630051968601226e+000   1.2449999999999875e+001
1.0550554575820474e+000   1.0899999999999920e+001
1.0471018851551783e+000   9.3499999999998522e+000
1.0391428211778222e+000   7.7999999999998977e+000
1.0311766852154491e+000   6.2499999999999432e+000
1.0232019665764784e+000   4.6999999999998749e+000
1.0152172170320521e+000   3.1499999999998067e+000
1.0072210443397496e+000   1.5999999999997954e+000
9.9921210645458181e-001   4.9999999999783995e-002
9.9118910632971102e-001   -1.5000000000001137e+000
9.8315078722492655e-001   -3.0500000000002387e+000
9.7509592845388093e-001   -4.6000000000001933e+000
9.6702334151171432e-001   -6.1500000000000909e+000
9.5893186653365914e-001   -7.7000000000001592e+000
9.5082036904253464e-001   -9.2500000000001137e+000
9.4268773694924313e-001   -1.0800000000000125e+001
9.3453287777541605e-001   -1.2350000000000080e+001
9.2635471607156161e-001   -1.3900000000000091e+001
9.1815219100746026e-001   -1.5450000000000102e+001
9.0992425411431155e-001   -1.7000000000000057e+001
9.0166986716036435e-001   -1.8550000000000153e+001
8.9338800014349096e-001   -2.0100000000000136e+001
8.8507762938560797e-001   -2.1650000000000148e+001
8.7673773571494962e-001   -2.3200000000000159e+001
8.6836730272316576e-001   -2.4750000000000114e+001
8.5996531508497309e-001   -2.6300000000000068e+001
8.5153075692882363e-001   -2.7850000000000136e+001
8.4306261024770723e-001   -2.9400000000000148e+001
8.3455985333975835e-001   -3.0950000000000131e+001
8.2602145926896964e-001   -3.2500000000000199e+001
8.1744639433679456e-001   -3.4050000000000153e+001
8.0883361655589125e-001   -3.5600000000000080e+001
8.0018207411766507e-001   -3.7150000000000148e+001
7.9149070384555786e-001   -3.8700000000000131e+001
7.8275842962624631e-001   -4.0250000000000028e+001
7.7398416081100652e-001   -4.1800000000000210e+001
7.6516679057950476e-001   -4.3350000000000051e+001
2.0000000000000000e+001   159
2.1576221662518558e+000   2.0000000000000000e+002
2.1538651623403164e+000   1.9844999999999993e+002
2.1501004550532525e+000   1.9689999999999992e+002
2.1463279560880935e+000   1.9534999999999997e+002
2.1425475748230478e+000   1.9379999999999995e+002
2.1387592182334632e+000   1.9225000000000006e+002
2.1349627908044724e+000   1.9069999999999999e+002
2.1311581944397489e+000   1.8915000000000003e+002
2.1273453283661312e+000   1.8759999999999991e+002
2.1235240890339173e+000   1.8604999999999984e+002
2.1196943700125814e+000   1.8449999999999994e+002
2.1158560618816518e+000   1.8294999999999982e+002
2.1120090521164823e+000   1.8139999999999986e+002
2.1081532249686288e+000   1.7984999999999997e+002
2.1042884613405164e+000   1.7829999999999995e+002
2.1004146386540623e+000   1.7674999999999989e+002
2.0965316307129078e+000   1.7519999999999987e+002
2.0926393075578611e+000   1.7364999999999986e+002
2.0887375353151665e+000   1.7209999999999997e+002
2.0848261760371263e+000   1.7054999999999978e+002
2.0809050875346538e+000   1.6899999999999994e+002
2.0769741232011882e+000   1.6744999999999976e+002
2.0730331318274859e+000   1.6589999999999986e+002
2.0690819574066572e+000   1.6434999999999985e+002
2.0651204389288407e+000   1.6279999999999973e+002
2.0611484101648201e+000   1.6124999999999989e+002
2.0571656994378436e+000   1.5969999999999982e+002
2.0531721293828613e+000   1.5814999999999975e+002
2.0491675166923029e+000   1.5659999999999980e+002
2.0451516718474507e+000   1.5504999999999978e+002
2.0411243988344308e+000   1.5349999999999983e+002
2.0370854948436636e+000   1.5194999999999970e+002
2.0330347499516241e+000   1.5039999999999975e+002
2.0289719467835670e+000   1.4884999999999980e+002
2.0248968601558186e+000   1.4729999999999978e+002
2.0208092566960731e+000   1.4574999999999989e+002
2.0167088944399834e+000   1.4419999999999976e+002
2.0125955224022065e+000   1.4264999999999986e+002
2.0084688801198651e+000   1.4109999999999980e+002
2.0043286971661733e+000   1.3954999999999978e+002
2.0001746926318029e+000   1.3799999999999972e+002
1.9960065745712645e+000   1.3644999999999970e+002
1.9918240394113573e+000   1.3489999999999986e+002
1.9876267713183775e+000   1.3334999999999974e+002
1.9834144415204953e+000   1.3179999999999973e+002
1.9791867075812606e+000   1.3024999999999983e+002
1.9749432126198094e+000   1.2869999999999976e+002
1.9706835844728336e+000   1.2714999999999975e+002
1.9664074347928222e+000   1.2559999999999980e+002
1.9621143580764628e+000   1.2404999999999978e+002
1.9578039306163821e+000   1.2249999999999972e+002
1.9534757093685966e+000   1.2094999999999976e+002
1.9491292307271255e+000   1.1939999999999969e+002
1.9447640091961842e+000   1.1784999999999980e+002
1.9403795359491722e+000   1.1629999999999978e+002
1.9359752772622960e+000   1.1474999999999977e+002
1.9315506728091103e+000   1.1319999999999959e+002
1.9271051338004412e+000   1.1164999999999964e+002
1.9226380409520567e+000   1.1009999999999968e+002
1.9181487422600449e+000   1.0854999999999973e+002
1.9136365505610442e+000   1.0699999999999972e+002
1.9091007408511811e+000   1.0544999999999976e+002
1.9045405473337675e+000   1.0389999999999964e+002
1.8999551601613203e+000   1.0234999999999962e+002
1.8953437218321731e+000   1.0079999999999961e+002
1.8907053231957607e+000   9.9249999999999602e+001
1.8860389990132480e+000   9.7699999999999648e+001
1.8813437230114420e+000   9.6149999999999579e+001
1.8766184023574137e+000   9.4599999999999568e+001
1.8718618714687654e+000   9.3049999999999443e+001
1.8670728850593059e+000   9.1499999999999545e+001
1.8622501103016806e+000   8.9949999999999534e+001
1.8573921179662543e+000   8.8399999999999523e+001
1.8524973723684592e+000   8.6849999999999511e+001
1.8475642199235456e+000   8.5299999999999500e+001
1.8425908760666243e+000   8.3749999999999488e+001
1.8375754102449500e+000   8.2199999999999420e+001
1.8325157286258578e+000   8.0649999999999466e+001
1.8274095540839412e+000   7.9099999999999454e+001
1.8222544029301952e+000   7.7549999999999841e+001
1.8170475577174423e+000   7.5999999999999886e+001
1.8117860352917816e+000   7.4449999999999875e+001
1.8064665490470173e+000   7.2899999999999864e+001
1.8010854640617942e+000   7.1349999999999852e+001
1.7956387434345273e+000   6.9799999999999898e+001
1.7901218836468229e+000   6.8249999999999886e+001
1.7845298361359365e+000   6.6699999999999818e+001
1.7788569113736588e+000   6.5149999999999864e+001
1.7730966605343224e+000   6.3599999999999852e+001
1.7672417281402355e+000   6.2049999999999784e+001
1.7612836666728262e+000   6.0499999999999773e+001
1.7552127006800291e+000   5.8949999999999875e+001
1.7490174228336519e+000   5.7399999999999864e+001
1.7426843967777195e+000   5.5849999999999852e+001
1.7361976299196014e+000   5.4299999999999784e+001
1.7295378608802836e+000   5.2749999999999886e+001
1.7226815763453371e+000   5.1199999999999875e+001
1.4271793750558150e+000   4.9649999999999864e+001
1.2866315326781144e+000   4.8099999999999852e+001
1.2459082416400260e+000   4.6549999999999841e+001
1.2311039800738039e+000   4.5589971423165935e+001
1.2279225690618460e+000   4.4999999999999829e+001
1.2196144586773126e+000   4.3449999999999818e+001
1.2113716149842624e+000   4.1899999999999977e+001
1.2031857386523068e+000   4.0349999999999966e+001
1.1950496633026522e+000   3.8799999999999955e+001
1.1869571378964401e+000   3.7249999999999943e+001
1.1789026600579204e+000   3.5699999999999704e+001
1.1708813464668943e+000   3.4149999999999807e+001
1.1628888307060061e+000   3.2599999999999909e+001
1.1549211817624452e+000   3.1049999999999898e+001
1.1469748382878080e+000   2.9499999999999773e+001
1.1390465550342206e+000   2.7949999999999932e+001
1.1311333588082257e+000   2.6400000000000034e+001
1.1232325119432505e+000   2.4849999999999909e+001
1.1153414817690992e+000   2.3299999999999955e+001
1.1074579149075936e+000   2.1749999999999943e+001
1.0995796154841464e+000   2.0199999999999875e+001
1.0917045265409058e+000   1.8649999999999920e+001
1.0838307140858601e+000   1.7100000000000023e+001
1.0759563533263703e+000   1.5549999999999841e+001
1.0680797167238125e+000   1.3999999999999886e+001
1.0601991635748114e+000   1.2449999999999875e+001
1.0523131308787252e+000   1.0899999999999920e+001
1.0444201252938519e+000   9.3499999999998522e+000
1.0365187160191007e+000   7.7999999999998408e+000
1.0286075284653406e+000   6.2499999999998863e+000
1.0206852386029339e+000   4.6999999999999318e+000
1.0127505678901212e+000   3.1499999999998067e+000
1.0048022787018325e+000   1.5999999999998522e+000
9.9683917019081558e-001   4.9999999999840838e-002
9.8886007452328839e-001   -1.5000000000001137e+000
9.8086385343984972e-001   -3.0500000000001819e+000
9.7284939509968160e-001   -4.6000000000000796e+000
9.6481561117211700e-001   -6.1500000000000909e+000
9.5676143414485493e-001   -7.7000000000002160e+000
9.4868581482240300e-001   -9.2500000000001705e+000
9.4058771999200896e-001   -1.0800000000000182e+001
9.3246613023736025e-001   -1.2350000000000080e+001
9.2432003788282413e-001   -1.3900000000000148e+001
9.1614844505302762e-001   -1.5450000000000216e+001
9.0795036183419442e-001   -1.7000000000000114e+001
8.9972480452489811e-001   -1.8550000000000040e+001
8.9147079396489826e-001   -2.0099999999999994e+001
8.8318735393142367e-001   -2.1650000000000148e+001
8.7487350959289445e-001   -2.3200000000000131e+001
8.6652828601046605e-001   -2.4750000000000171e+001
8.5815070667822924e-001   -2.6300000000000097e+001
8.4973979209317174e-001   -2.7850000000000023e+001
8.4129455834638833e-001   -2.9400000000000091e+001
8.3281401572730918e-001   -3.0950000000000188e+001
8.2429716733302238e-001   -3.2500000000000199e+001
8.1574300767509256e-001   -3.4050000000000153e+001
8.0715052127649634e-001   -3.5600000000000108e+001
7.9851868125154313e-001   -3.7150000000000148e+001
7.8984644786176927e-001   -3.8700000000000074e+001
7.8113276704088241e-001   -4.0250000000000199e+001
7.7237656888181394e-001   -4.1800000000000239e+001
7.6357676607881875e-001   -4.3350000000000165e+001
3.0000000000000004e+001   159
2.1095780787205531e+000   1.9999999999999989e+002
2.1057125625629847e+000   1.9844999999999999e+002
2.1018371998722665e+000   1.9689999999999992e+002
2.0979518414961023e+000   1.9534999999999985e+002
2.0940563336724107e+000   1.9379999999999984e+002
2.0901505178362445e+000   1.9225000000000000e+002
2.0862342304165380e+000   1.9069999999999993e+002
2.0823073026220511e+000   1.8914999999999975e+002
2.0783695602157608e+000   1.8759999999999985e+002
2.0744208232769661e+000   1.8604999999999984e+002
2.0704609059502630e+000   1.8449999999999989e+002
2.0664896161804984e+000   1.8294999999999982e+002
2.0625067554327243e+000   1.8139999999999986e+002
2.0585121183961173e+000   1.7984999999999985e+002
2.0545054926707129e+000   1.7829999999999990e+002
2.0504866584357044e+000   1.7674999999999989e+002
2.0464553880979950e+000   1.7519999999999976e+002
2.0424114459194875e+000   1.7364999999999992e+002
2.0383545876215621e+000   1.7209999999999980e+002
2.0342845599649606e+000   1.7054999999999984e+002
2.0302011003031928e+000   1.6899999999999977e+002
2.0261039361073667e+000   1.6744999999999982e+002
2.0219927844601706e+000   1.6589999999999975e+002
2.0178673515164864e+000   1.6434999999999974e+002
2.0137273319278890e+000   1.6279999999999978e+002
2.0095724082280020e+000   1.6124999999999977e+002
2.0054022501753677e+000   1.5969999999999976e+002
2.0012165140501486e+000   1.5814999999999969e+002
1.9970148419005986e+000   1.5659999999999974e+002
1.9927968607347768e+000   1.5504999999999973e+002
1.9885621816525390e+000   1.5349999999999972e+002
1.9843103989122233e+000   1.5194999999999970e+002
1.9800410889258961e+000   1.5039999999999964e+002
1.9757538091762401e+000   1.4884999999999962e+002
1.9714480970474366e+000   1.4729999999999961e+002
1.9671234685614363e+000   1.4574999999999966e+002
1.9627794170099897e+000   1.4419999999999970e+002
1.9584154114716259e+000   1.4264999999999958e+002
1.9540308952014294e+000   1.4109999999999962e+002
1.9496252838798607e+000   1.3954999999999956e+002
1.9451979637051515e+000   1.3799999999999949e+002
1.9407482893116881e+000   1.3644999999999959e+002
1.9362755814944426e+000   1.3489999999999958e+002
1.9317791247167768e+000   1.3334999999999957e+002
1.9272581643756976e+000   1.3179999999999950e+002
1.9227119037949569e+000   1.3024999999999955e+002
1.9181395009120088e+000   1.2869999999999953e+002
1.9135400646197387e+000   1.2714999999999947e+002
1.9089126507178675e+000   1.2559999999999945e+002
1.9042562574218362e+000   1.2404999999999933e+002
1.8995698203685838e+000   1.2249999999999943e+002
1.8948522070486411e+000   1.2094999999999942e+002
1.8901022105820258e+000   1.1939999999999941e+002
1.8853185427411543e+000   1.1784999999999945e+002
1.8804998261067523e+000   1.1629999999999922e+002
1.8756445852219377e+000   1.1474999999999989e+002
1.8707512365843617e+000   1.1319999999999982e+002
1.8658180772854076e+000   1.1164999999999992e+002
1.8608432720674497e+000   1.1009999999999985e+002
1.8558248385233937e+000   1.0854999999999984e+002
1.8507606301044450e+000   1.0699999999999983e+002
1.8456483165292656e+000   1.0544999999999993e+002
1.8404853610960841e+000   1.0389999999999981e+002
1.8352689942831346e+000   1.0234999999999991e+002
1.8299961828743827e+000   1.0079999999999984e+002
1.8246635936564024e+000   9.9249999999999829e+001
1.8192675504838749e+000   9.7699999999999818e+001
1.8138039831855157e+000   9.6149999999999807e+001
1.8082683663507417e+000   9.4599999999999852e+001
1.8026556454595590e+000   9.3049999999999841e+001
1.7969601470350827e+000   9.1499999999999829e+001
1.7911754684233827e+000   8.9949999999999875e+001
1.7852943413095059e+000   8.8399999999999864e+001
1.7793084609646990e+000   8.6849999999999852e+001
1.7732082701821172e+000   8.5299999999999898e+001
1.7669826824112733e+000   8.3749999999999829e+001
1.7606187219559581e+000   8.2199999999999875e+001
1.7541010489385680e+000   8.0649999999999864e+001
1.7474113207879203e+000   7.9099999999999852e+001
1.7405273162408237e+000   7.7549999999999784e+001
1.7334217047911078e+000   7.5999999999999886e+001
1.7260602697282352e+000   7.4449999999999761e+001
1.7183992569648523e+000   7.2899999999999807e+001
1.7103812610966518e+000   7.1349999999999852e+001
1.7019285263553783e+000   6.9799999999999841e+001
1.4848393535632072e+000   6.6699999999999875e+001
1.3667417934685189e+000   6.5149999999999864e+001
1.3275582551602017e+000   6.3734058998996545e+001
1.3267128634561549e+000   6.3600000000000080e+001
1.3171195911107836e+000   6.2049999999999784e+001
1.3078090918187504e+000   6.0499999999999886e+001
1.2987253943021404e+000   5.8949999999999875e+001
1.2898277615411538e+000   5.7399999999999807e+001
1.2810854316132687e+000   5.5849999999999909e+001
1.2724744836539303e+000   5.4299999999999898e+001
1.2639758646680743e+000   5.2749999999999886e+001
1.2555740912301347e+000   5.1199999999999989e+001
1.2472563637921310e+000   4.9649999999999920e+001
1.2390119439414646e+000   4.8099999999999625e+001
1.2308317051765929e+000   4.6549999999999784e+001
1.2227078016348545e+000   4.4999999999999943e+001
1.2146334190778534e+000   4.3449999999999818e+001
1.2066025845334338e+000   4.1899999999999920e+001
1.1986100185910591e+000   4.0349999999999909e+001
1.1906510192554856e+000   3.8799999999999955e+001
1.1827213695132361e+000   3.7249999999999773e+001
1.1748172629657037e+000   3.5699999999999932e+001
1.1669352434006406e+000   3.4149999999999920e+001
1.1590721552403103e+000   3.2599999999999852e+001
1.1512251025657649e+000   3.1049999999999955e+001
1.1433914149682260e+000   2.9499999999999943e+001
1.1355686188832510e+000   2.7949999999999818e+001
1.1277544133640924e+000   2.6399999999999977e+001
1.1199466494765777e+000   2.4849999999999795e+001
1.1121433126693383e+000   2.3299999999999898e+001
1.1043425076045605e+000   2.1750000000000000e+001
1.0965424450360592e+000   2.0199999999999932e+001
1.0887414304005747e+000   1.8649999999999977e+001
1.0809378538503478e+000   1.7099999999999909e+001
1.0731301815041741e+000   1.5549999999999841e+001
1.0653169477332625e+000   1.3999999999999886e+001
1.0574967483295299e+000   1.2449999999999875e+001
1.0496682344292789e+000   1.0899999999999977e+001
1.0418301070856424e+000   9.3499999999997954e+000
1.0339811123999478e+000   7.7999999999998408e+000
1.0261200371358394e+000   6.2499999999998863e+000
1.0182457047513911e+000   4.6999999999998749e+000
1.0103569717938587e+000   3.1499999999998636e+000
1.0024527246096540e+000   1.5999999999998522e+000
9.9453187632878304e-001   4.9999999999840838e-002
9.8659336408870812e-001   -1.5000000000001137e+000
9.7863614646737918e-001   -3.0500000000001819e+000
9.7065920109940396e-001   -4.6000000000001933e+000
9.6266152245283143e-001   -6.1500000000000909e+000
9.5464211974714908e-001   -7.7000000000002728e+000
9.4660001499564894e-001   -9.2500000000001705e+000
9.3853424115757234e-001   -1.0800000000000182e+001
9.3044384038726313e-001   -1.2350000000000136e+001
9.2232786236907760e-001   -1.3900000000000205e+001
9.1418536272797635e-001   -1.5450000000000216e+001
9.0601540150669302e-001   -1.7000000000000114e+001
8.9781704170102350e-001   -1.8550000000000210e+001
8.8958934784532362e-001   -2.0100000000000080e+001
8.8133138464058580e-001   -2.1650000000000176e+001
8.7304221561776385e-001   -2.3200000000000188e+001
8.6472090182911576e-001   -2.4750000000000142e+001
8.5636650056048214e-001   -2.6300000000000182e+001
8.4797806405752185e-001   -2.7850000000000193e+001
8.3955463825904075e-001   -2.9400000000000034e+001
8.3109526153065705e-001   -3.0950000000000102e+001
8.2259896339222016e-001   -3.2500000000000171e+001
8.1406476323248622e-001   -3.4050000000000210e+001
8.0549166900470326e-001   -3.5600000000000136e+001
7.9687867589683881e-001   -3.7150000000000148e+001
7.8822476497020744e-001   -3.8700000000000017e+001
7.7952890176023615e-001   -4.0250000000000114e+001
7.7079003483301023e-001   -4.1800000000000182e+001
7.6200709429104441e-001   -4.3350000000000193e+001
7.6200709429104441e-001   -4.3350000000000193e+001
4.0000000000000000e+001   159
2.0725891393680556e+000   1.9999999999999960e+002
2.0686023812324468e+000   1.9844999999999987e+002
2.0646031060091619e+000   1.9689999999999981e+002
2.0605910780585908e+000   1.9534999999999991e+002
2.0565660533443721e+000   1.9379999999999973e+002
2.0525277790267000e+000   1.9224999999999977e+002
2.0484759930304821e+000   1.9069999999999976e+002
2.0444104235864011e+000   1.8914999999999981e+002
2.0403307887427768e+000   1.8759999999999985e+002
2.0362367958459191e+000   1.8604999999999973e+002
2.0321281409864449e+000   1.8449999999999983e+002
2.0280045084087708e+000   1.8294999999999970e+002
2.0238655698807464e+000   1.8139999999999975e+002
2.0197109840200698e+000   1.7984999999999962e+002
2.0155403955737818e+000   1.7829999999999973e+002
2.0113534346467770e+000   1.7674999999999966e+002
2.0071497158748062e+000   1.7519999999999965e+002
2.0029288375370049e+000   1.7364999999999975e+002
1.9986903806024030e+000   1.7209999999999968e+002
1.9944339077042799e+000   1.7054999999999973e+002
1.9901589620355471e+000   1.6899999999999972e+002
1.9858650661575317e+000   1.6744999999999970e+002
1.9815517207136777e+000   1.6589999999999964e+002
1.9772184030386633e+000   1.6434999999999957e+002
1.9728645656522723e+000   1.6279999999999956e+002
1.9684896346260785e+000   1.6124999999999966e+002
1.9640930078094767e+000   1.5969999999999953e+002
1.9596740528998871e+000   1.5814999999999952e+002
1.9552321053399915e+000   1.5659999999999957e+002
1.9507664660225610e+000   1.5504999999999950e+002
1.9462763987808289e+000   1.5349999999999949e+002
1.9417611276392912e+000   1.5194999999999942e+002
1.9372198337962860e+000   1.5039999999999947e+002
1.9326516523055564e+000   1.4884999999999940e+002
1.9280556684191834e+000   1.4729999999999933e+002
1.9234309135486001e+000   1.4574999999999949e+002
1.9187763607937105e+000   1.4419999999999942e+002
1.9140909199822964e+000   1.4264999999999935e+002
1.9093734321525084e+000   1.4109999999999940e+002
1.9046226634001515e+000   1.3954999999999927e+002
1.8998372979991907e+000   1.3799999999999932e+002
1.8950159306879701e+000   1.3644999999999931e+002
1.8901570579944542e+000   1.3489999999999986e+002
1.8852590684505568e+000   1.3334999999999974e+002
1.8803202315173990e+000   1.3179999999999973e+002
1.8753386850087437e+000   1.3024999999999989e+002
1.8703124207574529e+000   1.2869999999999982e+002
1.8652392682173153e+000   1.2714999999999986e+002
1.8601168756273101e+000   1.2559999999999985e+002
1.8549426882837592e+000   1.2404999999999984e+002
1.8497139233628475e+000   1.2249999999999983e+002
1.8444275406054635e+000   1.2094999999999987e+002
1.8390802080092770e+000   1.1939999999999986e+002
1.8336682614576396e+000   1.1784999999999991e+002
1.8281876569348501e+000   1.1629999999999978e+002
1.8226339136095666e+000   1.1474999999999983e+002
1.8170020455804101e+000   1.1319999999999987e+002
1.8112864794238530e+000   1.1164999999999986e+002
1.8054809537970915e+000   1.1009999999999980e+002
1.7995783961291880e+000   1.0854999999999978e+002
1.7935707697343211e+000   1.0699999999999983e+002
1.7874488822762165e+000   1.0544999999999987e+002
1.7812021430525724e+000   1.0389999999999986e+002
1.7748182514961881e+000   1.0234999999999985e+002
1.7682827917007995e+000   1.0079999999999984e+002
1.7615786961627482e+000   9.9249999999999829e+001
1.7546855236831687e+000   9.7699999999999818e+001
1.7475784668697092e+000   9.6149999999999807e+001
1.7402269553522525e+000   9.4599999999999795e+001
1.7325926351496699e+000   9.3049999999999727e+001
1.7246263489924722e+000   9.1499999999999829e+001
1.7162634443204210e+000   8.9949999999999818e+001
1.7074161270991983e+000   8.8399999999999807e+001
1.6979602354142944e+000   8.6849999999999739e+001
1.6877105261873546e+000   8.5299999999999841e+001
1.6763694338238051e+000   8.3749999999999773e+001
1.6634036671081822e+000   8.2199999999999875e+001
1.6476666105880442e+000   8.0649999999999750e+001
1.4793958749017371e+000   7.9099999999999909e+001
1.4151666945425616e+000   7.7816918215095995e+001
1.4124529916033481e+000   7.7549999999999727e+001
1.3984003825428895e+000   7.5999999999999829e+001
1.3861226219715876e+000   7.4449999999999932e+001
1.3748776712873056e+000   7.2900000000000205e+001
1.3643218815223159e+000   7.1350000000000023e+001
1.3542634871309880e+000   6.9800000000000068e+001
1.3445829017769508e+000   6.8249999999999943e+001
1.3351997758782359e+000   6.6699999999999875e+001
1.3260571370163583e+000   6.5149999999999920e+001
1.3171129039313090e+000   6.3599999999999795e+001
1.3083349776168089e+000   6.2049999999999784e+001
1.2996982256562364e+000   6.0499999999999886e+001
1.2911825387996541e+000   5.8950000000000102e+001
1.2827715286966439e+000   5.7399999999999920e+001
1.2744516264910863e+000   5.5850000000000023e+001
1.2662114415605743e+000   5.4300000000000011e+001
1.2580412945071919e+000   5.2749999999999602e+001
1.2499328700830974e+000   5.1199999999999818e+001
1.2418789546375049e+000   4.9649999999999864e+001
1.2338732343727679e+000   4.8099999999999739e+001
1.2259101381555475e+000   4.6549999999999841e+001
1.2179847135076078e+000   4.4999999999999943e+001
1.2100925276661261e+000   4.3449999999999761e+001
1.2022295878345644e+000   4.1899999999999750e+001
1.1943922762981689e+000   4.0349999999999852e+001
1.1865772971775239e+000   3.8800000000000011e+001
1.1787816323837095e+000   3.7249999999999943e+001
1.1710025049144617e+000   3.5699999999999761e+001
1.1632373480557965e+000   3.4149999999999920e+001
1.1554837793709540e+000   3.2599999999999852e+001
1.1477395785981581e+000   3.1049999999999955e+001
1.1400026687612641e+000   2.9499999999999829e+001
1.1322710999379353e+000   2.7949999999999932e+001
1.1245430352389316e+000   2.6399999999999977e+001
1.1168167386373491e+000   2.4849999999999909e+001
1.1090905643537350e+000   2.3299999999999898e+001
1.1013629475561972e+000   2.1749999999999943e+001
1.0936323961770835e+000   2.0199999999999818e+001
1.0858974836818480e+000   1.8649999999999807e+001
1.0781568426531629e+000   1.7099999999999909e+001
1.0704091590756464e+000   1.5549999999999784e+001
1.0626531672247068e+000   1.3999999999999773e+001
1.0548876450778284e+000   1.2449999999999932e+001
1.0471114101789267e+000   1.0899999999999920e+001
1.0393233158964381e+000   9.3499999999997954e+000
1.0315222480242625e+000   7.7999999999998408e+000
1.0237071216816915e+000   6.2499999999998863e+000
1.0158768784743872e+000   4.6999999999997613e+000
1.0080304838835146e+000   3.1499999999998636e+000
1.0001669248543805e+000   1.5999999999999091e+000
9.9228520755968364e-001   4.9999999999954525e-002
9.8438435531564983e-001   -1.5000000000002274e+000
9.7646340663213238e-001   -3.0500000000001819e+000
9.6852141338020004e-001   -4.6000000000001364e+000
9.6055743906288404e-001   -6.1500000000000341e+000
9.5257055717660011e-001   -7.7000000000002160e+000
9.4455984965239315e-001   -9.2500000000001137e+000
9.3652440536748083e-001   -1.0800000000000011e+001
9.2846331871875321e-001   -1.2350000000000307e+001
9.2037568825078708e-001   -1.3900000000000148e+001
9.1226061533158775e-001   -1.5450000000000216e+001
9.0411720286990316e-001   -1.7000000000000171e+001
8.9594455406818585e-001   -1.8550000000000153e+001
8.8774177120557307e-001   -2.0100000000000108e+001
8.7950795444530816e-001   -2.1650000000000176e+001
8.7124220066106117e-001   -2.3200000000000188e+001
8.6294360227659928e-001   -2.4750000000000114e+001
8.5461124611317318e-001   -2.6300000000000125e+001
8.4624421223898305e-001   -2.7850000000000136e+001
8.3784157281504812e-001   -2.9400000000000091e+001
8.2940239093179957e-001   -3.0950000000000188e+001
8.2092571943073345e-001   -3.2500000000000171e+001
8.1241059970548446e-001   -3.4050000000000210e+001
8.0385606047669689e-001   -3.5600000000000108e+001
7.9526111653506171e-001   -3.7150000000000148e+001
7.8662476744684551e-001   -3.8699999999999960e+001
7.7794599621612570e-001   -4.0250000000000114e+001
7.6922376789781521e-001   -4.1800000000000153e+001
7.6045702815527094e-001   -4.3350000000000193e+001
5.0000000000000007e+001   159
2.0415331279412814e+000   1.9999999999999949e+002
2.0374116396898727e+000   1.9844999999999976e+002
2.0332743450457635e+000   1.9689999999999981e+002
2.0291208880454752e+000   1.9534999999999985e+002
2.0249508982931510e+000   1.9379999999999973e+002
2.0207639901606824e+000   1.9224999999999977e+002
2.0165597619307207e+000   1.9069999999999965e+002
2.0123377948775270e+000   1.8914999999999969e+002
2.0080976522800325e+000   1.8759999999999968e+002
2.0038388783608938e+000   1.8604999999999967e+002
1.9995609971446557e+000   1.8449999999999972e+002
1.9952635112273160e+000   1.8294999999999953e+002
1.9909459004487562e+000   1.8139999999999964e+002
1.9866076204584693e+000   1.7984999999999962e+002
1.9822481011639050e+000   1.7829999999999956e+002
1.9778667450494674e+000   1.7674999999999966e+002
1.9734629253526970e+000   1.7519999999999953e+002
1.9690359840825449e+000   1.7364999999999958e+002
1.9645852298626492e+000   1.7209999999999957e+002
1.9601099355803608e+000   1.7054999999999961e+002
1.9556093358196880e+000   1.6899999999999949e+002
1.9510826240533741e+000   1.6744999999999953e+002
1.9465289495659004e+000   1.6589999999999952e+002
1.9419474140752506e+000   1.6434999999999940e+002
1.9373370680166153e+000   1.6279999999999944e+002
1.9326969064458110e+000   1.6124999999999949e+002
1.9280258645138484e+000   1.5969999999999942e+002
1.9233228124565986e+000   1.5814999999999935e+002
1.9185865500347077e+000   1.5659999999999945e+002
1.9138158003484227e+000   1.5504999999999933e+002
1.9090092029396442e+000   1.5349999999999937e+002
1.9041653060785866e+000   1.5194999999999936e+002
1.8992825581147434e+000   1.5039999999999930e+002
1.8943592977503678e+000   1.4884999999999928e+002
1.8893937430688388e+000   1.4729999999999922e+002
1.8843839791187984e+000   1.4574999999999932e+002
1.8793279438165060e+000   1.4419999999999931e+002
1.8742234118817351e+000   1.4264999999999986e+002
1.8690679764642533e+000   1.4109999999999991e+002
1.8638590280456646e+000   1.3954999999999978e+002
1.8585937301110540e+000   1.3799999999999989e+002
1.8532689909712685e+000   1.3644999999999987e+002
1.8478814309728608e+000   1.3489999999999981e+002
1.8424273441491816e+000   1.3334999999999985e+002
1.8369026531302008e+000   1.3179999999999990e+002
1.8313028558227225e+000   1.3024999999999989e+002
1.8256229619724520e+000   1.2869999999999982e+002
1.8198574171907336e+000   1.2714999999999986e+002
1.8140000113232417e+000   1.2559999999999985e+002
1.8080437670857565e+000   1.2404999999999978e+002
1.8019808035915146e+000   1.2249999999999983e+002
1.7958021675948275e+000   1.2094999999999993e+002
1.7894976227493116e+000   1.1939999999999992e+002
1.7830553835776315e+000   1.1784999999999985e+002
1.7764617756276679e+000   1.1629999999999978e+002
1.7697007955753408e+000   1.1474999999999983e+002
1.7627535333988573e+000   1.1319999999999982e+002
1.7555974007918591e+000   1.1164999999999981e+002
1.7482050815460093e+000   1.1009999999999980e+002
1.7405430732759011e+000   1.0854999999999978e+002
1.7325696117566631e+000   1.0699999999999983e+002
1.7242316325012379e+000   1.0544999999999993e+002
1.7154601744804658e+000   1.0389999999999986e+002
1.7061631505994930e+000   1.0234999999999980e+002
1.6962134281537893e+000   1.0079999999999978e+002
1.6854280054424668e+000   9.9249999999999829e+001
1.6735288858254533e+000   9.7699999999999818e+001
1.6600623111155377e+000   9.6149999999999864e+001
1.6442098107729399e+000   9.4599999999999852e+001
1.6242647636113032e+000   9.3049999999999784e+001
1.5958740857961231e+000   9.1499999999999773e+001
1.5488452315893015e+000   8.9949999999999875e+001
1.4985797138243320e+000   8.8399999999999750e+001
1.4709905797608440e+000   8.6849999999999682e+001
1.4524637651169019e+000   8.5299999999999841e+001
1.4375039420768705e+000   8.3749999999999773e+001
1.4244355102553639e+000   8.2200000000000443e+001
1.4125473371986155e+000   8.0650000000000205e+001
1.4014698453064027e+000   7.9100000000000080e+001
1.3909850709791058e+000   7.7549999999999898e+001
1.3809529953409809e+000   7.6000000000000114e+001
1.3712779690864929e+000   7.4449999999999989e+001
1.3618915552730713e+000   7.2899999999999977e+001
1.3527429824718653e+000   7.1349999999999795e+001
1.3437934714391431e+000   6.9799999999999898e+001
1.3350126826727418e+000   6.8249999999999716e+001
1.3263763952842784e+000   6.6699999999999875e+001
1.3178649359125485e+000   6.5149999999999693e+001
1.3094620832145856e+000   6.3599999999999852e+001
1.3011542843347772e+000   6.2049999999999784e+001
1.2929300820924017e+000   6.0499999999999545e+001
1.2847796881444069e+000   5.8949999999999648e+001
1.2766946595399260e+000   5.7399999999999750e+001
1.2686676499522147e+000   5.5849999999999795e+001
1.2606922157938394e+000   5.4299999999999727e+001
1.2527626632986353e+000   5.2749999999999886e+001
1.2448739266118138e+000   5.1199999999999932e+001
1.2370214696472621e+000   4.9649999999999807e+001
1.2292012063704534e+000   4.8099999999999852e+001
1.2214094355144558e+000   4.6549999999999841e+001
1.2136427867089172e+000   4.4999999999999943e+001
1.2058981757122804e+000   4.3449999999999875e+001
1.1981727669629858e+000   4.1899999999999693e+001
1.1904639420585759e+000   4.0349999999999966e+001
1.1827692730688746e+000   3.8800000000000011e+001
1.1750864998164527e+000   3.7249999999999829e+001
1.1674135104323931e+000   3.5699999999999761e+001
1.1597483246312925e+000   3.4149999999999807e+001
1.1520890792557728e+000   3.2599999999999852e+001
1.1444340157246713e+000   3.1050000000000011e+001
1.1367814690856393e+000   2.9499999999999943e+001
1.1291298584260863e+000   2.7949999999999932e+001
1.1214776784390972e+000   2.6399999999999920e+001
1.1138234919754739e+000   2.4849999999999795e+001
1.1061659234410151e+000   2.3299999999999841e+001
1.0985036529209855e+000   2.1749999999999943e+001
1.0908354109323819e+000   2.0199999999999875e+001
1.0831599737199786e+000   1.8649999999999977e+001
1.0754761590247377e+000   1.7099999999999909e+001
1.0677828222636923e+000   1.5549999999999898e+001
1.0600788530690788e+000   1.3999999999999829e+001
1.0523631721417352e+000   1.2449999999999875e+001
1.0446347283798696e+000   1.0899999999999977e+001
1.0368924962493713e+000   9.3499999999998522e+000
1.0291354733661724e+000   7.7999999999998977e+000
1.0213626782647887e+000   6.2499999999997726e+000
1.0135731483303518e+000   4.6999999999997044e+000
1.0057659378741173e+000   3.1499999999999204e+000
9.9794011633481416e-001   1.5999999999998522e+000
9.9009476659026763e-001   4.9999999999727152e-002
9.8222898336559628e-001   -1.5000000000000568e+000
9.7434187172586484e-001   -3.0500000000001251e+000
9.6643254564264214e-001   -4.6000000000000796e+000
9.5850012662510542e-001   -6.1499999999999773e+000
9.5054374240760464e-001   -7.7000000000002728e+000
9.4256252568652210e-001   -9.2500000000001705e+000
9.3455561290016820e-001   -1.0800000000000239e+001
9.2652214304616864e-001   -1.2350000000000080e+001
9.1846125653132960e-001   -1.3900000000000148e+001
9.1037209404939801e-001   -1.5450000000000216e+001
9.0225379548239637e-001   -1.7000000000000227e+001
8.9410549882135848e-001   -1.8550000000000068e+001
8.8592633910233376e-001   -2.0100000000000165e+001
8.7771544735346929e-001   -2.1650000000000063e+001
8.6947194954887463e-001   -2.3200000000000074e+001
8.6119496556487041e-001   -2.4750000000000171e+001
8.5288360813401298e-001   -2.6300000000000125e+001
8.4453698179221726e-001   -2.7850000000000080e+001
8.3615418181415002e-001   -2.9400000000000119e+001
8.2773429313199498e-001   -3.0950000000000074e+001
8.1927638923258772e-001   -3.2500000000000199e+001
8.1077953102793365e-001   -3.4050000000000239e+001
8.0224276569398179e-001   -3.5600000000000136e+001
7.9366512547251711e-001   -3.7150000000000148e+001
7.8504562643089892e-001   -3.8700000000000074e+001
7.7638326717422657e-001   -4.0250000000000085e+001
7.6767702750430222e-001   -4.1800000000000239e+001
7.5892586701949816e-001   -4.3350000000000222e+001
7.5892586701949816e-001   -4.3350000000000222e+001
6.0000000000000007e+001   159
2.0141564683081210e+000   2.0000000000000000e+002
2.0098868694199781e+000   1.9844999999999970e+002
2.0055975023074613e+000   1.9689999999999969e+002
2.0012878500668125e+000   1.9534999999999974e+002
1.9969573723248037e+000   1.9379999999999973e+002
1.9926055037781032e+000   1.9224999999999966e+002
1.9882316526153272e+000   1.9069999999999965e+002
1.9838351988101219e+000   1.8914999999999969e+002
1.9794154922721932e+000   1.8759999999999968e+002
1.9749718508416354e+000   1.8604999999999967e+002
1.9705035581101029e+000   1.8449999999999966e+002
1.9660098610502610e+000   1.8294999999999959e+002
1.9614899674326221e+000   1.8139999999999964e+002
1.9569430430060859e+000   1.7984999999999957e+002
1.9523682084153944e+000   1.7829999999999961e+002
1.9477645358250275e+000   1.7674999999999966e+002
1.9431310452148598e+000   1.7519999999999953e+002
1.9384667003079910e+000   1.7364999999999958e+002
1.9337704040854138e+000   1.7209999999999957e+002
1.9290409938355209e+000   1.7054999999999956e+002
1.9242772356785891e+000   1.6899999999999960e+002
1.9194778184971437e+000   1.6744999999999948e+002
1.9146413471922263e+000   1.6589999999999952e+002
1.9097663351726550e+000   1.6434999999999951e+002
1.9048511959690664e+000   1.6279999999999944e+002
1.8998942338461631e+000   1.6124999999999949e+002
1.8948936332647068e+000   1.5969999999999948e+002
1.8898474470183846e+000   1.5814999999999941e+002
1.8847535828388056e+000   1.5659999999999951e+002
1.8796097882231877e+000   1.5504999999999944e+002
1.8744136331921635e+000   1.5349999999999943e+002
1.8691624906272710e+000   1.5194999999999936e+002
1.8638535137665688e+000   1.5039999999999947e+002
1.8584836103486013e+000   1.4884999999999928e+002
1.8530494127851576e+000   1.4729999999999933e+002
1.8475472436056648e+000   1.4574999999999937e+002
1.8419730752425298e+000   1.4419999999999948e+002
1.8363224830065490e+000   1.4264999999999941e+002
1.8305905898198860e+000   1.4109999999999940e+002
1.8247720009115456e+000   1.3954999999999933e+002
1.8188607262095606e+000   1.3799999999999943e+002
1.8128500875480535e+000   1.3644999999999936e+002
1.8067326069939016e+000   1.3489999999999930e+002
1.8004998715136908e+000   1.3334999999999928e+002
1.7941423677427175e+000   1.3179999999999927e+002
1.7876492786339218e+000   1.3024999999999937e+002
1.7810082310372515e+000   1.2869999999999931e+002
1.7742049794671426e+000   1.2714999999999924e+002
1.7672230059775889e+000   1.2559999999999923e+002
1.7600430084569034e+000   1.2404999999999922e+002
1.7526422386742635e+000   1.2249999999999937e+002
1.7449936353599833e+000   1.2094999999999987e+002
1.7370646738549282e+000   1.1939999999999975e+002
1.7288158183629658e+000   1.1784999999999997e+002
1.7201984094038574e+000   1.1629999999999927e+002
1.7111517386983461e+000   1.1474999999999932e+002
1.7015989449054949e+000   1.1319999999999936e+002
1.6914411975406620e+000   1.1164999999999935e+002
1.6805494412303947e+000   1.1009999999999934e+002
1.6687528866806183e+000   1.0854999999999944e+002
1.6558240475825601e+000   1.0699999999999966e+002
1.6414635678189979e+000   1.0544999999999970e+002
1.6253011225869822e+000   1.0389999999999986e+002
1.6069671364022828e+000   1.0234999999999980e+002
1.5863566515078296e+000   1.0079999999999984e+002
1.5641360570374689e+000   9.9249999999999773e+001
1.5419583382454072e+000   9.7699999999999932e+001
1.5215486277296184e+000   9.6149999999999920e+001
1.5035619212887033e+000   9.4599999999999909e+001
1.4877371745278869e+000   9.3049999999999841e+001
1.4735779951218242e+000   9.1499999999999773e+001
1.4606619366246869e+000   8.9949999999999875e+001
1.4486824929846474e+000   8.8399999999999864e+001
1.4374234719149952e+000   8.6849999999999795e+001
1.4267307477777986e+000   8.5299999999999955e+001
1.4164920565874544e+000   8.3749999999999943e+001
1.4066237186343635e+000   8.2200000000000045e+001
1.3970619925696730e+000   8.0649999999999977e+001
1.3877573650001058e+000   7.9099999999999852e+001
1.3786706979797723e+000   7.7549999999999727e+001
1.3697705708842027e+000   7.5999999999999943e+001
1.3610314064134739e+000   7.4449999999999989e+001
1.3524321228092682e+000   7.2899999999999807e+001
1.3439551467534838e+000   7.1349999999999966e+001
1.3355856784173428e+000   6.9800000000000011e+001
1.3273111360215188e+000   6.8249999999999773e+001
1.3191207303401944e+000   6.6699999999999761e+001
1.3110051347134111e+000   6.5149999999999864e+001
1.3029562262445216e+000   6.3599999999999682e+001
1.2949668807376233e+000   6.2049999999999613e+001
1.2870308086849513e+000   6.0499999999999602e+001
1.2791424229518893e+000   5.8949999999999818e+001
1.2712967311830077e+000   5.7399999999999693e+001
1.2634892476660562e+000   5.5849999999999852e+001
1.2557159206416977e+000   5.4299999999999898e+001
1.2479730719706068e+000   5.2749999999999886e+001
1.2402573467589348e+000   5.1199999999999932e+001
1.2325656710630146e+000   4.9649999999999864e+001
1.2248952161897380e+000   4.8099999999999739e+001
1.2172433684128101e+000   4.6549999999999841e+001
1.2096077031602608e+000   4.4999999999999943e+001
1.2019859629121097e+000   4.3449999999999761e+001
1.1943760381913437e+000   4.1899999999999977e+001
1.1867759511455231e+000   4.0349999999999795e+001
1.1791838413073144e+000   3.8799999999999898e+001
1.1715979531950895e+000   3.7249999999999829e+001
1.1640166254735063e+000   3.5699999999999932e+001
1.1564382814415253e+000   3.4149999999999864e+001
1.1488614206540868e+000   3.2599999999999795e+001
1.1412846115152897e+000   3.1049999999999898e+001
1.1337064847069558e+000   2.9499999999999943e+001
1.1261257273378689e+000   2.7949999999999818e+001
1.1185410777166978e+000   2.6399999999999977e+001
1.1109513206663177e+000   2.4849999999999909e+001
1.1033552833094840e+000   2.3299999999999841e+001
1.0957518312659944e+000   2.1749999999999943e+001
1.0881398652100218e+000   2.0199999999999818e+001
1.0805183177434503e+000   1.8649999999999920e+001
1.0728861505470069e+000   1.7099999999999909e+001
1.0652423517760738e+000   1.5549999999999784e+001
1.0575859336722857e+000   1.3999999999999886e+001
1.0499159303655821e+000   1.2449999999999818e+001
1.0422313958445077e+000   1.0899999999999864e+001
1.0345314020750396e+000   9.3499999999998522e+000
1.0268150372505147e+000   7.7999999999998408e+000
1.0190814041571146e+000   6.2499999999997726e+000
1.0113296186410232e+000   4.6999999999999886e+000
1.0035588081648552e+000   3.1499999999999773e+000
9.9576811044226698e-001   1.5999999999999659e+000
9.8795667214079963e-001   4.9999999999897682e-002
9.8012364764413440e-001   -1.5000000000001137e+000
9.7226819786586338e-001   -3.0500000000001251e+000
9.6438948910783229e-001   -4.6000000000001933e+000
9.5648669195688396e-001   -6.1500000000000909e+000
9.4855898021460372e-001   -7.7000000000002160e+000
9.4060552985529688e-001   -9.2500000000000568e+000
9.3262551800798565e-001   -1.0800000000000182e+001
9.2461812195868098e-001   -1.2350000000000193e+001
9.1658251816949077e-001   -1.3900000000000091e+001
9.0851788131138278e-001   -1.5450000000000216e+001
9.0042338330753391e-001   -1.7000000000000171e+001
8.9229819238420238e-001   -1.8550000000000182e+001
8.8414147212602745e-001   -2.0100000000000165e+001
8.7595238053248570e-001   -2.1650000000000205e+001
8.6773006907208738e-001   -2.3200000000000188e+001
8.5947368173069028e-001   -2.4750000000000171e+001
8.5118235405008247e-001   -2.6300000000000068e+001
8.4285521215280523e-001   -2.7850000000000222e+001
8.3449137174904187e-001   -2.9400000000000063e+001
8.2608993712117951e-001   -3.0950000000000017e+001
8.1765000008162358e-001   -3.2500000000000057e+001
8.0917063889924368e-001   -3.4050000000000182e+001
8.0065091718978620e-001   -3.5600000000000136e+001
7.9208988276541936e-001   -3.7150000000000205e+001
7.8348656643846581e-001   -3.8700000000000102e+001
7.7483998077414140e-001   -4.0250000000000227e+001
7.6614911878693093e-001   -4.1800000000000182e+001
7.5741295257486285e-001   -4.3350000000000080e+001
7.5741295257486285e-001   -4.3350000000000080e+001
7.0000000000000000e+001   159
1.9892997667342167e+000   1.9999999999999994e+002
1.9848702204397359e+000   1.9844999999999970e+002
1.9804163064404616e+000   1.9689999999999969e+002
1.9759373058545895e+000   1.9534999999999980e+002
1.9714324640671106e+000   1.9379999999999978e+002
1.9669009883031878e+000   1.9224999999999977e+002
1.9623420449899729e+000   1.9069999999999970e+002
1.9577547568842042e+000   1.8914999999999969e+002
1.9531381999400073e+000   1.8759999999999968e+002
1.9484913998880176e+000   1.8604999999999973e+002
1.9438133284931327e+000   1.8449999999999972e+002
1.9391028994537778e+000   1.8294999999999959e+002
1.9343589639005119e+000   1.8139999999999964e+002
1.9295803054458818e+000   1.7984999999999974e+002
1.9247656347306075e+000   1.7829999999999978e+002
1.9199135834031900e+000   1.7674999999999966e+002
1.9150226974607190e+000   1.7519999999999959e+002
1.9100914298677745e+000   1.7364999999999964e+002
1.9051181323574651e+000   1.7209999999999957e+002
1.9001010463035988e+000   1.7054999999999973e+002
1.8950382925351195e+000   1.6899999999999960e+002
1.8899278599428466e+000   1.6744999999999959e+002
1.8847675927034060e+000   1.6589999999999964e+002
1.8795551759153155e+000   1.6434999999999957e+002
1.8742881194063352e+000   1.6279999999999956e+002
1.8689637394281522e+000   1.6124999999999960e+002
1.8635791379026474e+000   1.5969999999999959e+002
1.8581311788213368e+000   1.5814999999999964e+002
1.8526164613235747e+000   1.5659999999999962e+002
1.8470312888866274e+000   1.5504999999999956e+002
1.8413716339478245e+000   1.5349999999999966e+002
1.8356330971406212e+000   1.5194999999999959e+002
1.8298108601565226e+000   1.5039999999999958e+002
1.8238996310353759e+000   1.4884999999999962e+002
1.8178935804280878e+000   1.4729999999999956e+002
1.8117862670560876e+000   1.4574999999999960e+002
1.8055705501962325e+000   1.4419999999999965e+002
1.7992384865306781e+000   1.4264999999999969e+002
1.7927812080980010e+000   1.4109999999999974e+002
1.7861887773425156e+000   1.3954999999999956e+002
1.7794500143622483e+000   1.3799999999999966e+002
1.7725522903893840e+000   1.3644999999999970e+002
1.7654812803093454e+000   1.3489999999999958e+002
1.7582206656958632e+000   1.3334999999999968e+002
1.7507517785774858e+000   1.3179999999999961e+002
1.7430531753425176e+000   1.3024999999999977e+002
1.7351001306537044e+000   1.2869999999999976e+002
1.7268640446424726e+000   1.2714999999999981e+002
1.7183117662597303e+000   1.2559999999999968e+002
1.7094048577931771e+000   1.2404999999999967e+002
1.7000988721197610e+000   1.2249999999999983e+002
1.6903428069198250e+000   1.2094999999999982e+002
1.6800790760443711e+000   1.1939999999999975e+002
1.6692446541937580e+000   1.1784999999999991e+002
1.6577745703470654e+000   1.1629999999999984e+002
1.6456096419967055e+000   1.1474999999999989e+002
1.6327109404619660e+000   1.1319999999999987e+002
1.6190828328665194e+000   1.1164999999999986e+002
1.6048022517547023e+000   1.1009999999999985e+002
1.5900422930308968e+000   1.0854999999999984e+002
1.5750683067906908e+000   1.0699999999999994e+002
1.5601905589360892e+000   1.0544999999999993e+002
1.5456887790053802e+000   1.0390000000000003e+002
1.5317524010807220e+000   1.0235000000000002e+002
1.5184668663342622e+000   1.0080000000000013e+002
1.5058371309204517e+000   9.9250000000000284e+001
1.4938214631408469e+000   9.7700000000000273e+001
1.4823580649715553e+000   9.6150000000000205e+001
1.4713808955723233e+000   9.4600000000000250e+001
1.4608274081416881e+000   9.3050000000000125e+001
1.4506415995808117e+000   9.1500000000000171e+001
1.4407747086423857e+000   8.9950000000000045e+001
1.4311848635995501e+000   8.8400000000000205e+001
1.4218363317145413e+000   8.6849999999999966e+001
1.4126986756490709e+000   8.5299999999999784e+001
1.4037459493312332e+000   8.3749999999999829e+001
1.3949559833327161e+000   8.2200000000000102e+001
1.3863097717762094e+000   8.0649999999999864e+001
1.3777909562130104e+000   7.9099999999999966e+001
1.3693853955558111e+000   7.7549999999999727e+001
1.3610808095635094e+000   7.5999999999999886e+001
1.3528664838989546e+000   7.4449999999999875e+001
1.3447330261318662e+000   7.2899999999999977e+001
1.3366721636268375e+000   7.1349999999999966e+001
1.3286765757652281e+000   6.9799999999999898e+001
1.3207397542890924e+000   6.8249999999999602e+001
1.3128558866951987e+000   6.6699999999999534e+001
1.3050197585537893e+000   6.5149999999999750e+001
1.2972266714016938e+000   6.3599999999999795e+001
1.2894723734883473e+000   6.2049999999999784e+001
1.2817530011612617e+000   6.0499999999999716e+001
1.2740650290869824e+000   5.8949999999999875e+001
1.2664052278334443e+000   5.7399999999999750e+001
1.2587706276056065e+000   5.5849999999999909e+001
1.2511584871410750e+000   5.4299999999999841e+001
1.2435662669464260e+000   5.2749999999999943e+001
1.2359916061960992e+000   5.1199999999999818e+001
1.2284323027308610e+000   4.9649999999999977e+001
1.2208862956868007e+000   4.8099999999999852e+001
1.2133516503629647e+000   4.6549999999999955e+001
1.2058265449991583e+000   4.4999999999999943e+001
1.1983092591878675e+000   4.3449999999999932e+001
1.1907981636876233e+000   4.1899999999999864e+001
1.1832917114412387e+000   4.0349999999999909e+001
1.1757884296323886e+000   3.8799999999999955e+001
1.1682869126391728e+000   3.7250000000000000e+001
1.1607858157643594e+000   3.5699999999999875e+001
1.1532838496397224e+000   3.4149999999999977e+001
1.1457797752168135e+000   3.2599999999999795e+001
1.1382723992690900e+000   3.1049999999999841e+001
1.1307605703409720e+000   2.9499999999999943e+001
1.1232431750884400e+000   2.7949999999999875e+001
1.1157191349633993e+000   2.6399999999999807e+001
1.1081874032005641e+000   2.4849999999999852e+001
1.1006469620711206e+000   2.3299999999999841e+001
1.0930968203721196e+000   2.1749999999999886e+001
1.0855360111245340e+000   2.0199999999999818e+001
1.0779635894563353e+000   1.8649999999999920e+001
1.0703786306497769e+000   1.7099999999999852e+001
1.0627802283345880e+000   1.5549999999999841e+001
1.0551674928108199e+000   1.3999999999999886e+001
1.0475395494868840e+000   1.2449999999999875e+001
1.0398955374198533e+000   1.0899999999999977e+001
1.0322346079463705e+000   9.3499999999997954e+000
1.0245559233936796e+000   7.7999999999998408e+000
1.0168586558612402e+000   6.2499999999999432e+000
1.0091419860642807e+000   4.6999999999997613e+000
1.0014051022314501e+000   3.1499999999998636e+000
9.9364719904939414e-001   1.5999999999999091e+000
9.8586747664781016e-001   4.9999999999840838e-002
9.7806513961912855e-001   -1.5000000000000568e+000
9.7023939606755738e-001   -3.0500000000002387e+000
9.6238945668282805e-001   -4.6000000000000796e+000
9.5451453383443663e-001   -6.1500000000000909e+000
9.4661384068274645e-001   -7.7000000000001592e+000
9.3868659030363399e-001   -9.2500000000000568e+000
9.3073199482383306e-001   -1.0800000000000125e+001
9.2274926456434092e-001   -1.2350000000000080e+001
9.1473760718948627e-001   -1.3900000000000091e+001
9.0669622685938378e-001   -1.5450000000000159e+001
8.9862432338350617e-001   -1.7000000000000171e+001
8.9052109137307212e-001   -1.8550000000000125e+001
8.8238571938981414e-001   -2.0100000000000108e+001
8.7421738908851687e-001   -2.1650000000000063e+001
8.6601527435047321e-001   -2.3200000000000102e+001
8.5777854040482460e-001   -2.4750000000000057e+001
8.4950634293441996e-001   -2.6300000000000068e+001
8.4119782716269487e-001   -2.7850000000000108e+001
8.3285212691779209e-001   -2.9400000000000176e+001
8.2446836367000198e-001   -3.0950000000000131e+001
8.1604564553840397e-001   -3.2500000000000171e+001
8.0758306626248888e-001   -3.4050000000000153e+001
7.9907970413432849e-001   -3.5600000000000136e+001
7.9053462088676274e-001   -3.7150000000000148e+001
7.8194686053283258e-001   -3.8700000000000017e+001
7.7331544815152442e-001   -4.0250000000000142e+001
7.6463938861455860e-001   -4.1800000000000097e+001
7.5591766524868043e-001   -4.3350000000000279e+001
7.5591766524868043e-001   -4.3350000000000279e+001
8.0000000000000000e+001   159
1.9663268212377356e+000   1.9999999999999949e+002
1.9617290235113380e+000   1.9844999999999987e+002
1.9571018051785445e+000   1.9689999999999981e+002
1.9524442173259504e+000   1.9534999999999985e+002
1.9477552610225313e+000   1.9379999999999973e+002
1.9430338837640440e+000   1.9224999999999983e+002
1.9382789755980920e+000   1.9069999999999976e+002
1.9334893648953095e+000   1.8914999999999986e+002
1.9286638137277250e+000   1.8759999999999991e+002
1.9238010128104543e+000   1.8604999999999978e+002
1.9188995759571918e+000   1.8449999999999983e+002
1.9139580339934794e+000   1.8294999999999965e+002
1.9089748280643599e+000   1.8139999999999986e+002
1.9039483022644643e+000   1.7984999999999980e+002
1.8988766955088932e+000   1.7829999999999978e+002
1.8937581325520052e+000   1.7674999999999977e+002
1.8885906140484039e+000   1.7519999999999982e+002
1.8833720055356584e+000   1.7364999999999981e+002
1.8781000252013365e+000   1.7209999999999968e+002
1.8727722302775027e+000   1.7054999999999978e+002
1.8673860018836381e+000   1.6899999999999977e+002
1.8619385281134844e+000   1.6744999999999976e+002
1.8564267851325218e+000   1.6589999999999975e+002
1.8508475160200961e+000   1.6434999999999974e+002
1.8451972070536240e+000   1.6279999999999967e+002
1.8394720610917412e+000   1.6124999999999983e+002
1.8336679676690215e+000   1.5969999999999982e+002
1.8277804693679627e+000   1.5814999999999981e+002
1.8218047239860269e+000   1.5659999999999968e+002
1.8157354619699984e+000   1.5504999999999973e+002
1.8095669385523656e+000   1.5349999999999983e+002
1.8032928800039849e+000   1.5194999999999976e+002
1.7969064234289815e+000   1.5039999999999981e+002
1.7904000495949153e+000   1.4884999999999985e+002
1.7837655084507689e+000   1.4729999999999978e+002
1.7769937372941433e+000   1.4574999999999989e+002
1.7700747720951042e+000   1.4419999999999976e+002
1.7629976534014731e+000   1.4264999999999975e+002
1.7557503297414245e+000   1.4109999999999991e+002
1.7483195638065698e+000   1.3954999999999973e+002
1.7406908503854170e+000   1.3799999999999983e+002
1.7328483606554677e+000   1.3644999999999987e+002
1.7247749358961519e+000   1.3489999999999975e+002
1.7164521660486594e+000   1.3334999999999985e+002
1.7078606060153321e+000   1.3179999999999978e+002
1.6989802059997039e+000   1.3024999999999994e+002
1.6897910608995468e+000   1.2869999999999993e+002
1.6802746133110762e+000   1.2714999999999986e+002
1.6704154625973373e+000   1.2559999999999985e+002
1.6602039123327554e+000   1.2404999999999973e+002
1.6496392854608239e+000   1.2249999999999983e+002
1.6387337942282170e+000   1.2094999999999987e+002
1.6275163390671479e+000   1.1939999999999969e+002
1.6160351028104496e+000   1.1784999999999985e+002
1.6043574791517283e+000   1.1629999999999990e+002
1.5925661660736765e+000   1.1474999999999983e+002
1.5807514378620851e+000   1.1319999999999987e+002
1.5690012958779642e+000   1.1164999999999981e+002
1.5573923182715848e+000   1.1009999999999985e+002
1.5459836907625295e+000   1.0854999999999990e+002
1.5348153379906107e+000   1.0700000000000000e+002
1.5239094344471915e+000   1.0544999999999999e+002
1.5132737828336043e+000   1.0390000000000003e+002
1.5029056645513215e+000   1.0234999999999991e+002
1.4927953075443201e+000   1.0079999999999995e+002
1.4829286345387895e+000   9.9249999999999943e+001
1.4732892735280216e+000   9.7699999999999989e+001
1.4638599487417403e+000   9.6149999999999864e+001
1.4546233994315125e+000   9.4600000000000023e+001
1.4455629573200997e+000   9.3050000000000011e+001
1.4366628851701564e+000   9.1499999999999943e+001
1.4279085522626511e+000   8.9949999999999932e+001
1.4192865013093017e+000   8.8399999999999920e+001
1.4107844453746361e+000   8.6849999999999909e+001
1.4023912217094054e+000   8.5299999999999898e+001
1.3940967209514155e+000   8.3749999999999773e+001
1.3858918040979633e+000   8.2199999999999932e+001
1.3777682153667823e+000   8.0649999999999807e+001
1.3697184960675148e+000   7.9099999999999909e+001
1.3617359025483966e+000   7.7549999999999841e+001
1.3538143298971466e+000   7.6000000000000000e+001
1.3459482421634219e+000   7.4449999999999932e+001
1.3381326092882915e+000   7.2899999999999523e+001
1.3303628505695013e+000   7.1349999999999682e+001
1.3226347842861033e+000   6.9799999999999727e+001
1.3149445830003563e+000   6.8249999999999716e+001
1.3072887340131074e+000   6.6699999999999648e+001
1.2996640044468830e+000   6.5149999999999807e+001
1.2920674104524665e+000   6.3599999999999795e+001
1.2844961900691942e+000   6.2049999999999670e+001
1.2769477793096422e+000   6.0499999999999886e+001
1.2694197910816085e+000   5.8949999999999761e+001
1.2619099966016774e+000   5.7399999999999750e+001
1.2544163089936646e+000   5.5849999999999852e+001
1.2469367688012671e+000   5.4299999999999898e+001
1.2394695311768495e+000   5.2749999999999943e+001
1.2320128545375337e+000   5.1199999999999818e+001
1.2245650905057524e+000   4.9649999999999920e+001
1.2171246749744082e+000   4.8099999999999909e+001
1.2096901201569907e+000   4.6549999999999955e+001
1.2022600075007637e+000   4.4999999999999886e+001
1.1948329813566450e+000   4.3449999999999761e+001
1.1874077433130108e+000   4.1899999999999864e+001
1.1799830471124817e+000   4.0349999999999795e+001
1.1725576940811115e+000   3.8800000000000011e+001
1.1651305290084020e+000   3.7249999999999829e+001
1.1577004364244199e+000   3.5699999999999704e+001
1.1502663372271302e+000   3.4149999999999920e+001
1.1428271856189975e+000   3.2599999999999852e+001
1.1353819663171225e+000   3.1050000000000011e+001
1.1279296920056052e+000   2.9499999999999829e+001
1.1204694010028118e+000   2.7949999999999818e+001
1.1130001551195421e+000   2.6399999999999920e+001
1.1055210376870783e+000   2.4849999999999909e+001
1.0980311517366048e+000   2.3299999999999841e+001
1.0905296183136863e+000   2.1749999999999829e+001
1.0830155749133776e+000   2.0199999999999818e+001
1.0754881740231648e+000   1.8649999999999807e+001
1.0679465817623133e+000   1.7099999999999909e+001
1.0603899766073843e+000   1.5549999999999841e+001
1.0528175481947124e+000   1.3999999999999886e+001
1.0452284961914617e+000   1.2449999999999989e+001
1.0376220292276626e+000   1.0900000000000034e+001
1.0299973638822228e+000   9.3499999999998522e+000
1.0223537237164946e+000   7.7999999999998408e+000
1.0146903383494361e+000   6.2499999999998295e+000
1.0070064425688732e+000   4.6999999999998749e+000
9.9930127547375014e-001   3.1499999999998636e+000
9.9157407964268718e-001   1.5999999999999091e+000
9.8382410032445933e-001   4.9999999999897682e-002
9.7605058464648675e-001   -1.5000000000000568e+000
9.6825278083767308e-001   -3.0500000000002956e+000
9.6042993746239347e-001   -4.6000000000000796e+000
9.5258130266267393e-001   -6.1500000000000909e+000
9.4470612340602034e-001   -7.7000000000001592e+000
9.3680364473654987e-001   -9.2500000000001137e+000
9.2887310902739795e-001   -1.0800000000000068e+001
9.2091375523250807e-001   -1.2350000000000080e+001
9.1292481813605975e-001   -1.3900000000000261e+001
9.0490552759782439e-001   -1.5450000000000159e+001
8.9685510779272248e-001   -1.7000000000000171e+001
8.8877277644275643e-001   -1.8550000000000097e+001
8.8065774403934105e-001   -2.0100000000000108e+001
8.7250921305385076e-001   -2.1650000000000176e+001
8.6432637713393368e-001   -2.3200000000000159e+001
8.5610842028294531e-001   -2.4750000000000114e+001
8.4785451601952444e-001   -2.6300000000000125e+001
8.3956382651412753e-001   -2.7850000000000136e+001
8.3123550169910654e-001   -2.9400000000000205e+001
8.2286867834867961e-001   -3.0950000000000131e+001
8.1446247912496705e-001   -3.2500000000000199e+001
8.0601601158610747e-001   -3.4050000000000153e+001
7.9752836715223863e-001   -3.5600000000000136e+001
7.8899862002500298e-001   -3.7150000000000091e+001
7.8042582605597144e-001   -3.8699999999999989e+001
7.7180902155916964e-001   -4.0250000000000227e+001
7.6314722206259145e-001   -4.1800000000000182e+001
7.5443942099322370e-001   -4.3350000000000193e+001
7.5443942099322370e-001   -4.3350000000000193e+001
