# Table format: T1D
# table_unit = barA
# axis1_unit = kJ/kg
# axis2_unit = null
# This file was automatically generated by generate_data_files.py
0.1	99
368.09083145315134	33.80440669365273
366.5117989130692	33.77749733788144
365.1572299242375	33.732864042262364
363.9479849112594	33.670702473618995
362.8301645026991	33.59120884326396
361.76927422791204	33.49458568142497
360.7427818732862	33.38104520799006
359.73543163651317	33.25081072240565
358.73652217209076	33.10411713317336
357.7383091892898	32.941211124468865
356.7350378237418	32.76235115850019
355.72233531467606	32.56780739566911
354.69681665000695	32.35786156842372
353.6558204554887	32.13280682540924
352.5972271555747	31.892947553997804
351.51933066617767	31.638599185243525
350.42074586395614	31.370087983351514
349.30034054736603	31.08775082074252
348.15718452991973	30.791934939279667
346.9905109517894	30.482997697919775
345.7996864583304	30.16130630693966
344.5841879150942	29.82723754878297
343.34358400999963	29.481177485563915
342.07752055654004	29.12352115324046
340.7857086324054	28.754672242489267
339.46791491335705	28.375042766319343
338.1239537230695	27.985052714484628
336.7536804362337	27.58512969478249
335.3569859576099	27.175708561356576
333.9337920631831	26.75723103013598
332.4840474372422	26.330145281598302
331.0077242753237	25.894905551058805
329.5048153507024	25.45197170672275
327.97533141139445	25.001808816815792
326.41929900110944	24.54488670285881
324.8367585429045	24.081679481820874
323.2277625472261	23.612665099446264
321.59237406750947	23.138324851988404
319.9306653234427	22.659142897868374
318.24271647085175	22.175605759727656
316.5286145011875	21.688201817339362
314.78845225680305	21.197420791878812
313.02232755062045	20.7037532220534
311.2303423807607	20.207689932586756
309.4126022321108	19.709721495556508
307.56921545794216	19.210337685076603
305.70029273548323	18.71002692578843
303.8059465899657	18.209275735613733
301.88629098208855	17.70856816319825
299.9414409541643	17.208385220429186
297.9715123304303	16.709204310429662
295.9766214672094	16.21149865132546
293.95688504873357	15.715736696129756
291.91241992459146	15.222381549013278
289.84334298489006	14.731890378221525
287.7497710693803	14.244713825891386
285.63182090694335	13.761295414981381
283.4896090820299	13.282070953557087
281.32325202481627	12.807467936658194
279.1328660220883	12.33790494596716
276.91856724605054	11.8737910475853
274.6804717985231	11.415525188173634
272.4186957682184	10.96349558983367
270.13335529902963	10.518079144108953
267.82456666752086	10.079640805594776
265.49244636803314	9.648532985699799
263.1371109846099	9.225094942727393
260.75867744893236	8.809652181302857
258.3572633796264	8.402515856017137
255.932986991293	8.003982169608946
253.48596719966002	7.614331779738505
251.01632372904228	7.233829211765226
248.52417722185632	6.86272227908391
246.00964935003844	6.501241512733209
243.47286292835133	6.149599602232435
240.91394202963093	5.807990849806658
238.33301210207708	5.476590640420309
235.73020008876216	5.155554930293791
233.10563454949354	4.845019756844353
230.45944578520204	4.5451007732856095
227.79176596491664	4.255892811407664
225.10272925533528	3.9774694763813425
222.39247195284892	3.709882777758875
219.6611326176654	3.4531628011136015
216.90885220946492	3.207317425188708
214.13577422367186	2.9723320896444987
211.34204482701207	2.7481696189477707
208.52781299056184	2.53477010811572
205.69323061783598	2.332050876476018
202.83845266475856	2.1399064957842002
199.96363724743526	1.958208899315532
197.06894573262895	1.7868075787596267
194.15454280456694	1.6255298758618513
191.22059650025153	1.474181375815131
188.26727820380745	1.3325464094262125
185.29476258840393	1.2003886708565936
182.3032274921254	1.077451957520307
179.2928537117108	0.9634610382722862
176.26382469522505	0.858122655325215
0.2	99
368.58188051786357	33.80440669365273
367.44571684879287	33.77749733788144
366.476539583647	33.732864042262364
365.6073274158127	33.670702473618995
364.79682628092706	33.59120884326396
364.01955309503956	33.49458568142497
363.2590459573928	33.38104520799006
362.504192394201	33.25081072240565
361.74720077920983	33.10411713317336
360.9824314091353	32.941211124468865
360.2056929361543	32.76235115850019
359.4138014910204	32.56780739566911
358.6042942983985	32.35786156842372
357.7752376489427	32.13280682540924
356.9250944950411	31.892947553997804
356.05263088537663	31.638599185243525
355.1568483935969	31.370087983351514
354.2369343691905	31.08775082074252
353.29222467400473	30.791934939279667
352.3221753360237	30.482997697919775
351.32634068292765	30.16130630693966
350.3043562580054	29.82723754878297
349.25592531531987	29.481177485563915
348.18080802771055	29.12352115324046
347.0788127744802	28.754672242489267
345.9497890399457	28.375042766319343
344.7936215714353	27.985052714484628
343.6102255305288	27.58512969478249
342.39954243382385	27.175708561356576
341.1615367260412	26.75723103013598
339.89619286326683	26.330145281598302
338.60351281069177	25.894905551058805
337.2835138796462	25.45197170672275
335.93622680822165	25.001808816815792
334.5616941444292	24.54488670285881
333.15996882689797	24.081679481820874
331.73111286024965	23.612665099446264
330.2751961680202	23.138324851988404
328.79229556863424	22.659142897868374
327.2824938593089	22.175605759727656
325.7458789957368	21.688201817339362
324.18254335776015	21.197420791878812
322.5925830929921	20.7037532220534
320.9760975317753	20.207689932586756
319.3331886678574	19.709721495556508
317.66396069996216	19.210337685076603
315.9685196299646	18.71002692578843
314.2469729137915	18.209275735613733
312.49942916142527	17.70856816319825
310.72599788259134	17.208385220429186
308.92678927481177	16.709204310429662
307.1019140506463	16.21149865132546
305.25148330098756	15.715736696129756
303.3756083913774	15.222381549013278
301.47440088839113	14.731890378221525
299.54797251325044	14.244713825891386
297.59643511993346	13.761295414981381
295.61990069521346	13.282070953557087
293.61848137818663	12.807467936658194
291.59228949707455	12.33790494596716
289.54143762122544	11.8737910475853
287.4660386264947	11.415525188173634
285.3662057723696	10.96349558983367
283.24205278942503	10.518079144108953
281.09369397593434	10.079640805594776
278.9212443026581	9.648532985699799
276.7248192794826	9.225094942727393
274.50453524903094	8.809652181302857
272.2605097806887	8.402515856017137
269.99286158630014	8.003982169608946
267.7017106557434	7.614331779738505
265.38717839868184	7.233829211765226
263.0493877927856	6.86272227908391
260.6884635388171	6.501241512733209
258.30453222312434	6.149599602232435
255.897722488151	5.807990849806658
253.46816521162862	5.476590640420309
251.0159936951994	5.155554930293791
248.54134386317415	4.845019756844353
246.04435447216068	4.5451007732856095
243.52516733217962	4.255892811407664
240.9839275398107	3.9774694763813425
238.42078372372342	3.709882777758875
235.83588830268263	3.4531628011136015
233.2293977558296	3.207317425188708
230.60147290460444	2.9723320896444987
227.9522792051009	2.7481696189477707
225.28198704905222	2.53477010811572
222.59077207074037	2.332050876476018
219.8788154561905	2.1399064957842002
217.14630424975613	1.958208899315532
214.39343165185073	1.7868075787596267
211.6203972998734	1.6255298758618513
208.82740752245707	1.474181375815131
206.01467555508376	1.3325464094262125
203.18242170252594	1.2003886708565936
200.33087343096886	1.077451957520307
197.46026536978533	0.9634610382722862
194.5708391996668	0.858122655325215
0.3	99
369.0729295825757	33.80440669365273
368.37963478451655	33.77749733788144
367.79584924305664	33.732864042262364
367.26666992036604	33.670702473618995
366.763488059155	33.59120884326396
366.26983196216713	33.49458568142497
365.77531004149927	33.38104520799006
365.2729531518888	33.25081072240565
364.7578793863289	33.10411713317336
364.22655362898075	32.941211124468865
363.67634804856687	32.76235115850019
363.1052676673648	32.56780739566911
362.51177194678996	32.35786156842372
361.89465484239673	32.13280682540924
361.25296183450746	31.892947553997804
360.5859311045757	31.638599185243525
359.89295092323755	31.370087983351514
359.1735281910152	31.08775082074252
358.42726481808967	30.791934939279667
357.6538397202579	30.482997697919775
356.8529949075247	30.16130630693966
356.02452460091666	29.82723754878297
355.1682666206401	29.481177485563915
354.2840954988811	29.12352115324046
353.37191691655505	28.754672242489267
352.43166316653435	28.375042766319343
351.46328941980096	27.985052714484628
350.4667706248238	27.58512969478249
349.4420989100379	27.175708561356576
348.3892813888993	26.75723103013598
347.30833828929144	26.330145281598302
346.1993013460599	25.894905551058805
345.06221240858997	25.45197170672275
343.8971222050489	25.001808816815792
342.704089287749	24.54488670285881
341.4831791108915	24.081679481820874
340.23446317327324	23.612665099446264
338.95801826853085	23.138324851988404
337.65392581382577	22.659142897868374
336.3222712477661	22.175605759727656
334.9631434902861	21.688201817339362
333.5766344587173	21.197420791878812
332.16283863536376	20.7037532220534
330.7218526827899	20.207689932586756
329.253775103604	19.709721495556508
327.7587059419822	19.210337685076603
326.2367465244459	18.71002692578843
324.68799923761753	18.209275735613733
323.112567340762	17.70856816319825
321.51055481101827	17.208385220429186
319.8820662191931	16.709204310429662
318.22720663408313	16.21149865132546
316.5460815532416	15.715736696129756
314.8387968581634	15.222381549013278
313.10545879189226	14.731890378221525
311.3461739571206	14.244713825891386
309.5610493329236	13.761295414981381
307.7501923083969	13.282070953557087
305.913710731557	12.807467936658194
304.0517129720607	12.33790494596716
302.16430799640034	11.8737910475853
300.25160545446636	11.415525188173634
298.31371577652067	10.96349558983367
296.3507502798204	10.518079144108953
294.3628212843479	10.079640805594776
292.35004223728316	9.648532985699799
290.31252757435533	9.225094942727393
288.25039304912957	8.809652181302857
286.16375618175107	8.402515856017137
284.05273618130724	8.003982169608946
281.9174541118267	7.614331779738505
279.7580330683215	7.233829211765226
277.57459836371487	6.86272227908391
275.36727772759565	6.501241512733209
273.1362015178973	6.149599602232435
270.8815029466711	5.807990849806658
268.60331832118015	5.476590640420309
266.30178730163664	5.155554930293791
263.97705317685467	4.845019756844353
261.6292631591194	4.5451007732856095
259.2585686994425	4.255892811407664
256.8651258242861	3.9774694763813425
254.4490954945979	3.709882777758875
252.01064398769986	3.4531628011136015
249.5499433021943	3.207317425188708
247.06717158553698	2.9723320896444987
244.56251358318974	2.7481696189477707
242.0361611075426	2.53477010811572
239.48831352364482	2.332050876476018
236.9191782476224	2.1399064957842002
234.328971252077	1.958208899315532
231.7179175710724	1.7868075787596267
229.0862517951798	1.6255298758618513
226.43421854466254	1.474181375815131
223.76207290636006	1.3325464094262125
221.07008081664802	1.2003886708565936
218.3585193698123	1.077451957520307
215.6276770278599	0.9634610382722862
212.87785370410856	0.858122655325215
0.4	99
369.5639786472878	33.80440669365273
369.3135527202402	33.77749733788144
369.1151589024662	33.732864042262364
368.9260124249193	33.670702473618995
368.73014983738295	33.59120884326396
368.52011082929465	33.49458568142497
368.29157412560573	33.38104520799006
368.04171390957663	33.25081072240565
367.768557993448	33.10411713317336
367.4706758488263	32.941211124468865
367.1470031609794	32.76235115850019
366.79673384370915	32.56780739566911
366.41924959518144	32.35786156842372
366.01407203585075	32.13280682540924
365.5808291739739	31.892947553997804
365.1192313237747	31.638599185243525
364.6290534528782	31.370087983351514
364.1101220128398	31.08775082074252
363.5623049621746	30.791934939279667
362.9855041044922	30.482997697919775
362.3796491321219	30.16130630693966
361.7446929438279	29.82723754878297
361.0806079259604	29.481177485563915
360.38738297005153	29.12352115324046
359.66502105862986	28.754672242489267
358.91353729312283	28.375042766319343
358.13295726816676	27.985052714484628
357.3233157191189	27.58512969478249
356.48465538625186	27.175708561356576
355.6170260517575	26.75723103013598
354.72048371531605	26.330145281598302
353.795089881428	25.894905551058805
352.84091093753375	25.45197170672275
351.8580176018761	25.001808816815792
350.8464844310688	24.54488670285881
349.80638939488506	24.081679481820874
348.7378134862967	23.612665099446264
347.6408403690415	23.138324851988404
346.5155560590172	22.659142897868374
345.3620486362232	22.175605759727656
344.1804079848353	21.688201817339362
342.97072555967446	21.197420791878812
341.7330941777354	20.7037532220534
340.46760783380444	20.207689932586756
339.1743615393506	19.709721495556508
337.85345118400227	19.210337685076603
336.50497341892725	18.71002692578843
335.1290255614434	18.209275735613733
333.7257055200988	17.70856816319825
332.2951117394453	17.208385220429186
330.8373431635745	16.709204310429662
329.35249921752006	16.21149865132546
327.8406798054956	15.715736696129756
326.3019853249494	15.222381549013278
324.73651669539345	14.731890378221525
323.1443754009908	14.244713825891386
321.5256635459136	13.761295414981381
319.88048392158043	13.282070953557087
318.2089400849273	12.807467936658194
316.5111364470469	12.33790494596716
314.78717837157524	11.8737910475853
313.037172282438	11.415525188173634
311.26122578067185	10.96349558983367
309.4594477702157	10.518079144108953
307.63194859276143	10.079640805594776
305.7788401719082	9.648532985699799
303.900235869228	9.225094942727393
301.99625084922826	8.809652181302857
300.0670025828135	8.402515856017137
298.1126107763142	8.003982169608946
296.13319756791014	7.614331779738505
294.1288877379611	7.233829211765226
292.0998089346442	6.86272227908391
290.0460919163742	6.501241512733209
287.96787081267024	6.149599602232435
285.8652834051911	5.807990849806658
283.7384714307317	5.476590640420309
281.5875809080739	5.155554930293791
279.4127624905352	4.845019756844353
277.214171846078	4.5451007732856095
274.9919700667055	4.255892811407664
272.7463241087615	3.9774694763813425
270.4774072654724	3.709882777758875
268.18539967271715	3.4531628011136015
265.870488848559	3.207317425188708
263.53287026646956	2.9723320896444987
261.1727479612786	2.7481696189477707
258.79033516603295	2.53477010811572
256.3858549765493	2.332050876476018
253.9595410390543	2.1399064957842002
251.51163825439787	1.958208899315532
249.0424034902942	1.7868075787596267
246.5521062904862	1.6255298758618513
244.0410295668681	1.474181375815131
241.5094702576364	1.3325464094262125
238.9577399307701	1.2003886708565936
236.3861653086558	1.077451957520307
233.79508868593447	0.9634610382722862
231.1848682085503	0.858122655325215
0.5	99
370.055027712	33.80440669365273
370.2474706559639	33.77749733788144
370.4344685618757	33.732864042262364
370.58535492947254	33.670702473618995
370.69681161561084	33.59120884326396
370.77038969642217	33.49458568142497
370.80783820971226	33.38104520799006
370.8104746672645	33.25081072240565
370.77923660056706	33.10411713317336
370.71479806867177	32.941211124468865
370.61765827339195	32.76235115850019
370.48820002005357	32.56780739566911
370.3267272435729	32.35786156842372
370.1334892293047	32.13280682540924
369.90869651344025	31.892947553997804
369.65253154297375	31.638599185243525
369.3651559825189	31.370087983351514
369.0467158346644	31.08775082074252
368.6973451062596	30.791934939279667
368.31716848872645	30.482997697919775
367.9063033567191	30.16130630693966
367.4648612867391	29.82723754878297
366.99294923128065	29.481177485563915
366.49067044122205	29.12352115324046
365.95812520070467	28.754672242489267
365.3954114197115	28.375042766319343
364.8026251165325	27.985052714484628
364.17986081341394	27.58512969478249
363.52721186246583	27.175708561356576
362.8447707146156	26.75723103013598
362.13262914134066	26.330145281598302
361.3908784167961	25.894905551058805
360.6196094664775	25.45197170672275
359.81891299870335	25.001808816815792
358.98887957438853	24.54488670285881
358.1295996788786	24.081679481820874
357.24116379932025	23.612665099446264
356.3236624695522	23.138324851988404
355.37718630420875	22.659142897868374
354.4018260246804	22.175605759727656
353.39767247938465	21.688201817339362
352.36481666063156	21.197420791878812
351.30334972010706	20.7037532220534
350.213362984819	20.207689932586756
349.0949479750972	19.709721495556508
347.9481964260222	19.210337685076603
346.7732003134086	18.71002692578843
345.57005188526944	18.209275735613733
344.3388436994356	17.70856816319825
343.0796686678723	17.208385220429186
341.7926201079558	16.709204310429662
340.47779180095694	16.21149865132546
339.13527805774953	15.715736696129756
337.7651737917354	15.222381549013278
336.3675745988946	14.731890378221525
334.9425768448609	14.244713825891386
333.4902777589037	13.761295414981381
332.0107755347639	13.282070953557087
330.5041694382977	12.807467936658194
328.9705599220331	12.33790494596716
327.41004874675025	11.8737910475853
325.82273911040966	11.415525188173634
324.208735784823	10.96349558983367
322.5681452606111	10.518079144108953
320.9010759011749	10.079640805594776
319.2076381065331	9.648532985699799
317.48794416410067	9.225094942727393
315.7421086493268	8.809652181302857
313.9702489838759	8.402515856017137
312.17248537132133	8.003982169608946
310.3489410239935	7.614331779738505
308.4997424076007	7.233829211765226
306.62501950557356	6.86272227908391
304.72490610515285	6.501241512733209
302.79954010744325	6.149599602232435
300.8490638637112	5.807990849806658
298.87362454028323	5.476590640420309
296.8733745145112	5.155554930293791
294.8484718042158	4.845019756844353
292.7990805330366	4.5451007732856095
290.7253714339684	4.255892811407664
288.627522393237	3.9774694763813425
286.5057190363469	3.709882777758875
284.3601553577344	3.4531628011136015
282.19103439492363	3.207317425188708
279.99856894740213	2.9723320896444987
277.78298233936744	2.7481696189477707
275.5445092245233	2.53477010811572
273.2833964294537	2.332050876476018
270.99990383048623	2.1399064957842002
268.6943052567188	1.958208899315532
266.36688940951586	1.7868075787596267
264.01796078579264	1.6255298758618513
261.64784058907355	1.474181375815131
259.25686760891267	1.3325464094262125
256.84539904489213	1.2003886708565936
254.41381124749927	1.077451957520307
251.96250034400902	0.9634610382722862
249.4918827129921	0.858122655325215
0.6	99
370.54607677671214	33.80440669365273
371.1813885916876	33.77749733788144
371.75377822128524	33.732864042262364
372.24469743402585	33.670702473618995
372.6634733938388	33.59120884326396
373.0206685635497	33.49458568142497
373.3241022938187	33.38104520799006
373.57923542495234	33.25081072240565
373.78991520768614	33.10411713317336
373.9589202885173	32.941211124468865
374.0883133858045	32.76235115850019
374.1796661963979	32.56780739566911
374.23420489196445	32.35786156842372
374.2529064227587	32.13280682540924
374.2365638529066	31.892947553997804
374.1858317621728	31.638599185243525
374.10125851215963	31.370087983351514
373.9833096564889	31.08775082074252
373.8323852503446	30.791934939279667
373.64883287296067	30.482997697919775
373.43295758131626	30.16130630693966
373.1850296296504	29.82723754878297
372.9052905366009	29.481177485563915
372.59395791239257	29.12352115324046
372.2512293427795	28.754672242489267
371.87728554630013	28.375042766319343
371.4722929648982	27.985052714484628
371.03640590770897	27.58512969478249
370.56976833867986	27.175708561356576
370.0725153774737	26.75723103013598
369.5447745673654	26.330145281598302
368.98666695216417	25.894905551058805
368.39830799542136	25.45197170672275
367.77980839553055	25.001808816815792
367.13127471770844	24.54488670285881
366.45280996287204	24.081679481820874
365.74451411234384	23.612665099446264
365.0064845700628	23.138324851988404
364.23881654940027	22.659142897868374
363.4416034131376	22.175605759727656
362.6149369739339	21.688201817339362
361.7589077615887	21.197420791878812
360.8736052624787	20.7037532220534
359.9591181358336	20.207689932586756
359.01553441084394	19.709721495556508
358.04294166804226	19.210337685076603
357.0414272078899	18.71002692578843
356.01107820909533	18.209275735613733
354.9519818787723	17.70856816319825
353.86422559629926	17.208385220429186
352.7478970523372	16.709204310429662
351.6030843843938	16.21149865132546
350.4298763100035	15.715736696129756
349.2283622585213	15.222381549013278
347.9986325023957	14.731890378221525
346.740778288731	14.244713825891386
345.4548919718938	13.761295414981381
344.1410671479475	13.282070953557087
342.799398791668	12.807467936658194
341.42998339701927	12.33790494596716
340.03291912192515	11.8737910475853
338.6083059383813	11.415525188173634
337.1562457889741	10.96349558983367
335.67684275100646	10.518079144108953
334.17020320958835	10.079640805594776
332.63643604115816	9.648532985699799
331.0756524589734	9.225094942727393
329.4879664494254	8.809652181302857
327.8734953849382	8.402515856017137
326.23235996632843	8.003982169608946
324.56468448007683	7.614331779738505
322.87059707724035	7.233829211765226
321.1502300765028	6.86272227908391
319.4037202939315	6.501241512733209
317.6312094022162	6.149599602232435
315.83284432223127	5.807990849806658
314.0087776498348	5.476590640420309
312.15916812094855	5.155554930293791
310.28418111789637	4.845019756844353
308.3839892199953	4.5451007732856095
306.4587728012314	4.255892811407664
304.50872067771235	3.9774694763813425
302.53403080722137	3.709882777758875
300.5349110427516	3.4531628011136015
298.51157994128835	3.207317425188708
296.4642676283347	2.9723320896444987
294.39321671745626	2.7481696189477707
292.2986832830137	2.53477010811572
290.18093788235814	2.332050876476018
288.04026662191814	2.1399064957842002
285.87697225903963	1.958208899315532
283.69137532873765	1.7868075787596267
281.4838152810991	1.6255298758618513
279.2546516112791	1.474181375815131
277.004264960189	1.3325464094262125
274.7330581590142	1.2003886708565936
272.44145718634275	1.077451957520307
270.1299120020836	0.9634610382722862
267.7988972174338	0.858122655325215
0.7	99
371.03712584142426	33.80440669365273
372.1153065274113	33.77749733788144
373.0730878806949	33.732864042262364
373.9040399385792	33.670702473618995
374.6301351720668	33.59120884326396
375.27094743067727	33.49458568142497
375.84036637792514	33.38104520799006
376.34799618264014	33.25081072240565
376.8005938148052	33.10411713317336
377.2030425083627	32.941211124468865
377.558968498217	32.76235115850019
377.87113237274224	32.56780739566911
378.141682540356	32.35786156842372
378.3723236162127	32.13280682540924
378.56443119237304	31.892947553997804
378.7191319813718	31.638599185243525
378.8373610418003	31.370087983351514
378.91990347831353	31.08775082074252
378.96742539442954	30.791934939279667
378.98049725719494	30.482997697919775
378.95961180591337	30.16130630693966
378.90519797256167	29.82723754878297
378.8176318419211	29.481177485563915
378.69724538356303	29.12352115324046
378.5443334848543	28.754672242489267
378.3591596728887	28.375042766319343
378.14196081326395	27.985052714484628
377.89295100200405	27.58512969478249
377.61232481489384	27.175708561356576
377.3002600403318	26.75723103013598
376.9569199933899	26.330145281598302
376.5824554875323	25.894905551058805
376.17700652436514	25.45197170672275
375.74070379235775	25.001808816815792
375.2736698610282	24.54488670285881
374.77602024686564	24.081679481820874
374.24786442536737	23.612665099446264
373.68930667057356	23.138324851988404
373.1004467945918	22.659142897868374
372.4813808015947	22.175605759727656
371.8322014684832	21.688201817339362
371.15299886254576	21.197420791878812
370.4438608048504	20.7037532220534
369.70487328684817	20.207689932586756
368.9361208465905	19.709721495556508
368.13768691006226	19.210337685076603
367.3096541023713	18.71002692578843
366.4521045329213	18.209275735613733
365.5651200581091	17.70856816319825
364.6487825247262	17.208385220429186
363.7031739967186	16.709204310429662
362.72837696783074	16.21149865132546
361.7244745622575	15.715736696129756
360.6915507253073	15.222381549013278
359.62969040589684	14.731890378221525
358.5389797326012	14.244713825891386
357.4195061848838	13.761295414981381
356.271358761131	13.282070953557087
355.09462814503837	12.807467936658194
353.88940687200545	12.33790494596716
352.65578949710005	11.8737910475853
351.3938727663529	11.415525188173634
350.10375579312523	10.96349558983367
348.7855402414018	10.518079144108953
347.4393305180019	10.079640805594776
346.06523397578314	9.648532985699799
344.6633607538461	9.225094942727393
343.23382424952405	8.809652181302857
341.77674178600057	8.402515856017137
340.2922345613355	8.003982169608946
338.78042793616027	7.614331779738505
337.2414517468799	7.233829211765226
335.6754406474321	6.86272227908391
334.08253448271	6.501241512733209
332.46287869698915	6.149599602232435
330.8166247807513	5.807990849806658
329.1439307593863	5.476590640420309
327.44496172738576	5.155554930293791
325.71989043157686	4.845019756844353
323.968897906954	4.5451007732856095
322.1921741684944	4.255892811407664
320.3899189621878	3.9774694763813425
318.56234257809587	3.709882777758875
316.70966672776893	3.4531628011136015
314.83212548765295	3.207317425188708
312.92996630926723	2.9723320896444987
311.0034510955451	2.7481696189477707
309.052857341504	2.53477010811572
307.07847933526256	2.332050876476018
305.0806294133501	2.1399064957842002
303.05963926136053	1.958208899315532
301.0158612479593	1.7868075787596267
298.94966977640547	1.6255298758618513
296.8614626334846	1.474181375815131
294.7516623114653	1.3325464094262125
292.6207172731363	1.2003886708565936
290.46910312518617	1.077451957520307
288.29732366015816	0.9634610382722862
286.1059117218756	0.858122655325215
0.8	99
371.5281749061364	33.80440669365273
373.0492244631349	33.77749733788144
374.3923975401044	33.732864042262364
375.56338244313247	33.670702473618995
376.5967969502947	33.59120884326396
377.5212262978048	33.49458568142497
378.3566304620317	33.38104520799006
379.116756940328	33.25081072240565
379.8112724219243	33.10411713317336
380.44716472820824	32.941211124468865
381.0296236106295	32.76235115850019
381.5625985490866	32.56780739566911
382.0491601887475	32.35786156842372
382.4917408096667	32.13280682540924
382.8922985318394	31.892947553997804
383.2524322005708	31.638599185243525
383.5734635714409	31.370087983351514
383.8564973001382	31.08775082074252
384.1024655385145	30.791934939279667
384.31216164142916	30.482997697919775
384.48626603051054	30.16130630693966
384.6253663154729	29.82723754878297
384.72997314724137	29.481177485563915
384.8005328547336	29.12352115324046
384.8374376269292	28.754672242489267
384.8410337994773	28.375042766319343
384.8116286616297	27.985052714484628
384.7494960962991	27.58512969478249
384.65488129110787	27.175708561356576
384.52800470318994	26.75723103013598
384.3690654194145	26.330145281598302
384.17824402290034	25.894905551058805
383.955705053309	25.45197170672275
383.701599189185	25.001808816815792
383.416065004348	24.54488670285881
383.0992305308592	24.081679481820874
382.75121473839096	23.612665099446264
382.3721287710842	23.138324851988404
381.96207703978337	22.659142897868374
381.5211581900519	22.175605759727656
381.04946596303245	21.688201817339362
380.5470899635029	21.197420791878812
380.01411634722206	20.7037532220534
379.45062843786275	20.207689932586756
378.85670728233714	19.709721495556508
378.2324321520823	19.210337685076603
377.5778809968526	18.71002692578843
376.89313085674723	18.209275735613733
376.17825823744585	17.70856816319825
375.4333394531532	17.208385220429186
374.65845094109994	16.709204310429662
373.85366955126756	16.21149865132546
373.01907281451156	15.715736696129756
372.1547391920933	15.222381549013278
371.260748309398	14.731890378221525
370.33718117647135	14.244713825891386
369.3841203978739	13.761295414981381
368.4016503743145	13.282070953557087
367.3898574984088	12.807467936658194
366.34883034699163	12.33790494596716
365.27865987227494	11.8737910475853
364.17943959432455	11.415525188173634
363.0512657972764	10.96349558983367
361.8942377317972	10.518079144108953
360.70845782641544	10.079640805594776
359.4940319104082	9.648532985699799
358.2510690487188	9.225094942727393
356.9796820496226	8.809652181302857
355.6799881870629	8.402515856017137
354.35210915634264	8.003982169608946
352.9961713922436	7.614331779738505
351.6123064165195	7.233829211765226
350.2006512183614	6.86272227908391
348.76134867148863	6.501241512733209
347.29454799176216	6.149599602232435
345.8004052392714	5.807990849806658
344.27908386893785	5.476590640420309
342.730755333823	5.155554930293791
341.1555997452575	4.845019756844353
339.5538065939126	4.5451007732856095
337.9255755357573	4.255892811407664
336.2711172466632	3.9774694763813425
334.5906543489704	3.709882777758875
332.8844224127862	3.4531628011136015
331.1526710340177	3.207317425188708
329.3956649901998	2.9723320896444987
327.61368547363406	2.7481696189477707
325.80703139999446	2.53477010811572
323.97602078816703	2.332050876476018
322.120992204782	2.1399064957842002
320.24230626368137	1.958208899315532
318.3403471671811	1.7868075787596267
316.4155242717119	1.6255298758618513
314.46827365569015	1.474181375815131
312.4990596627417	1.3325464094262125
310.5083763872583	1.2003886708565936
308.4967490640297	1.077451957520307
306.46473531823267	0.9634610382722862
304.4129262263174	0.858122655325215
0.9	99
372.01922397084854	33.80440669365273
373.98314239885866	33.77749733788144
375.71170719951397	33.732864042262364
377.2227249476858	33.670702473618995
378.5634587285226	33.59120884326396
379.77150516493236	33.49458568142497
380.8728945461382	33.38104520799006
381.88551769801586	33.25081072240565
382.8219510290433	33.10411713317336
383.6912869480537	32.941211124468865
384.50027872304213	32.76235115850019
385.25406472543096	32.56780739566911
385.956637837139	32.35786156842372
386.6111580031207	32.13280682540924
387.2201658713058	31.892947553997804
387.7857324197699	31.638599185243525
388.3095661010816	31.370087983351514
388.79309112196273	31.08775082074252
389.2375056825995	30.791934939279667
389.6438260256634	30.482997697919775
390.0129202551077	30.16130630693966
390.3455346583841	29.82723754878297
390.64231445256166	29.481177485563915
390.90382032590406	29.12352115324046
391.130541769004	28.754672242489267
391.3229079260659	28.375042766319343
391.4812965099955	27.985052714484628
391.60604119059417	27.58512969478249
391.69743776732184	27.175708561356576
391.75574936604806	26.75723103013598
391.7812108454391	26.330145281598302
391.77403255826846	25.894905551058805
391.7344035822527	25.45197170672275
391.6624945860122	25.001808816815792
391.55846014766774	24.54488670285881
391.42244081485273	24.081679481820874
391.25456505141454	23.612665099446264
391.0549508715949	23.138324851988404
390.82370728497483	22.659142897868374
390.56093557850903	22.175605759727656
390.26673045758173	21.688201817339362
389.94118106445995	21.197420791878812
389.58437188959374	20.7037532220534
389.19638358887727	20.207689932586756
388.7772937180837	19.709721495556508
388.3271773941023	19.210337685076603
387.84610789133393	18.71002692578843
387.33415718057313	18.209275735613733
386.7913964167825	17.70856816319825
386.21789638158015	17.208385220429186
385.61372788548135	16.709204310429662
384.9789621347046	16.21149865132546
384.3136710667655	15.715736696129756
383.6179276588793	15.222381549013278
382.8918062128991	14.731890378221525
382.1353826203415	14.244713825891386
381.348734610864	13.761295414981381
380.5319419874981	13.282070953557087
379.68508685177915	12.807467936658194
378.8082538219778	12.33790494596716
377.90153024744995	11.8737910475853
376.96500642229626	11.415525188173634
375.99877580142754	10.96349558983367
375.0029352221926	10.518079144108953
373.9775851348289	10.079640805594776
372.92282984503316	9.648532985699799
371.8387773435916	9.225094942727393
370.72553984972126	8.809652181302857
369.5832345881254	8.402515856017137
368.4119837513497	8.003982169608946
367.211914848327	7.614331779738505
365.98316108615904	7.233829211765226
364.7258617892907	6.86272227908391
363.4401628602672	6.501241512733209
362.12621728653505	6.149599602232435
360.78418569779154	5.807990849806658
359.41423697848944	5.476590640420309
358.0165489402603	5.155554930293791
356.59130905893807	4.845019756844353
355.1387152808714	4.5451007732856095
353.6589769030203	4.255892811407664
352.1523155311386	3.9774694763813425
350.61896611984486	3.709882777758875
349.05917809780345	3.4531628011136015
347.4732165803824	3.207317425188708
345.8613636711324	2.9723320896444987
344.22391985172277	2.7481696189477707
342.5612054584848	2.53477010811572
340.87356224107157	2.332050876476018
339.1613549962139	2.1399064957842002
337.4249732660022	1.958208899315532
335.6648330864028	1.7868075787596267
333.8813787670183	1.6255298758618513
332.07508467789563	1.474181375815131
330.2464570140179	1.3325464094262125
328.3960355013803	1.2003886708565936
326.52439500287323	1.077451957520307
324.63214697630724	0.9634610382722862
322.7199407307591	0.858122655325215
