# Table format: T1D
# table_unit = barA
# axis1_unit = m**3/kg
# axis2_unit = null
# This file was automatically generated by generate_data_files.py
0.1	99
0.0020201745072357187	33.80440669365273
0.001965083134514841	33.77749733788144
0.0019218591481881832	33.732864042262364
0.0018867149519710845	33.670702473618995
0.001857224044375046	33.59120884326396
0.0018318834047341154	33.49458568142497
0.001809730348218199	33.38104520799006
0.0017901212426990082	33.25081072240565
0.001772608455720875	33.10411713317336
0.0017568700681834643	32.941211124468865
0.0017426680848077489	32.76235115850019
0.001729822564408212	32.56780739566911
0.001718195001887978	32.35786156842372
0.0017076772970051365	32.13280682540924
0.001698184217798804	31.892947553997804
0.0016896481205601586	31.638599185243525
0.0016820151689601905	31.370087983351514
0.0016752425749166544	31.08775082074252
0.0016692965520437653	30.791934939279667
0.0016641507765768652	30.482997697919775
0.001659785216706724	30.16130630693966
0.0016561852341866552	29.82723754878297
0.0016533408905846218	29.481177485563915
0.0016512464098708006	29.12352115324046
0.001649899762360379	28.754672242489267
0.0016493023443892938	28.375042766319343
0.0016494587347742132	27.985052714484628
0.0016503765139434974	27.58512969478249
0.0016520661351789696	27.175708561356576
0.0016545408400606017	26.75723103013598
0.001657816612213451	26.330145281598302
0.001661912165000934	25.894905551058805
0.0016668489600170577	25.45197170672275
0.0016726512550878704	25.001808816815792
0.0016793461778671051	24.54488670285881
0.0016869638256321495	24.081679481820874
0.001695537393168782	23.612665099446264
0.0017051033264416336	23.138324851988404
0.001715701503616952	22.659142897868374
0.001727375444626609	22.175605759727656
0.0017401725508805717	21.688201817339362
0.0017541443771550724	21.197420791878812
0.0017693469381194617	20.7037532220534
0.0017858410524269155	20.207689932586756
0.0018036927277937786	19.709721495556508
0.0018229735910409036	19.210337685076603
0.0018437613676802517	18.71002692578843
0.0018661404163137617	18.209275735613733
0.001890202323883032	17.70856816319825
0.0019160465686885477	17.208385220429186
0.0019437812590921738	16.709204310429662
0.0019735239569705926	16.21149865132546
0.0020054025962971014	15.715736696129756
0.0020395565087490473	15.222381549013278
0.0020761375699880455	14.731890378221525
0.0021153114822858978	14.244713825891386
0.002157259211519886	13.761295414981381
0.002202178599293168	13.282070953557087
0.0022502861741181663	12.807467936658194
0.002301819189321323	12.33790494596716
0.002357037919668872	11.8737910475853
0.0024162282538244123	11.415525188173634
0.0024797046257369064	10.96349558983367
0.0025478133351255375	10.518079144108953
0.002620936315569794	10.079640805594776
0.0026994954185890086	9.648532985699799
0.002783957298070962	9.225094942727393
0.0028748389776351354	8.809652181302857
0.0029727142171644414	8.402515856017137
0.00307822081906585	8.003982169608946
0.003192069016598259	7.614331779738505
0.0033150511310087493	7.233829211765226
0.0034480527150696277	6.86272227908391
0.0035920654423766928	6.501241512733209
0.0037482020524238677	6.149599602232435
0.003917713723076162	5.807990849806658
0.004102010317228919	5.476590640420309
0.004302684042459166	5.155554930293791
0.004521537175470109	4.845019756844353
0.004760614642370856	4.5451007732856095
0.005022242418027173	4.255892811407664
0.00530907292141679	3.9774694763813425
0.005624138850090634	3.709882777758875
0.005970917229750825	3.4531628011136015
0.006353405872729624	3.207317425188708
0.006776214965997812	2.9723320896444987
0.0072446771758395085	2.7481696189477707
0.007764980504193138	2.53477010811572
0.00834432921374175	2.332050876476018
0.00899113952762475	2.1399064957842002
0.009715278599521213	1.958208899315532
0.010528357568707463	1.7868075787596267
0.011444092534013867	1.6255298758618513
0.01247875123292388	1.474181375815131
0.013651708414122152	1.3325464094262125
0.01498613977780759	1.2003886708565936
0.01650989352703065	1.077451957520307
0.01825659085692469	0.9634610382722862
0.02026702326985164	0.858122655325215
0.2	99
0.00203954101616961	33.80440669365273
0.0020020848441860703	33.77749733788144
0.0019744096816002935	33.732864042262364
0.001953179810800206	33.670702473618995
0.0019364557302194538	33.59120884326396
0.0019230886601747576	33.49458568142497
0.001912359185844642	33.38104520799006
0.0019037934532499105	33.25081072240565
0.0018970664062535002	33.10411713317336
0.00189194793670296	32.941211124468865
0.0018882712971256058	32.76235115850019
0.0018859136972491388	32.56780739566911
0.0018847839024385285	32.35786156842372
0.0018848140340170494	32.13280682540924
0.0018859539890084523	31.892947553997804
0.001888167548566209	31.638599185243525
0.0018914296080072516	31.370087983351514
0.0018957241719799226	31.08775082074252
0.0019010428844182098	30.791934939279667
0.0019073839407539232	30.482997697919775
0.001914751279179755	30.16130630693966
0.001923153979803088	29.82723754878297
0.0019326058218105224	29.481177485563915
0.001943124963197247	29.12352115324046
0.0019547337175901923	28.754672242489267
0.001967458409718817	28.375042766319343
0.0019813292961191925	27.985052714484628
0.001996380541328494	27.58512969478249
0.0020126502425522838	27.175708561356576
0.002030180497851768	26.75723103013598
0.00204901751449171	26.330145281598302
0.0020692117553524686	25.894905551058805
0.0020908181223350236	25.45197170672275
0.0021138961790803288	25.001808816815792
0.0021385104060190493	24.54488670285881
0.0021647304938060452	24.081679481820874
0.002192631682112938	23.612665099446264
0.0022222951386266566	23.138324851988404
0.0022538083837452603	22.659142897868374
0.002287265764566223	22.175605759727656
0.0023227689823998605	21.688201817339362
0.002360427678721304	21.197420791878812
0.002400360085217894	20.7037532220534
0.0024426937444092136	20.207689932586756
0.0024875663082323494	19.709721495556508
0.0025351264230124987	19.210337685076603
0.0025855347104017557	18.71002692578843
0.002638964855188442	18.209275735613733
0.0026956048123814593	17.70856816319825
0.0027556581476997502	17.208385220429186
0.0028193455275562565	16.709204310429662
0.00288690637690655	16.21149865132546
0.0029586007259277923	15.715736696129756
0.0030347112695112686	15.222381549013278
0.003115545667031716	14.731890378221525
0.003201439113889694	14.244713825891386
0.0032927572210080607	13.761295414981381
0.0033898992439121292	13.282070953557087
0.0034933017093731794	12.807467936658194
0.0036034424950228015	12.33790494596716
0.003720845426016255	11.8737910475853
0.003846085463034302	11.415525188173634
0.003979794567878929	10.96349558983367
0.004122668347045029	10.518079144108953
0.004275473590326205	10.079640805594776
0.004439056841257515	9.648532985699799
0.004614354168258071	9.225094942727393
0.00480240230130354	8.809652181302857
0.005004351366891231	8.402515856017137
0.00522147950263395	8.003982169608946
0.005455209635815744	7.614331779738505
0.005707128799524653	7.233829211765226
0.005979010421552774	6.86272227908391
0.006272840104788057	6.501241512733209
0.006590845519129839	6.149599602232435
0.006935531148172697	5.807990849806658
0.0073097187842338296	5.476590640420309
0.007716594849334282	5.155554930293791
0.008159765845733864	4.845019756844353
0.008643323518101336	4.5451007732856095
0.009171921653788337	4.255892811407664
0.009750866875070626	3.9774694763813425
0.010386226309555643	3.709882777758875
0.011084955690774024	3.4531628011136015
0.011855052276519156	3.207317425188708
0.012705738026187213	2.9723320896444987
0.013647679811386825	2.7481696189477707
0.014693255129812625	2.53477010811572
0.015856873956543494	2.332050876476018
0.017155370144503634	2.1399064957842002
0.018608479365579998	1.958208899315532
0.020239425221594307	1.7868075787596267
0.022075641192971132	1.6255298758618513
0.024149663997579077	1.474181375815131
0.026500244336347963	1.3325464094262125
0.029173734774282055	1.2003886708565936
0.03222583284337398	1.077451957520307
0.03572378202114307	0.9634610382722862
0.03974916636082039	0.858122655325215
0.3	99
0.0020589075251035015	33.80440669365273
0.0020390865538573	33.77749733788144
0.0020269602150124032	33.732864042262364
0.0020196446696293274	33.670702473618995
0.0020156874160638617	33.59120884326396
0.0020142939156153994	33.49458568142497
0.0020149880234710846	33.38104520799006
0.0020174656638008133	33.25081072240565
0.0020215243567861256	33.10411713317336
0.0020270258052224556	32.941211124468865
0.002033874509443463	32.76235115850019
0.0020420048300900653	32.56780739566911
0.0020513728029890785	32.35786156842372
0.002061950771028962	32.13280682540924
0.0020737237602181	31.892947553997804
0.0020866869765722587	31.638599185243525
0.002100844047054313	31.370087983351514
0.002116205769043191	31.08775082074252
0.0021327892167926545	30.791934939279667
0.0021506171049309815	30.482997697919775
0.002169717341652786	30.16130630693966
0.002190122725419521	29.82723754878297
0.0022118707530364226	29.481177485563915
0.002235003516523694	29.12352115324046
0.002259567672820006	28.754672242489267
0.00228561447504834	28.375042766319343
0.002313199857464172	27.985052714484628
0.0023423845687134907	27.58512969478249
0.0023732343499255977	27.175708561356576
0.0024058201556429347	26.75723103013598
0.0024402184167699684	26.330145281598302
0.0024765113457040026	25.894905551058805
0.0025147872846529896	25.45197170672275
0.0025551411030727876	25.001808816815792
0.002597674634170994	24.54488670285881
0.0026424971619799413	24.081679481820874
0.0026897259710570946	23.612665099446264
0.00273948695081168	23.138324851988404
0.002791915263873569	22.659142897868374
0.002847156084505836	22.175605759727656
0.0029053654139191486	21.688201817339362
0.002966710980287536	21.197420791878812
0.003031373232316326	20.7037532220534
0.003099546436391512	20.207689932586756
0.0031714398886709193	19.709721495556508
0.003247279254984094	19.210337685076603
0.0033273080531232594	18.71002692578843
0.0034117892940631225	18.209275735613733
0.003501007300879886	17.70856816319825
0.003595269726710953	17.208385220429186
0.003694909796020339	16.709204310429662
0.0038002887968425084	16.21149865132546
0.003911798855558482	15.715736696129756
0.00402986603027349	15.222381549013278
0.004154953764075386	14.731890378221525
0.00428756674549349	14.244713825891386
0.004428255230496234	13.761295414981381
0.00457761988853109	13.282070953557087
0.004736317244628193	12.807467936658194
0.00490506580072428	12.33790494596716
0.005084652932363637	11.8737910475853
0.0052759426722441905	11.415525188173634
0.0054798845100209525	10.96349558983367
0.005697523358964521	10.518079144108953
0.005930010865082614	10.079640805594776
0.006178618263926022	9.648532985699799
0.00644475103844518	9.225094942727393
0.006729965624971942	8.809652181302857
0.007035988516618021	8.402515856017137
0.007364738186202049	8.003982169608946
0.007718350255033229	7.614331779738505
0.008099206468040554	7.233829211765226
0.008509968128035922	6.86272227908391
0.008953614767199419	6.501241512733209
0.009433488985835806	6.149599602232435
0.00995334857326923	5.807990849806658
0.01051742725123874	5.476590640420309
0.011130505656209398	5.155554930293791
0.011797994515997619	4.845019756844353
0.012526032393831816	4.5451007732856095
0.013321600889549501	4.255892811407664
0.014192660828724456	3.9774694763813425
0.015148313769020653	3.709882777758875
0.016198994151797225	3.4531628011136015
0.017356698680308688	3.207317425188708
0.01863526108637661	2.9723320896444987
0.02005068244693414	2.7481696189477707
0.021621529755432106	2.53477010811572
0.02336941869934524	2.332050876476018
0.025319600761382514	2.1399064957842002
0.027501680131638787	1.958208899315532
0.029950492874481142	1.7868075787596267
0.0327071898519284	1.6255298758618513
0.03582057676223427	1.474181375815131
0.039348780258573766	1.3325464094262125
0.04336132977075653	1.2003886708565936
0.04794177215971729	1.077451957520307
0.053190973185361444	0.9634610382722862
0.059231309451789144	0.858122655325215
0.4	99
0.0020782740340373924	33.80440669365273
0.00207608826352853	33.77749733788144
0.0020795107484245135	33.732864042262364
0.0020861095284584485	33.670702473618995
0.0020949191019082694	33.59120884326396
0.002105499171056042	33.49458568142497
0.0021176168610975276	33.38104520799006
0.0021311378743517156	33.25081072240565
0.002145982307318751	33.10411713317336
0.0021621036737419514	32.941211124468865
0.0021794777217613204	32.76235115850019
0.002198095962930992	32.56780739566911
0.0022179617035396285	32.35786156842372
0.002239087508040874	32.13280682540924
0.0022614935314277476	31.892947553997804
0.0022852064045783094	31.638599185243525
0.0023102584861013744	31.370087983351514
0.0023366873661064594	31.08775082074252
0.0023645355491670995	30.791934939279667
0.00239385026910804	30.482997697919775
0.002424683404125817	30.16130630693966
0.002457091471035954	29.82723754878297
0.0024911356842623237	29.481177485563915
0.0025268820698501407	29.12352115324046
0.00256440162804982	28.754672242489267
0.0026037705403778627	28.375042766319343
0.0026450704188091517	27.985052714484628
0.0026883885960984877	27.58512969478249
0.002733818457298912	27.175708561356576
0.0027814598134341013	26.75723103013598
0.002831419319048227	26.330145281598302
0.0028838109360555374	25.894905551058805
0.002938756446970955	25.45197170672275
0.0029963860270652465	25.001808816815792
0.0030568388623229375	24.54488670285881
0.003120263830153837	24.081679481820874
0.003186820260001251	23.612665099446264
0.0032566787629967034	23.138324851988404
0.0033300221440018775	22.659142897868374
0.00340704640444545	22.175605759727656
0.003487961845438437	21.688201817339362
0.0035729942818537672	21.197420791878812
0.003662386379414759	20.7037532220534
0.0037563991283738104	20.207689932586756
0.0038553134691094904	19.709721495556508
0.003959432086955688	19.210337685076603
0.004069081395844764	18.71002692578843
0.0041846137329378036	18.209275735613733
0.004306409789378313	17.70856816319825
0.004434881305722157	17.208385220429186
0.004570474064484422	16.709204310429662
0.004713671216778466	16.21149865132546
0.004864996985189173	15.715736696129756
0.005025020791035712	15.222381549013278
0.005194361861119058	14.731890378221525
0.005373694377097288	14.244713825891386
0.0055637532399844085	13.761295414981381
0.005765340533150052	13.282070953557087
0.005979332779883206	12.807467936658194
0.006206689106425759	12.33790494596716
0.00644846043871102	11.8737910475853
0.006705799881454081	11.415525188173634
0.006979974452162975	10.96349558983367
0.007272378370884013	10.518079144108953
0.007584548139839027	10.079640805594776
0.00791817968659453	9.648532985699799
0.008275147908632288	9.225094942727393
0.008657528948640346	8.809652181302857
0.009067625666344812	8.402515856017137
0.00950799686977015	8.003982169608946
0.009981490874250714	7.614331779738505
0.010491284136556457	7.233829211765226
0.01104092583451907	6.86272227908391
0.011634389429610785	6.501241512733209
0.012276132452541779	6.149599602232435
0.012971165998365763	5.807990849806658
0.013725135718243651	5.476590640420309
0.014544416463084516	5.155554930293791
0.015436223186261375	4.845019756844353
0.016408741269562297	4.5451007732856095
0.017471280125310667	4.255892811407664
0.018634454782378296	3.9774694763813425
0.019910401228485666	3.709882777758875
0.02131303261282043	3.4531628011136015
0.022858345084098224	3.207317425188708
0.024564784146566015	2.9723320896444987
0.026453685082481457	2.7481696189477707
0.028549804381051595	2.53477010811572
0.030881963442146984	2.332050876476018
0.0334838313782614	2.1399064957842002
0.036394880897697574	1.958208899315532
0.03966156052736799	1.7868075787596267
0.04333873851088567	1.6255298758618513
0.04749148952688947	1.474181375815131
0.052197316180799584	1.3325464094262125
0.057548924767230995	1.2003886708565936
0.06365771147606063	1.077451957520307
0.07065816434957983	0.9634610382722862
0.0787134525427579	0.858122655325215
0.5	99
0.002097640542971284	33.80440669365273
0.0021130899731997598	33.77749733788144
0.0021320612818366237	33.732864042262364
0.0021525743872875696	33.670702473618995
0.002174150787752677	33.59120884326396
0.0021967044264966837	33.49458568142497
0.0022202456987239706	33.38104520799006
0.0022448100849026182	33.25081072240565
0.0022704402578513764	33.10411713317336
0.002297181542261447	32.941211124468865
0.002325080934079177	32.76235115850019
0.0023541870957719184	32.56780739566911
0.002384550604090179	32.35786156842372
0.002416224245052787	32.13280682540924
0.0024492633026373953	31.892947553997804
0.0024837258325843595	31.638599185243525
0.002519672925148436	31.370087983351514
0.0025571689631697274	31.08775082074252
0.0025962818815415435	30.791934939279667
0.0026370834332850985	30.482997697919775
0.0026796494665988478	30.16130630693966
0.002724060216652387	29.82723754878297
0.0027704006154882234	29.481177485563915
0.002818760623176587	29.12352115324046
0.0028692355832796337	28.754672242489267
0.0029219266057073858	28.375042766319343
0.0029769409801541306	27.985052714484628
0.003034392623483484	27.58512969478249
0.0030944025646722256	27.175708561356576
0.003157099471225267	26.75723103013598
0.003222620221326485	26.330145281598302
0.0032911105264070714	25.894905551058805
0.003362725609288921	25.45197170672275
0.003437630951057705	25.001808816815792
0.0035160030904748817	24.54488670285881
0.003598030498327733	24.081679481820874
0.0036839145489454073	23.612665099446264
0.003773870575181727	23.138324851988404
0.003868129024130186	22.659142897868374
0.003966936724385063	22.175605759727656
0.004070558276957726	21.688201817339362
0.004179277583419999	21.197420791878812
0.0042933995265131905	20.7037532220534
0.0044132518203561085	20.207689932586756
0.004539187049548061	19.709721495556508
0.004671584918927283	19.210337685076603
0.004810854738566267	18.71002692578843
0.004957438171812483	18.209275735613733
0.00511181227787674	17.70856816319825
0.00527449288473336	17.208385220429186
0.005446038332948504	16.709204310429662
0.005627053636714423	16.21149865132546
0.005818195114819864	15.715736696129756
0.006020175551797934	15.222381549013278
0.006233769958162727	14.731890378221525
0.006459822008701085	14.244713825891386
0.006699251249472582	13.761295414981381
0.006953061177769013	13.282070953557087
0.0072223483151382184	12.807467936658194
0.007508312412127238	12.33790494596716
0.007812267945058402	11.8737910475853
0.00813565709066397	11.415525188173634
0.008480064394304997	10.96349558983367
0.008847233382803505	10.518079144108953
0.009239085414595437	10.079640805594776
0.009657741109263035	9.648532985699799
0.010105544778819395	9.225094942727393
0.010585092272308751	8.809652181302857
0.011099262816071601	8.402515856017137
0.011651255553338246	8.003982169608946
0.012244631493468197	7.614331779738505
0.012883361805072359	7.233829211765226
0.013571883541002217	6.86272227908391
0.014315164092022149	6.501241512733209
0.015118775919247748	6.149599602232435
0.015988983423462295	5.807990849806658
0.016932844185248562	5.476590640420309
0.01795832726995963	5.155554930293791
0.019074451856525128	4.845019756844353
0.020291450145292773	4.5451007732856095
0.02162095936107183	4.255892811407664
0.02307624873603213	3.9774694763813425
0.02467248868795068	3.709882777758875
0.026427071073843626	3.4531628011136015
0.02835999148788776	3.207317425188708
0.030494307206755417	2.9723320896444987
0.03285668771802878	2.7481696189477707
0.035478079006671076	2.53477010811572
0.03839450818494873	2.332050876476018
0.04164806199514028	2.1399064957842002
0.04528808166375636	1.958208899315532
0.04937262818025483	1.7868075787596267
0.05397028716984294	1.6255298758618513
0.05916240229154466	1.474181375815131
0.06504585210302538	1.3325464094262125
0.07173651976370546	1.2003886708565936
0.07937365079240395	1.077451957520307
0.0881253555137982	0.9634610382722862
0.09819559563372662	0.858122655325215
0.6	99
0.0021170070519051748	33.80440669365273
0.0021500916828709896	33.77749733788144
0.002184611815248734	33.732864042262364
0.002219039246116691	33.670702473618995
0.002253382473597085	33.59120884326396
0.0022879096819373255	33.49458568142497
0.002322874536350413	33.38104520799006
0.002358482295453521	33.25081072240565
0.0023948982083840014	33.10411713317336
0.0024322594107809427	32.941211124468865
0.002470684146397034	32.76235115850019
0.002510278228612845	32.56780739566911
0.0025511395046407285	32.35786156842372
0.0025933609820646994	32.13280682540924
0.0026370330738470426	31.892947553997804
0.00268224526059041	31.638599185243525
0.0027290873641954974	31.370087983351514
0.0027776505602329963	31.08775082074252
0.002828028213915987	30.791934939279667
0.0028803165974621565	30.482997697919775
0.0029346155290718794	30.16130630693966
0.00299102896226882	29.82723754878297
0.003049665546714124	29.481177485563915
0.0031106391765030337	29.12352115324046
0.0031740695385094474	28.754672242489267
0.003240082671036909	28.375042766319343
0.003308811541499111	27.985052714484628
0.0033803966508684806	27.58512969478249
0.0034549866720455396	27.175708561356576
0.003532739129016434	26.75723103013598
0.003613821123604744	26.330145281598302
0.0036984101167586068	25.894905551058805
0.0037866947716068875	25.45197170672275
0.0038788758750501634	25.001808816815792
0.003975167318626827	24.54488670285881
0.004075797166501629	24.081679481820874
0.004181008837889564	23.612665099446264
0.00429106238736675	23.138324851988404
0.004406235904258494	22.659142897868374
0.0045268270443246765	22.175605759727656
0.004653154708477014	21.688201817339362
0.004785560884986231	21.197420791878812
0.004924412673611622	20.7037532220534
0.005070104512338406	20.207689932586756
0.005223060629986631	19.709721495556508
0.005383737750898878	19.210337685076603
0.005552628081287771	18.71002692578843
0.005730262610687165	18.209275735613733
0.005917214766375168	17.70856816319825
0.006114104463744562	17.208385220429186
0.006321602601412587	16.709204310429662
0.006540436056650381	16.21149865132546
0.006771393244450555	15.715736696129756
0.007015330312560154	15.222381549013278
0.007273178055206397	14.731890378221525
0.007545949640304879	14.244713825891386
0.007834749258960756	13.761295414981381
0.008140781822387975	13.282070953557087
0.008465363850393232	12.807467936658194
0.008809935717828716	12.33790494596716
0.009176075451405783	11.8737910475853
0.00956551429987386	11.415525188173634
0.00998015433644702	10.96349558983367
0.010422088394722995	10.518079144108953
0.010893622689351849	10.079640805594776
0.011397302531931542	9.648532985699799
0.011935941649006505	9.225094942727393
0.012512655595977154	8.809652181302857
0.013130899965798389	8.402515856017137
0.013794514236906344	8.003982169608946
0.014507772112685682	7.614331779738505
0.015275439473588262	7.233829211765226
0.016102841247485362	6.86272227908391
0.016995938754433507	6.501241512733209
0.01796141938595372	6.149599602232435
0.019006800848558825	5.807990849806658
0.020140552652253473	5.476590640420309
0.021372238076834745	5.155554930293791
0.022712680526788882	4.845019756844353
0.024174159021023257	4.5451007732856095
0.025770638596832995	4.255892811407664
0.027518042689685964	3.9774694763813425
0.029434576147415684	3.709882777758875
0.03154110953486682	3.4531628011136015
0.03386163789167729	3.207317425188708
0.03642383026694481	2.9723320896444987
0.039259690353576085	2.7481696189477707
0.04240635363229056	2.53477010811572
0.04590705292775048	2.332050876476018
0.049812292612019166	2.1399064957842002
0.054181282429815146	1.958208899315532
0.059083695833141665	1.7868075787596267
0.0646018358288002	1.6255298758618513
0.07083331505619984	1.474181375815131
0.0778943880252512	1.3325464094262125
0.08592411476017993	1.2003886708565936
0.09508959010874726	1.077451957520307
0.10559254667801658	0.9634610382722862
0.11767773872469538	0.858122655325215
0.7	99
0.002136373560839066	33.80440669365273
0.002187093392542219	33.77749733788144
0.002237162348660844	33.732864042262364
0.0022855041049458127	33.670702473618995
0.002332614159441493	33.59120884326396
0.0023791149373779677	33.49458568142497
0.002425503373976856	33.38104520799006
0.002472154506004423	33.25081072240565
0.0025193561589166268	33.10411713317336
0.002567337279300438	32.941211124468865
0.002616287358714891	32.76235115850019
0.002666369361453772	32.56780739566911
0.002717728405191279	32.35786156842372
0.002770497719076612	32.13280682540924
0.0028248028450566904	31.892947553997804
0.0028807646885964594	31.638599185243525
0.0029385018032425585	31.370087983351514
0.002998132157296264	31.08775082074252
0.0030597745462904325	30.791934939279667
0.0031235497616392146	30.482997697919775
0.00318958159154491	30.16130630693966
0.003257997707885252	29.82723754878297
0.0033289304779400243	29.481177485563915
0.003402517729829481	29.12352115324046
0.0034789034937392606	28.754672242489267
0.0035582387363664314	28.375042766319343
0.0036406821028440893	27.985052714484628
0.0037264006782534776	27.58512969478249
0.003815570779418853	27.175708561356576
0.0039083787868076005	26.75723103013598
0.004005022025883003	26.330145281598302
0.004105709707110141	25.894905551058805
0.004210663933924852	25.45197170672275
0.004320120799042622	25.001808816815792
0.00443433154677877	24.54488670285881
0.004553563834675525	24.081679481820874
0.00467810312683372	23.612665099446264
0.004808254199551773	23.138324851988404
0.004944342784386803	22.659142897868374
0.00508671736426429	22.175605759727656
0.005235751139996301	21.688201817339362
0.005391844186552463	21.197420791878812
0.005555425820710055	20.7037532220534
0.005726957204320706	20.207689932586756
0.0059069342104252015	19.709721495556508
0.006095890582870473	19.210337685076603
0.006294401424009275	18.71002692578843
0.006503087049561846	18.209275735613733
0.006722617254873595	17.70856816319825
0.006953716042755765	17.208385220429186
0.007197166869876669	16.709204310429662
0.007453818476586338	16.21149865132546
0.007724591374081244	15.715736696129756
0.008010485073322375	15.222381549013278
0.008312586152250067	14.731890378221525
0.008632077271908676	14.244713825891386
0.00897024726844893	13.761295414981381
0.009328502467006934	13.282070953557087
0.009708379385648244	12.807467936658194
0.010111559023530196	12.33790494596716
0.010539882957753167	11.8737910475853
0.01099537150908375	11.415525188173634
0.011480244278589041	10.96349558983367
0.011996943406642487	10.518079144108953
0.012548159964108258	10.079640805594776
0.013136863954600047	9.648532985699799
0.013766338519193613	9.225094942727393
0.014440218919645559	8.809652181302857
0.015162537115525178	8.402515856017137
0.015937772920474443	8.003982169608946
0.016770912731903165	7.614331779738505
0.017667517142104162	7.233829211765226
0.01863379895396851	6.86272227908391
0.019676713416844873	6.501241512733209
0.020804062852659688	6.149599602232435
0.02202461827365536	5.807990849806658
0.02334826111925838	5.476590640420309
0.02478614888370986	5.155554930293791
0.02635090919705264	4.845019756844353
0.02805686789675373	4.5451007732856095
0.029920317832594155	4.255892811407664
0.031959836643339797	3.9774694763813425
0.034196663606880694	3.709882777758875
0.03665514799589002	3.4531628011136015
0.039363284295466816	3.207317425188708
0.04235335332713421	2.9723320896444987
0.0456626929891234	2.7481696189477707
0.04933462825791004	2.53477010811572
0.053419597670552224	2.332050876476018
0.057976523228898055	2.1399064957842002
0.06307448319587394	1.958208899315532
0.0687947634860285	1.7868075787596267
0.07523338448775747	1.6255298758618513
0.08250422782085505	1.474181375815131
0.090742923947477	1.3325464094262125
0.10011170975665439	1.2003886708565936
0.1108055294250906	1.077451957520307
0.12305973784223496	0.9634610382722862
0.13715988181566413	0.858122655325215
0.8	99
0.0021557400697729576	33.80440669365273
0.0022240951022134492	33.77749733788144
0.002289712882072954	33.732864042262364
0.0023519689637749343	33.670702473618995
0.002411845845285901	33.59120884326396
0.00247032019281861	33.49458568142497
0.0025281322116032993	33.38104520799006
0.0025858267165553258	33.25081072240565
0.002643814109449252	33.10411713317336
0.0027024151478199344	32.941211124468865
0.002761890571032748	32.76235115850019
0.002822460494294698	32.56780739566911
0.002884317305741829	32.35786156842372
0.0029476344560885243	32.13280682540924
0.003012572616266338	31.892947553997804
0.0030792841166025105	31.638599185243525
0.0031479162422896195	31.370087983351514
0.003218613754359533	31.08775082074252
0.0032915208786648774	30.791934939279667
0.003366782925816273	30.482997697919775
0.003444547654017942	30.16130630693966
0.0035249664535016855	29.82723754878297
0.003608195409165925	29.481177485563915
0.003694396283155928	29.12352115324046
0.003783737448969076	28.754672242489267
0.0038763948016959553	28.375042766319343
0.003972552664189069	27.985052714484628
0.004072404705638475	27.58512969478249
0.004176154886792168	27.175708561356576
0.004284018444598767	26.75723103013598
0.004396222928161261	26.330145281598302
0.004513009297461675	25.894905551058805
0.004634633096242819	25.45197170672275
0.004761365723035081	25.001808816815792
0.0048934957749307145	24.54488670285881
0.0050313305028494215	24.081679481820874
0.005175197415777877	23.612665099446264
0.005325446011736796	23.138324851988404
0.005482449664515112	22.659142897868374
0.005646607684203903	22.175605759727656
0.005818347571515591	21.688201817339362
0.0059981274881186954	21.197420791878812
0.006186438967808488	20.7037532220534
0.006383809896303005	20.207689932586756
0.006590807790863773	19.709721495556508
0.006808043414842068	19.210337685076603
0.007036174766730779	18.71002692578843
0.007275911488436527	18.209275735613733
0.007528019743372022	17.70856816319825
0.00779332762176697	17.208385220429186
0.008072731138340753	16.709204310429662
0.008367200896522296	16.21149865132546
0.008677789503711935	15.715736696129756
0.0090056398340846	15.222381549013278
0.009351994249293739	14.731890378221525
0.009718204903512474	14.244713825891386
0.010105745277937105	13.761295414981381
0.010516223111625898	13.282070953557087
0.010951394920903258	12.807467936658194
0.011413182329231676	12.33790494596716
0.011903690464100551	11.8737910475853
0.01242522871829364	11.415525188173634
0.012980334220731067	10.96349558983367
0.01357179841856198	10.518079144108953
0.014202697238864671	10.079640805594776
0.014876425377268555	9.648532985699799
0.015596735389380723	9.225094942727393
0.016367782243313964	8.809652181302857
0.01719417426525197	8.402515856017137
0.018081031604042546	8.003982169608946
0.019034053351120656	7.614331779738505
0.020059594810620068	7.233829211765226
0.02116475666045166	6.86272227908391
0.02235748807925624	6.501241512733209
0.023646706319365662	6.149599602232435
0.025042435698751895	5.807990849806658
0.026555969586263297	5.476590640420309
0.02820005969058498	5.155554930293791
0.029989137867316402	4.845019756844353
0.03193957677248422	4.5451007732856095
0.03406999706835533	4.255892811407664
0.03640163059699364	3.9774694763813425
0.038958751066345707	3.709882777758875
0.04176918645691323	3.4531628011136015
0.04486493069925635	3.207317425188708
0.04828287638732361	2.9723320896444987
0.05206569562467073	2.7481696189477707
0.05626290288352953	2.53477010811572
0.06093214241335397	2.332050876476018
0.06614075384577695	2.1399064957842002
0.07196768396193272	1.958208899315532
0.07850583113891535	1.7868075787596267
0.08586493314671474	1.6255298758618513
0.09417514058551026	1.474181375815131
0.10359145986970283	1.3325464094262125
0.11429930475312887	1.2003886708565936
0.12652146874143394	1.077451957520307
0.14052692900645336	0.9634610382722862
0.1566420249066329	0.858122655325215
0.9	99
0.002175106578706849	33.80440669365273
0.002261096811884679	33.77749733788144
0.002342263415485064	33.732864042262364
0.002418433822604056	33.670702473618995
0.0024910775311303085	33.59120884326396
0.002561525448259252	33.49458568142497
0.0026307610492297424	33.38104520799006
0.0026994989271062284	33.25081072240565
0.002768272059981877	33.10411713317336
0.0028374930163394293	32.941211124468865
0.002907493783350605	32.76235115850019
0.0029785516271356254	32.56780739566911
0.0030509062062923794	32.35786156842372
0.0031247711931004373	32.13280682540924
0.003200342387475986	31.892947553997804
0.0032778035446085606	31.638599185243525
0.003357330681336682	31.370087983351514
0.0034390953514228002	31.08775082074252
0.003523267211039321	30.791934939279667
0.003610016089993332	30.482997697919775
0.003699513716490972	30.16130630693966
0.0037919351991181184	29.82723754878297
0.003887460340391826	29.481177485563915
0.003986274836482374	29.12352115324046
0.00408857140419889	28.754672242489267
0.0041945508670254775	28.375042766319343
0.004304423225534049	27.985052714484628
0.004418408733023471	27.58512969478249
0.004536738994165482	27.175708561356576
0.004659658102389933	26.75723103013598
0.00478742383043952	26.330145281598302
0.00492030888781321	25.894905551058805
0.0050586022585607845	25.45197170672275
0.005202610647027539	25.001808816815792
0.005352660003082659	24.54488670285881
0.005509097171023317	24.081679481820874
0.005672291704722034	23.612665099446264
0.00584263782392182	23.138324851988404
0.00602055654464342	22.659142897868374
0.0062064980041435175	22.175605759727656
0.006400944003034879	21.688201817339362
0.0066044107896849275	21.197420791878812
0.006817452114906919	20.7037532220534
0.007040662588285302	20.207689932586756
0.007274681371302343	19.709721495556508
0.007520196246813664	19.210337685076603
0.007777948109452283	18.71002692578843
0.008048735927311207	18.209275735613733
0.008333422231870448	17.70856816319825
0.008632939200778173	17.208385220429186
0.008948295406804835	16.709204310429662
0.009280583316458252	16.21149865132546
0.009630987633342625	15.715736696129756
0.01000079459484682	15.222381549013278
0.01039140234633741	14.731890378221525
0.01080433253511627	14.244713825891386
0.01124124328742528	13.761295414981381
0.011703943756244858	13.282070953557087
0.012194410456158272	12.807467936658194
0.012714805634933154	12.33790494596716
0.013267497970447933	11.8737910475853
0.01385508592750353	11.415525188173634
0.014480424162873089	10.96349558983367
0.015146653430481471	10.518079144108953
0.01585723451362108	10.079640805594776
0.016615986799937064	9.648532985699799
0.01742713225956783	9.225094942727393
0.018295345566982365	8.809652181302857
0.019225811414978762	8.402515856017137
0.020224290287610643	8.003982169608946
0.021297193970338142	7.614331779738505
0.022451672479135966	7.233829211765226
0.023695714366934805	6.86272227908391
0.0250382627416676	6.501241512733209
0.026489349786071634	6.149599602232435
0.02806025312384843	5.807990849806658
0.02976367805326821	5.476590640420309
0.03161397049746009	5.155554930293791
0.03362736653758015	4.845019756844353
0.0358222856482147	4.5451007732856095
0.03821967630411649	4.255892811407664
0.040843424550647475	3.9774694763813425
0.043720838525810726	3.709882777758875
0.04688322491793643	3.4531628011136015
0.050366577103045894	3.207317425188708
0.054212399447513035	2.9723320896444987
0.058468698260218034	2.7481696189477707
0.063191177509149	2.53477010811572
0.0684446871561557	2.332050876476018
0.07430498446265582	2.1399064957842002
0.08086088472799151	1.958208899315532
0.0882168987918022	1.7868075787596267
0.096496481805672	1.6255298758618513
0.10584605335016545	1.474181375815131
0.11643999579192864	1.3325464094262125
0.1284868997496033	1.2003886708565936
0.14223740805777726	1.077451957520307
0.15799412017067174	0.9634610382722862
0.17612416799760164	0.858122655325215
