# Table format: T1D
# table_unit = barA
# axis1_unit = m**3/kg
# axis2_unit = degC
# This file was automatically generated by generate_data_files.py
-30	119
0.000759698186063319	199.99999999999977
0.0007629435087387934	174.58720998734324
0.0007659038392687072	152.40346945582417
0.0007685941856268064	133.0384826234183
0.0007710305366054275	116.13408751086178
0.0007732295035234898	101.37763161473673
0.0007752079861120651	88.4961892937081
0.0007769828719286514	77.25151391650157
0.0007785707756717528	67.43563140990233
0.0007799878218289773	58.866993707948666
0.0007812494714263609	51.38712095906639
0.0007823703914179763	44.85767038762771
0.0007833643635517887	39.157877597539056
0.0007842442283888742	34.18232299390127
0.0007850218595014175	29.838982011957253
0.0007857081626557304	26.047523091650774
0.0007863130949062713	22.737821918261055
0.0007868456988879666	19.848664449491352
0.0007873141481074698	17.326614741058357
0.0007877257996237245	15.125026630834807
0.0007880872511159203	13.203181002308614
0.0007884043999208855	11.52553267075479
0.0007886825021553791	10.061052963025286
0.0007889262305070325	8.782655831747414
0.0007891397296753053	7.666696889719263
0.0007893266687717307	6.692536098973662
0.000789490290251811	5.842156026296965
0.0007896334551564734	5.09982860470967
0.0007897586845970952	4.451824237549547
0.000789868197532992	3.8861578649390403
0.0007899639449715764	3.3923672960503986
0.0007900476407760404	2.9613197073487427
0.0007901207892992728	2.5850427279327666
0.0007901847100808176	2.256576987839274
0.0007902405598500116	1.9698474021425112
0.0007902893520763494	1.719550810204391
0.0007903319743001111	1.5010578919253057
0.0007903692034644109	1.310327546903612
0.000790401719455546	1.1438321529173117
0.0007904301170429826	0.9984923213582493
0.0009073126484311582	0.9886058093915479
0.0010414762946115376	0.9886058093915479
0.0011954786193196967	0.9886058093915479
0.0013722531531873195	0.9886058093915479
0.0015751672058377194	0.9886058093915479
0.0018080860084625494	0.9886058093915479
0.0020754463411136043	0.9886058093915479
0.0023823410472074698	0.9886058093915479
0.002734616045127099	0.9886058093915479
0.0031389816848566942	0.9886058093915479
0.003603140570839378	0.9886058093915479
0.004135934285905661	0.9886058093915479
0.004747511811160066	0.9886058093915479
0.005449522849991053	0.9886058093915479
0.0062553397387584385	0.9886058093915479
0.00718031217124903	0.9886058093915479
0.008242059589047999	0.9886058093915479
0.009460806807456857	0.9886058093915479
0.010859769270166166	0.9886058093915479
0.012465595271250155	0.9886058093915479
0.014308873568198434	0.9886058093915479
0.016424716055309114	0.9886058093915479
0.01885342659656296	0.9886058093915479
0.021641268758316918	0.9886058093915479
0.02484134706605984	0.9886058093915479
0.028514618571948834	0.9886058093915479
0.032731054002084564	0.9886058093915479
0.03757097060177005	0.9886058093915479
0.043126562067606185	0.9886058093915479
0.04950365470950767	0.9886058093915479
0.05682372329508955	0.9886058093915479
0.06522620497546328	0.9886058093915479
0.07487115536951804	0.9886058093915479
0.0859422974014087	0.9886058093915479
0.09865052096737435	0.9886058093915479
0.11323790009568507	0.9886058093915479
0.12998230412104048	0.9886058093915479
0.14920269070989658	0.9886058093915479
0.17126518156150736	0.9886058093915479
0.1730785208849472	0.978720196182838
0.17369095299611692	0.9754257409518831
0.17430544558774436	0.9721423751367908
0.17492200568641145	0.9688700614096465
0.1755406403418339	0.9656087625681826
0.17616135662694368	0.9623584415353627
0.17678416163797553	0.9591190613589495
0.17740906249454955	0.9558905852110919
0.17803606633975652	0.9526729763879049
0.1786651803402425	0.9494661983090511
0.1792964116862944	0.9462702145173245
0.1799297675919237	0.943084988678242
0.1805652552949542	0.9399104845796202
0.18120288205710625	0.9367466661311714
0.18184265516408324	0.9335934973640898
0.1824845819256576	0.9304509424306447
0.18312866967575736	0.9273189656037714
0.18377492577255333	0.9241975312766636
0.1844233575985442	0.9210866039623761
0.18507397256064625	0.9179861482934102
0.1857267780902791	0.9148961290213193
0.18638178164345368	0.9118165110163062
0.18703899070086047	0.9087472592668228
0.1876984127679574	0.9056883388791721
0.18836005537505723	0.9026397150771166
0.18902392607741828	0.8996013532014738
0.18969003245533175	0.8965732187097287
0.19035838211421124	0.8935552771756391
0.19102898268468224	0.8905474942888447
0.19170184182267144	0.8875498358544769
0.1923769672094976	0.8845622677927675
0.1930543665519595	0.8815847561386697
0.19373404758242913	0.8786172670414603
0.19441601805894054	0.8756597667643623
0.19510028576528127	0.8727122216841597
0.19578685851108363	0.8697745982908149
0.1964757441319162	0.8668468631870864
0.19716695048937447	0.8639289830881555
0.1978604854711748	0.8610209248212382
0.19855635699124524	0.8581226553252145
-10	120
0.0007877842399676543	199.99999999999977
0.0007913206657528254	178.2417049759568
0.0007946217690722778	158.85052696368027
0.0007976941664050451	141.568943811678
0.0008005455206670592	126.16744958319468
0.0008031843865716733	112.44150663088357
0.0008056200489643051	100.20882925976994
0.0008078623590992949	89.3069629045298
0.000809921573535348	79.59112667163967
0.0008118081998279557	70.9322905945521
0.00081353285253953	63.215462067115006
0.0008151061223265453	56.33815869842756
0.0008165384600564331	50.209047308068854
0.0008178400771108543	44.7467309870433
0.000819020862293407	39.87866811615542
0.0008200903151145688	35.54020898596938
0.0008210574946973759	31.67373722430505
0.0008219309831440396	28.22790462910278
0.0008227188619253219	25.156949244949942
0.0008234286996914543	22.42008762706746
0.0008240675498401831	19.980973221794308
0.0008246419561956089	17.807213670657788
0.0008251579652314888	15.869940627646066
0.0008256211433959679	14.143426376694192
0.0008260365982450105	12.604742157919473
0.0008264090022552449	11.23345366504945
0.0008267426183528236	10.011349670134134
0.0008270413263551545	8.922200171575945
0.0008273086496715976	7.951540853592363
0.0008275477817439891	7.086480994651396
0.0008277616118265992	6.3155322738319
0.0008279527498073539	5.628456201592402
0.0008281235498584197	5.016128148771641
0.0008282761327756221	4.470416168074733
0.000828412406924096	3.984072998748623
0.0008285340877536455	3.550639820228135
0.0008286427158831607	3.164360476564941
0.0008287396737806323	2.8201050325073345
0.0008288262010853407	2.5133016460269193
0.0008289034086328965	2.239875852533586
0.0008289096752065795	2.2176983369161087
0.0009318636900641098	2.2176983369161087
0.0010476050199842166	2.2176983369161087
0.0011777219024604634	2.2176983369161087
0.0013239998406613118	2.2176983369161087
0.0014884461046439828	2.2176983369161087
0.0016733172757205646	2.2176983369161087
0.001881150211948463	2.2176983369161087
0.002114796859663031	2.2176983369161087
0.0023774633887467264	2.2176983369161087
0.0026727541886607965	2.2176983369161087
0.003004721328966324	2.2176983369161087
0.003377920163046815	2.2176983369161087
0.0037974718380434933	2.2176983369161087
0.004269133568783392	2.2176983369161087
0.0047993776400204295	2.2176983369161087
0.005395480221082013	2.2176983369161087
0.0060656212116626225	2.2176983369161087
0.006818996488878482	2.2176983369161087
0.007665944095871334	2.2176983369161087
0.008618086103559495	2.2176983369161087
0.009688488092205865	2.2176983369161087
0.010891838441257322	2.2176983369161087
0.01224464988772471	2.2176983369161087
0.013765486118948447	2.2176983369161087
0.01547521650912413	2.2176983369161087
0.017397302495159684	2.2176983369161087
0.019558119521600165	2.2176983369161087
0.02198731897244546	2.2176983369161087
0.024718235056399064	2.2176983369161087
0.02778834222894982	2.2176983369161087
0.031239769428170805	2.2176983369161087
0.03511987818073443	2.2176983369161087
0.03948191251108877	2.2176983369161087
0.04438572957204576	2.2176983369161087
0.04989862102271424	2.2176983369161087
0.05609623642497443	2.2176983369161087
0.06306362132961918	2.2176983369161087
0.07089638429709351	2.2176983369161087
0.07970200886704329	2.2176983369161087
0.08058149795224766	2.195521875255692
0.08272506970575622	2.1432682356924637
0.08492001607675755	2.0922582379614467
0.08716763428494681	2.0424622832630184
0.08946925034653379	1.9938514772519487
0.09182621999600268	1.9463976132712948
0.0942399296099051	1.9000731559853652
0.09671179713497362	1.8548512254022036
0.09924327302261371	1.810705581276343
0.10183584117164197	1.7676106078827722
0.1044910198809739	1.7255412991532981
0.10721036281383084	1.6844732441666352
0.10999545997491354	1.6443826129838626
0.11284793870189486	1.6052461428209808
0.11576946467249846	1.567041124550567
0.11876174292835832	1.5297453895247044
0.12182651891679744	1.4933372967114977
0.1249655795516082	1.4577957201377727
0.12818075429387918	1.4231000366306223
0.1314739162538771	1.3892301138507124
0.1348469833149636	1.3561662986103884
0.1383019192805009	1.3238894054698307
0.14184073504468958	1.2923807056045922
0.14546548978825696	1.2616219159381177
0.1491782921999129	1.2315951885328975
0.1529813017244787	1.2022831002341146
0.156876729838592	1.1736686425597713
0.16086684135488694	1.1457352118314441
0.1649539557555561	1.1184665995399052
0.1691404485561943	1.0918469829400654
0.17342875270083805	1.0658609158697454
0.17782135998911844	1.0404933197869652
0.18232082253645074	1.0157294750205526
0.18692975426820324	0.9915550122289715
0.19165083244878678	0.967955904062449
0.19648679924663048	0.9449184570235358
0.2014404633360199	0.9224293035213859
0.20651470153678417	0.9004753941151528
0.21171246049284814	0.879043989941979
0.21703675839066558	0.8581226553252145
10	120
0.0008182424222709919	199.99999999999977
0.0008221391407918459	181.37606218529154
0.0008258502646397853	164.48637966921385
0.0008293768711660236	149.1694591375847
0.0008327208100327266	135.27884548342448
0.000835884668402107	122.68172145378033
0.000838871726972763	111.25763769699749
0.0008416859078825875	100.89736106759636
0.0008443317156994298	91.50183017664095
0.0008468141728808215	82.9812082009323
0.0008491387511942545	75.25402389431481
0.0008513113006442684	68.24639258774336
0.0008533379774500008	61.891309729581856
0.0008552251725583754	56.12801021120904
0.0008569794420687672	50.9013873520247
0.0008586074407926662	46.16146598839226
0.0008601158599866555	41.86292462837439
0.0008615113700903415	37.96466210327107
0.0008628005690843766	34.429404572432404
0.0008639899368685527	31.22334912366039
0.0008650857958558216	28.3158405614305
0.0008660942777929454	25.679078292494165
0.0008670212966578626	23.287850506201984
0.0008678725273513568	21.11929310787334
0.0008686533897973732	19.152671100215187
0.00086936903799199	17.369180322435376
0.0008700243534936115	15.751767651347949
0.000870623942823446	14.284967945295762
0.0008711721382422354	12.954756171804313
0.0008716730013826069	11.748413305062353
0.0008721303292425713	10.654404710987508
0.0008725476620809467	9.662269857036677
0.000872928292796746	8.762522292204785
0.0008732752774190003	7.9465589408547
0.0008735914463789953	7.20657784307774
0.000873879416281617	6.535503555046067
0.0008741416019352627	5.9269194960611635
0.0008743802284395773	5.375006595424038
0.0008745973431666318	4.874487652489925
0.0008747948275037657	4.420576877897247
0.0008748138982334612	4.3768116607555
0.0009656427567442028	4.376809569487688
0.001065902057038075	4.376809569487688
0.0011765709288067124	4.376809569487688
0.0012987301613431818	4.376809569487688
0.0014335727585018199	4.376809569487688
0.0015824155895425166	4.376809569487688
0.0017467122496412934	4.376809569487688
0.0019280672556625956	4.376809569487688
0.0021282517158288153	4.376809569487688
0.002349220626316644	4.376809569487688
0.0025931319636983557	4.376809569487688
0.0028623677596842844	4.376809569487688
0.0031595573639819174	4.376809569487688
0.003487603122456027	4.376809569487688
0.003849708721362094	4.376809569487688
0.004249410474462101	4.376809569487688
0.004690611858571778	4.376809569487688
0.00517762163481258	4.376809569487688
0.005715195927859584	4.376809569487688
0.00630858467413004	4.376809569487688
0.006963582892524455	4.376809569487688
0.0076865872784288684	4.376809569487688
0.008484658673673852	4.376809569487688
0.009365591022530288	4.376809569487688
0.010337987487164262	4.376809569487688
0.011411344465892627	4.376809569487688
0.012596144334759479	4.376809569487688
0.013903957818144975	4.376809569487688
0.015347556988155629	4.376809569487688
0.01694103999634479	4.376809569487688
0.018699968755890133	4.376809569487688
0.020641520918828864	4.376809569487688
0.02278465763255593	4.376809569487688
0.025150308713891213	4.376809569487688
0.02776157704912046	4.376809569487688
0.03064396421617561	4.376809569487688
0.03382561953237459	4.376809569487688
0.03733761495991444	4.376809569487688
0.041214248553837506	4.376808717042259
0.041699807034635585	4.3330407020973
0.04375543300937186	4.156816817978109
0.045893924494174704	3.9877599233864016
0.04811919672870318	3.82557853831567
0.05043528033930988	3.6699930371920155
0.05284633431751153	3.520735166756752
0.055356657986860396	3.3775475835566757
0.05797070226651427	3.2401834102444687
0.06069308046341331	3.1084058099243363
0.06352857877063484	2.981987577808865
0.06648216661033012	2.86071074948314
0.06955900693109941	2.74436622510066
0.07276446654864155	2.6327534088631683
0.0761041266029166	2.525679863162723
0.07958379319340612	2.4229609767897635
0.08320950824531333	2.3244196466350644
0.08698756065297251	2.229885972336847
0.09092449774180689	2.139196963346487
0.095027137086483	2.05219625790783
0.09930257872019037	1.968733853465532
0.10375821776799556	1.8886658480376788
0.10840175753584197	1.8118541921066909
0.11324122308584655	1.7381664506007968
0.1182849753280155	1.667475574555649
0.12354172565826953	1.5996596820624527
0.12902055117270936	1.5346018481248516
0.13473091048829083	1.4721899030623133
0.14068266020051423	1.4123162391123945
0.1468860720093169	1.3548776248984713
0.15335185054509345	1.2997750274430115
0.16009115192761553	1.2469134414195389
0.16711560309159534	1.1962017253488775
0.17443732191370587	1.14755244445728
0.18206893817705086	1.1008817199254652
0.19002361541033727	1.0561090842686671
0.19831507364036016	1.0131573425983655
0.20695761309786542	0.9719524395264553
0.21596613891837965	0.9324233314824044
0.2253561868812259	0.8945018642232474
0.23514395023165102	0.8581226553252145
30	120
0.0008516081823949385	199.99999999999977
0.0008559423847667677	184.1063445830011
0.0008601439291801562	169.47573057857383
0.0008642108536738321	156.00778626177402
0.0008681415848392511	143.6101162757064
0.0008719349479514628	132.1976677633004
0.0008755901738931987	121.69214687149652
0.0008791069027062615	112.02148162484468
0.0008824851836480923	103.11932748361001
0.0008857254716821007	94.92461219432428
0.0008888286203868719	87.38111681028
0.0008917958713304722	80.43709000760448
0.000894628840019916	74.04489305096946
0.0008973294986005419	68.16067297326632
0.0008999001555431734	62.744061727127146
0.0009023434326162734	57.75789924435776
0.000904662239493394	53.16797850336
0.0009068597463909648	48.942810855606005
0.0009089393551658989	45.053410001214196
0.0009109046693252623	41.47309313161387
0.0009127594634103941	38.17729787505904
0.0009145076522150988	35.14341378916751
0.000916153260282264	32.35062724445731
0.0009177003920963063	29.779778634721428
0.0009191532033517983	27.413230934647565
0.0009205158736333052	25.234748702938074
0.000921792580790018	23.22938670084281
0.0009229874772335468	21.383387361985765
0.0009241046683304778	19.68408641008773
0.0009251481930051751	18.11982597708589
0.000926122006614647	16.679874625606963
0.0009270299661077944	15.354353727116248
0.0009278758174370425	14.134169690668768
0.0009286631851521644	13.010951577324382
0.0009293955640744201	11.976993672238134
0.0009300763129241216	11.02520262044748
0.000930708649756097	10.149048763687562
0.0009312956490450287	9.342521344385727
0.0009318402402555493	8.6000872695176
0.0009323452077297576	7.9166531514284495
0.0009324033468906311	7.838272854987867
0.0010121194576439845	7.838271035346005
0.0010986509217900862	7.838271035346005
0.0011925804200622167	7.838271035346005
0.0012945404496620574	7.838271035346005
0.0014052175833339738	7.838271035346005
0.0015253570925701523	7.838271035346005
0.0016557679660780939	7.838271035346005
0.0017973283573035218	7.838271035346005
0.0019509914976909362	7.838271035346005
0.002117792115500199	7.838271035346005
0.0022988534034018124	7.838271035346005
0.0024953945817688993	7.838271035346005
0.0027087391085951645	7.838271035346005
0.0029403235913222953	7.838271035346005
0.003191707460586805	7.838271035346005
0.00346458347102683	7.838271035346005
0.003760789099858625	7.838271035346005
0.004082318919977878	7.838271035346005
0.004431338030903098	7.838271035346005
0.004810196638001655	7.838271035346005
0.005221445878171239	7.838271035346005
0.005667854998542792	7.838271035346005
0.006152430003881959	7.838271035346005
0.006678433898255837	7.838271035346005
0.007249408657267249	7.838271035346005
0.007869199078811943	7.838271035346005
0.008541978672963637	7.838271035346005
0.00927227776532267	7.838271035346005
0.010065014003069165	7.838271035346005
0.01092552546914054	7.838271035346005
0.011859606627515812	7.838271035346005
0.012873547341653071	7.838271035346005
0.013974175228820156	7.838271035346005
0.015168901635521979	7.838271035346005
0.016465771543611046	7.838271035346005
0.0178735177431363	7.838271035346005
0.01940161963671627	7.838271035346005
0.021060367071410242	7.838271035346005
0.02286092962791482	7.838270288799508
0.023159240533012514	7.759887742489269
0.024883676277761318	7.333896390064586
0.02669575331439036	6.931290508971786
0.02860249220317834	6.550786316649787
0.030610913146819116	6.191170505818537
0.03272814511517357	5.851296375626621
0.03496150666160113	5.530080175185655
0.03731856931504339	5.226497647832155
0.03980721004436122	4.939580765097685
0.042435656834487204	4.6684146399727995
0.04521252998059278	4.4121346096223535
0.04814688084056704	4.169923478249744
0.05124822924718291	3.941008911318493
0.05452660043731968	3.724660972822189
0.057992562131326114	3.5201897977498837
0.06165726224687122	3.326943392325209
0.06553246763174606	3.144305555004853
0.06963060413250603	2.9716939116071246
0.07396479827010013	2.808558058305254
0.07854892076294058	2.654377806564017
0.08339763211776148	2.5086615244233803
0.08852643049611505	2.3709445688399353
0.09395170205741459	2.2407878040875513
0.09969077397669521	2.117776201492669
0.10576197033570987	2.0015175160394083
0.11218467108898027	1.8916410356245246
0.11897937431146667	1.787796398973992
0.12616776194129223	1.6896524784519404
0.1337727692392094	1.5968963241995642
0.14181865819607056	1.509232166237202
0.1503310951303465	1.426380471347608
0.15933723272965908	1.3480770517331118
0.16886579680330627	1.274072222604456
0.17894717802684967	1.204130006015136
0.1896135289749979	1.1380273784025106
0.2008988667552624	1.0755535594363501
0.21283918157222836	1.0165093399071516
0.2254725515707661	0.9607064465111113
0.23883926432620212	0.9079669415062235
0.2529819453703751	0.8581226553252145
50	120
0.0008885671413327258	199.99999999999977
0.0008934212166752408	186.52098067834964
0.000898201184089213	173.9503811660666
0.0009029044767223279	162.22697842233748
0.0009075286145329403	151.29367553909944
0.0009120712126694413	141.09722365992445
0.0009165299897539944	131.58796264020788
0.0009209027760354897	122.71957918558817
0.0009251875213723042	114.44888129065158
0.0009293823030012439	106.73558787936189
0.0009334853330449008	99.54213262269383
0.0009374949657057997	92.83348097799609
0.0009414097040921559	86.57695955900383
0.000945228206617033	80.74209700547613
0.0009489492929101618	75.30047557743931
0.0009525719491799176	70.22559275125056
0.0009560953329620065	65.49273214340835
0.000959518777191405	61.07884313346505
0.0009628417935352054	56.962428599764976
0.0009660640749264172	53.12344022124322
0.0009691854972424269	49.5431808353699
0.0009722061200770633	46.204213376690106
0.0009751261865618883	43.09027595245984
0.0009779461222006723	40.18620264176755
0.0009806665326907652	37.47784963240689
0.0009832882007164401	34.952026335761325
0.0009858120817117803	32.596431144208566
0.0009882392986043374	30.39959151816043
0.0009905711355651804	28.35080811094265
0.0009928090308057224	26.440102659383687
0.0009949545684764952	24.658169386322456
0.0009970094697374018	22.996329678348644
0.0009989755830823461	21.446489818041147
0.0010008548740132793	20.001101564846397
0.0010026494141690363	18.65312539261214
0.0010043613700225383	17.395996204731226
0.0010059929912658778	16.2235913599166
0.0010075465990060676	15.130200852882238
0.0010090245738949082	14.110499504700003
0.0010104293443145152	13.15952102739007
0.0010106238535268215	13.029230205643698
0.0010794082444002975	13.029229033543555
0.001152874191533627	13.029229033543555
0.001231340327813367	13.029229033543555
0.0013151469727001057	13.029229033543555
0.0014046576082452538	13.029229033543555
0.0015002604555674997	13.029229033543555
0.0016023701586263094	13.029229033543555
0.0017114295825952904	13.029229033543555
0.0018279117346351936	13.029229033543555
0.0019523218153972776	13.029229033543555
0.002085199410154681	13.029229033543555
0.002227120829065081	13.029229033543555
0.0023787016067147214	13.029229033543555
0.0025405991717846995	13.029229033543555
0.002713515698418248	13.029229033543555
0.0028982011516558307	13.029229033543555
0.003095456540146584	13.029229033543555
0.0033061373902435473	13.029229033543555
0.003531157456550436	13.029229033543555
0.0037714926850130675	13.029229033543555
0.00402818544574406	13.029229033543555
0.00430234905393912	13.029229033543555
0.0045951725984928575	13.029229033543555
0.004907926099256562	13.029229033543555
0.005241966015305745	13.029229033543555
0.0055987411281075905	13.029229033543555
0.005979798825104589	13.029229033543555
0.006386791810967088	13.029229033543555
0.0068214852756225955	13.029229033543555
0.007285764550150562	13.029229033543555
0.007781643283747433	13.029229033543555
0.008311272177226778	13.029229033543555
0.008876948310932884	13.029229033543555
0.00948112510752445	13.029229033543555
0.010126422972838469	13.029229033543555
0.010815640660985377	13.029229033543555
0.011551767412967422	13.029229033543555
0.012337995921467549	13.029229033543555
0.013177736178038735	13.02922854698982
0.013380919613301049	12.898936452590286
0.014820219597479098	12.03301061215073
0.01633082661382585	11.225215731879606
0.01792583977125938	10.47164938922263
0.019616628542574104	9.76867113737379
0.021413806080147237	9.11288491843251
0.0233277544391401	8.501122657192903
0.025368939959360126	7.930428956307862
0.02754812172695087	7.3980468188907835
0.029876502266901587	6.901404329581294
0.03236584587397646	6.43810222973214
0.03502857860645824	6.005902326693074
0.03787787813808669	5.602716681197832
0.040927758514221764	5.226597520618768
0.04419315308031634	4.875727829360442
0.04768999781071528	4.548412570934951
0.0514353166402898	4.243070499313087
0.05544731001787159	3.958226519992284
0.05974544766307643	3.6925045638781233
0.06435056636191126	3.4446209395533463
0.06928497354900578	3.2133781318194177
0.07457255737565485	2.9976590165518133
0.08023890394086382	2.796421463921058
0.0863114223594839	2.6086933039080833
0.09281947835236957	2.4335676297923676
0.09979453706503393	2.2701984169243303
0.10727031585145465	2.117796435616407
0.1152829477971271	1.975625438408124
0.123871156799313	1.842998603286084
0.13307644507219918	1.7192752156761735
0.14294329400006994	1.6038575731788087
0.15351937932250811	1.4961880980941906
0.16485580170211775	1.395746643788266
0.17700733379741623	1.3020479818865422
0.19003268504157517	1.214639458156563
0.2039947854118986	1.1330988057546292
0.2189610895655876	1.0570321052727378
0.2350039028148965	0.9860718817307355
0.2522007305195878	0.9198753293203965
0.27063465258718006	0.8581226553252145
70	120
0.0009299822338911506	199.99999999999977
0.0009354323245689518	188.6904411504769
0.0009408732180036515	178.02041290780747
0.0009463041202836145	167.9537512268214
0.0009517242633737877	158.45633705933207
0.0009571329077226188	149.49598071406976
0.0009625293449576309	141.04231275580517
0.0009679129006830722	133.0666810738822
0.000973282937394006	125.54205377130337
0.0009786388575222956	118.44292754522033
0.0009839801066311416	111.74524124830809
0.000989306176776289	105.42629433804872
0.0009946166100538206	99.46466993753192
0.0009999110023566184	93.8401622469975
0.0010051890073643737	88.53370806009134
0.0010104503407953529	83.52732215273093
0.0010156947849524103	78.80403632558394
0.0010209221936008724	74.34784189356328
0.0010261324972223136	70.14363542741177
0.0010313257086959754	66.17716756348268
0.0010365019294691128	62.43499470821295
0.0010416613562889985	58.90443347360192
0.0010468042885833728	55.57351768926428
0.001051931136593151	52.430957845355586
0.0010570424303819302	49.466102828910984
0.0010621388298723037	46.6689038239103
0.0010672211360900133	44.02988025271411
0.0010722903038354345	41.54008764343645
0.001077347456049388	39.191087314347534
0.0010823939001995359	36.97491777255544
0.0010874311470880046	34.884067730030516
0.0010924609325748018	32.91145064551284
0.0010974852428313586	31.0503807060198
0.0011025063438921318	29.294550166545697
0.0011075268164715277	27.638007971151396
0.0011125495972736132	26.07513958298475
0.0011175780283665137	24.6006479548683
0.001122615916652813	23.209535575958366
0.001127667606088453	21.897087533626383
0.0011327380661523515	20.658855533152835
0.0011336070939144257	20.454312264741528
0.001190174110850038	20.454312264741528
0.001249563823075906	20.454312264741528
0.0013119170831441594	20.454312264741528
0.001377381772152128	20.454312264741528
0.0014461131504668913	20.454312264741528
0.0015182742259509932	20.454312264741528
0.001594036140562615	20.454312264741528
0.0016735785762471158	20.454312264741528
0.0017570901810825695	20.454312264741528
0.001844769016689961	20.454312264741528
0.001936823027969174	20.454312264741528
0.0020334705362748027	20.454312264741528
0.0021349407572014622	20.454312264741528
0.0022414743442065736	20.454312264741528
0.0023533239593599552	20.454312264741528
0.002470754872573829	20.454312264741528
0.002594045590734403	20.454312264741528
0.0027234885182271457	20.454312264741528
0.0028593906504222775	20.454312264741528
0.003002074301765217	20.454312264741528
0.003151877870198722	20.454312264741528
0.0033091566397297563	20.454312264741528
0.003474283623044416	20.454312264741528
0.0036476504461693867	20.454312264741528
0.0038296682772780144	20.454312264741528
0.004020768801843814	20.454312264741528
0.004221405246454181	20.454312264741528
0.004432053453712381	20.454312264741528
0.004653213010777232	20.454312264741528
0.0048854084342168785	20.454312264741528
0.005129190413986834	20.454312264741528
0.005385137119482553	20.454312264741528
0.005653855570764016	20.454312264741528
0.005935983078204484	20.454312264741528
0.006232188753977759	20.454312264741528
0.006543175098968649	20.454312264741528
0.006869679668870342	20.454312264741528
0.007212476823420035	20.454312264741528
0.007572379562921516	20.454312264741528
0.007732527207920071	20.249769284971585
0.009007506589779803	18.67317925772612
0.010300982728600134	17.219338091419754
0.011650329211944872	15.878688905315315
0.013077553190830512	14.642418890504207
0.014599103058936887	13.502401378568788
0.016229186699790763	12.451142420615339
0.0179811998099158	11.481731525513268
0.019868453633984904	10.587796233516212
0.021904600863581203	9.763460226653299
0.024103918023862185	9.003304700527217
0.026481515382599144	8.302332743595457
0.02905350943373163	7.6559364897803395
0.03183717668096611	7.059866828484478
0.03485109946384462	6.510205472899047
0.03811531042873437	6.00333920299498
0.04165144000029591	5.535936113882367
0.045482869949022425	5.104923713405666
0.049634895431052935	4.707468724998594
0.05413489746667261	4.340958463031769
0.05901252759906936	4.002983658223411
0.06429990636530947	3.691322620215172
0.0700318371769533	3.4039266332052875
0.07624603722455214	3.138906488636553
0.08298338707420864	2.894520066411327
0.09028820070684146	2.669160882998177
0.09820851785657787	2.4613475311506705
0.10679642063077237	2.269713941819984
0.11610837653888374	2.0930004042475323
0.12620561022011148	1.9300452852079117
0.13715450634023546	1.7797773929683094
0.14902704632693248	1.6412089357684914
0.16190128183068703	1.513429028533742
0.17586184803634147	1.395597705136845
0.19100052020961014	1.2869403968484805
0.20741681714500856	1.1867428406799543
0.22521865548835673	1.0943463841480003
0.24452305924016574	1.0091436555973923
0.2654569291079643	0.9305745716200448
0.2881578767682558	0.8581226553252145
90	119
0.0009769104792199201	199.99999999999977
0.0009829913806967086	190.68230469887004
0.0009891311789827519	181.7987066263631
0.0009953327145258604	173.32898185394342
0.0010015990854139456	165.25384865509236
0.0010079336754906523	157.55492360955654
0.0010143401863840003	150.21467975262289
0.001020822674134715	143.21640667416423
0.0010273855912547342	136.544172476601
0.0010340338352257457	130.1827875051916
0.001040772804672822	124.11776976806566
0.0010476084647328596	118.3353119672926
0.0010545474235001632	112.82225006591536
0.0010615970218968594	107.56603331940502
0.0010687654399180958	102.55469570329808
0.0010760618229884464	97.77682867198067
0.0010834964332024823	93.22155518659923
0.0010910808316027753	88.87850495296799
0.0010988280995067024	84.7377908131093
0.0011067531094243904	80.78998623667202
0.001114872859602199	77.02610386099313
0.001123206891111162	73.43757503094345
0.0011317778133385912	70.0162302919824
0.0011406119737614458	66.75428079201015
0.0011497403226189875	63.64430054967998
0.0011591995452248523	60.67920954880267
0.0011690335686227811	57.852257620356816
0.0011792956027694248	55.157009075411985
0.0011900509630754985	52.5873280539802
0.0012013810661628196	50.13736455644241
0.0012133892426759846	47.80154112574935
0.0012262094682447546	45.57454015007849
0.0012400199870591909	43.45129175704072
0.0012550655762534485	41.42696227187774
0.001271696082544732	39.496943213373896
0.0012904382057318644	37.65684080243261
0.0013121429261802149	35.90246595943145
0.001338332886122027	34.22982476758556
0.001372213934503365	32.63510938060837
0.0014230265175151188	31.114689353970558
0.0014741554686247675	30.8066231066503
0.0015108278052731996	30.8066231066503
0.0015484124339450172	30.8066231066503
0.0015869320495872018	30.8066231066503
0.0016264099117254062	30.8066231066503
0.0016668698585088912	30.8066231066503
0.0017083363211048527	30.8066231066503
0.0017508343384508428	30.8066231066503
0.0017943895723741708	30.8066231066503
0.0018390283230874391	30.8066231066503
0.0018847775450695555	30.8066231066503
0.0019316648633418117	30.8066231066503
0.0019797185901488656	30.8066231066503
0.0020289677420546877	30.8066231066503
0.0020794420574638036	30.8066231066503
0.00213117201457841	30.8066231066503
0.002184188849802206	30.8066231066503
0.002238524576602055	30.8066231066503
0.0022942120048388614	30.8066231066503
0.00235128476057935	30.8066231066503
0.0024097773064006775	30.8066231066503
0.002469724962200184	30.8066231066503
0.002531163926522811	30.8066231066503
0.002594131298419079	30.8066231066503
0.002658665099846827	30.8066231066503
0.0027248042986302346	30.8066231066503
0.002792588831989992	30.8066231066503
0.0028620596306588243	30.8066231066503
0.00293325864359694	30.8066231066503
0.0030062288633223144	30.8066231066503
0.003081014351871116	30.8066231066503
0.00315766026740394	30.8066231066503
0.0032362128914739437	30.8066231066503
0.003316719656973271	30.8066231066503
0.003399229176774779	30.8066231066503
0.003483791273086203	30.8066231066503
0.0035704570075346005	30.8066231066503
0.003659278711999202	30.8066231066503
0.0037503100202112625	30.8066231066503
0.003978452859727811	30.498556891515683
0.005384297621696238	27.83024210976779
0.006558288605423281	25.395377841754648
0.007726542488555212	23.17353953234672
0.008943678079919823	21.146089568090126
0.010237398756386034	19.29602093791188
0.011627170742263876	17.60781457192899
0.013129476318128573	16.067309161667296
0.014759852630423675	14.661582369691848
0.016533868296536445	13.378842432191847
0.01846767786722747	12.208329245240856
0.020578388428335526	11.1402241050077
0.022884337453734926	10.165567344784199
0.02540532877686091	9.276183177939007
0.028162851026236634	8.464611116351337
0.031180292325566523	7.724043389037293
0.034483159804709645	7.048267836012233
0.038099309732521666	6.431615798361825
0.04205919262526089	5.868914567404032
0.04639611691307291	5.3554439940676115
0.05114653436436711	4.8868968945106195
0.0563503503173527	4.4593429198460575
0.06205126176451973	4.069195586900668
0.06829712643192269	3.7131821934482367
0.0751403661637672	3.3883163655553354
0.0826384081487767	3.0918730067561233
0.09085416779972015	2.8213654389206844
0.09985657741718734	2.574524543065736
0.10972116513170076	2.349279725133184
0.12053068902491854	2.1437415470701637
0.1323758317825765	1.956185877513687
0.14535596173154683	1.7850394291298193
0.15957996666428942	1.6288665612891435
0.17516716746007904	1.486357237374484
0.19224831917841304	1.3563160357021622
0.2109667080311874	1.2376521218763719
0.2314793534425621	1.1293700984609254
0.2539583252854317	1.0305616552120684
0.27859218734841545	0.9403979498313094
0.3055875791452243	0.8581226553252145
110	89
0.001030582710142745	199.99999999999997
0.001047289103422277	182.01319063436503
0.001064266317834031	166.10547665706076
0.001081518743558728	152.03784082029247
0.0010990508419446738	139.59867229572313
0.0011168671466614338	128.60064704348548
0.001134972264872208	118.87795789591254
0.0011533708784252045	110.283853358573
0.0011720677450643322	102.68844953024443
0.0011910676996595212	95.97678447317759
0.001210375655456978	90.04708869689122
0.0012299966053497173	84.80924908261439
0.0012499356231686902	80.18344656264853
0.001270197864994832	76.09895022487582
0.00129078857049239	72.49305232441132
0.0013117130642638641	69.31013006376863
0.0013329767572269032	66.50082106980798
0.001354585148013531	64.02130036379302
0.0013765438243920553	61.83264738680657
0.0013988584647120139	59.90029237990327
0.0014215348393725631	58.19353217469564
0.0014445788123146524	56.68510624947738
0.0014679963425373987	55.35082475205811
0.0014917934856390387	54.169241071772404
0.0015159763953828645	53.121362438463215
0.0015405513252885331	52.19039291030275
0.0015655246302491894	51.36150395943215
0.0015909027681747852	50.62162865230711
0.00161669230166205	49.95927613292957
0.0016428998996915346	49.364363740681725
0.0016695323393521502	48.828064625006185
0.0016965965075936775	48.34266915712552
0.001724099403007685	47.90145878920069
0.0017520481376373034	47.4985912819428
0.0017804499388163514	47.12899642311733
0.0018093121510382743	46.788281502910685
0.0018386422378553668	46.4726459092854
0.0018684477838087957	46.17880426808961
0.0018987364963899101	45.90391758865414
0.0019295162080333328	45.6455318942533
0.0019607948781423714	45.401523825107475
0.00199258059514727	45.17005270491904
0.002024881578596801	44.94951856424168
0.00205770618128379	44.73852561811069
0.0020910628914050855	44.535850702884645
0.002344832076656486	43.25212403132156
0.002629398422360525	42.0869146556089
0.0029484994394013745	40.89115474219024
0.00330632621903894	39.57614263669205
0.003707578478944457	38.09936492478671
0.004157526289564892	36.455130072994024
0.0046620792915337715	34.663121331462555
0.005227864313233896	32.757296730170815
0.0058623124079455686	30.777199849303916
0.006573756453731242	28.762140750249884
0.007371540597939142	26.747805750899445
0.008266142983776347	24.764608872487777
0.009269313370849195	22.83716719196097
0.010394227457187216	20.98444183906106
0.011655659929625056	19.22023700107653
0.013070178515395964	17.553862767010056
0.014656361583621937	15.990844775041733
0.016435042154690972	14.53361334784248
0.01842958152235477	13.182135967692572
0.020666176082315427	11.93447616622776
0.023174201397205493	10.787273579920393
0.025986598016930793	9.736146836323309
0.029140304121762935	8.776024826113456
0.032676740670540674	7.901413877205338
0.03664235542594499	7.106609083881599
0.04108923300210723	6.385858018929233
0.04607577894695119	5.733484579155083
0.05166748684404583	5.143979991380653
0.05793779850912952	4.612067174373067
0.06496906857917606	4.1327438009095685
0.07285364616297194	3.701308588107022
0.08169508775966544	3.313374594544724
0.09160951737583128	2.9648726348240477
0.10272715170490564	2.652047340736765
0.1151940104007882	2.3714479011934415
0.12917383390844298	2.119915094624496
0.14485023404039626	1.8945658798151177
0.16242910554492868	1.6927765254054428
0.1821413303396371	1.5121650259368022
0.2042458099279278	1.3505733652095193
0.229032865826373	1.2060500384472665
0.2568280526643441	1.076833126809197
0.2879964340373881	0.9613341255038338
0.32294737727366146	0.8581226553252147
130	89
0.0010923025760647903	199.9999999999995
0.0011085431364460797	187.12206001034164
0.0011250251645372128	175.4957215371563
0.0011417522505255664	164.99297409622676
0.0011587280379781026	155.49923981577717
0.0011759562246350206	146.91195041730052
0.001193440563215218	139.13927144700932
0.0012111848622337231	132.09895888442657
0.001229192986831282	125.7173349216055
0.0012474688596162851	119.92837115779318
0.0012660164615191987	114.67286870026018
0.0012848398326597147	109.89772572157104
0.001303943073226785	105.55528392191418
0.0013233303443717414	101.60274611013662
0.0013430058691147016	98.00165777701704
0.0013629739332644377	94.71744611507302
0.0013832388863519347	91.71901046305193
0.001403805142577823	88.97835863793543
0.0014246771817738985	86.4702840753404
0.0014458595503789435	84.17207913883095
0.001467356862429044	82.06328038373482
0.001489173800562645	80.12544197245153
0.0015113151170405403	78.34193383457554
0.0015337856347810356	76.69776154352164
0.0015565902484104908	75.1794052385897
0.0015797339253294928	73.77467525413422
0.0016032217067948765	72.47258242313657
0.0016270587090178317	71.2632212990552
0.0016512501242783397	70.13766478649993
0.0016758012220561805	69.08786888800812
0.0017007173501787495	68.10658646198554
0.0017260039359859466	67.18728904729225
0.0017516664875123827	66.32409594524117
0.0017777105946871687	65.511709862491
0.00180414193055153	64.74535851120933
0.0018309662524945375	64.02074163877595
0.0018581894035072082	63.333983020894884
0.0018858173134552495	62.68158700185547
0.0019138560003707263	62.0603992060809
0.0019423115717629434	61.4675710781214
0.0019711902259487986	60.90052793551605
0.0020004982534029335	60.35694024199158
0.0020302420381279507	59.83469782835467
0.0020604280590450098	59.33188680612299
0.0020910628914050855	58.84676893508746
0.002347615604096863	55.500719920135595
0.0026356447944498574	52.64304108915779
0.002959012314617421	49.993657672891274
0.0033220538277750535	47.40692787409437
0.0037296369400415166	44.8149827551499
0.004187226464611081	42.19723130070848
0.004700957693148615	39.56059316579807
0.005277718656859353	36.92611517611803
0.0059252424801774775	34.3202593477681
0.0066522110653378375	31.769619605285424
0.007468371498018045	29.298009174822933
0.008384666734800232	26.92508756104746
0.009413382324690545	24.66593277189198
0.010568311131916147	22.53116165029827
0.011864938268578654	20.527344390785956
0.013320648716712982	18.65755550669603
0.014954960423517082	16.92196556388436
0.016789785995058547	15.31841740868021
0.01884972649720782	13.842955609621448
0.02116240130303695	12.490293704755542
0.023758818409228326	11.254213874491116
0.02667379018664009	10.12789986270876
0.029946400139349617	9.104207622753657
0.03362052693040998	8.175880110020463
0.03774543270037842	7.335713452803808
0.042376423566702896	6.576681809309575
0.047575591159844076	5.892027844051893
0.05341264513853692	5.275325128945877
0.0599658478464321	4.720518028369611
0.06732306364185327	4.221943852517531
0.07558293696992564	3.7743413154160983
0.08485621497249032	3.3728486453335367
0.09526723236916015	3.0129940820504224
0.10695557851857837	2.690680962857691
0.12007796901158824	2.4021691457114542
0.134810346890353	2.1440541382214784
0.15135024166625807	1.9132449875530968
0.16991941776595126	1.7069417305759236
0.19076684791549103	1.522612997417532
0.2141720513292883	1.3579741971962207
0.24044884146177944	1.2109665850810987
0.269949533571123	1.0797374087772846
0.3030696685093004	0.9626212547350833
0.3402533160744928	0.8581226553252151
