# Table format: T1D
# table_unit = degC
# axis1_unit = kJ/kg/K
# axis2_unit = barA
# This file was automatically generated by generate_data_files.py
1.0	120
0.8367236915281774	-33.150000000000176
0.8368514805246303	-33.12504558459648
0.8369792747876318	-33.1000885745145
0.8371070743188853	-33.0751289694843
0.8372348791201009	-33.05016676923566
0.8373626891929814	-33.025201973499236
0.8374905045392368	-33.000234582004765
0.8376183251605753	-32.97526459448267
0.8377461510587056	-32.95029201066299
0.8378739822353394	-32.92531683027562
0.8380018186921889	-32.900339053050516
0.8381296604309649	-32.8753586787181
0.8382575074533826	-32.85037570700783
0.8383853597611569	-32.82539013764986
0.8385132173560026	-32.80040197037383
0.8386410802396358	-32.77541120491031
0.8387689484137755	-32.75041784098852
0.8388968218801391	-32.72542187833824
0.8390247006404454	-32.70042331669015
0.8391525846964196	-32.67542215577251
0.8392804740497795	-32.650418395316024
0.8394083687022467	-32.625412035050545
0.8395362686555479	-32.600403074705355
0.8396641739114052	-32.57539151401022
0.8397920844715452	-32.55037735269477
0.8399200003376941	-32.525360590488816
0.8400479215115809	-32.50034122712154
0.8401758479949335	-32.47531926232267
0.8403037797894817	-32.450294695821725
0.8404317168969551	-32.4252675273481
0.8405596593190872	-32.40023775663121
0.8406876070576081	-32.37520538340084
0.8408155601142542	-32.350170407385946
0.8409435184907597	-32.3251328283161
0.8410714821888581	-32.3000926459209
0.8411994512102888	-32.27504985992914
0.8413274255567899	-32.25000447007031
0.8414554052300969	-32.22495647607386
0.8415833902319518	-32.199905877668925
0.8417113805640968	-32.17485267458434
0.8541089367048578	-29.740760277358078
0.8731982920204258	-29.740760074319923
0.8922876466377543	-29.740760074319923
0.9113770012550829	-29.740760074319923
0.9304663558724114	-29.740760074319923
0.9495557104897402	-29.740760074319923
0.9686450651070688	-29.740760074319923
0.9877344197243974	-29.740760074319923
1.0068237743417259	-29.740760074319923
1.0259131289590544	-29.740760074319923
1.045002483576383	-29.740760074319923
1.0640918381937117	-29.740760074319923
1.0831811928110404	-29.740760074319923
1.102270547428369	-29.740760074319923
1.1213599020456972	-29.740760074319923
1.140449256663026	-29.740760074319923
1.1595386112803547	-29.740760074319923
1.1786279658976833	-29.740760074319923
1.1977173205150118	-29.740760074319923
1.2168066751323405	-29.740760074319923
1.2358960297496693	-29.740760074319923
1.2549853843669976	-29.740760074319923
1.2740747389843263	-29.740760074319923
1.2931640936016546	-29.740760074319923
1.3122534482189834	-29.740760074319923
1.3313428028363121	-29.740760074319923
1.3504321574536406	-29.740760074319923
1.3695215120709692	-29.740760074319923
1.3886108666882977	-29.740760074319923
1.4077002213056262	-29.740760074319923
1.426789575922955	-29.740760074319923
1.4458789305402837	-29.740760074319923
1.4649682851576125	-29.740760074319923
1.4840576397749408	-29.740760074319923
1.503146994392269	-29.740760074319923
1.522236349009598	-29.740760074319923
1.5413257036269268	-29.740760074319923
1.5604150582442549	-29.740760074319923
1.5795044128615836	-29.740760074319923
1.5985941957791587	-29.740616346971848
1.606736982796073	-27.306522510441482
1.6222950029268681	-22.623775157826117
1.6380032835493976	-17.851832342339975
1.653859940728919	-12.988995097543864
1.6698649526537384	-8.033532095632438
1.6860198280083365	-2.9836790310268952
1.7023272101494213	2.162362007776096
1.718790509447929	7.406423178318903
1.7354135987233046	12.750371536490263
1.7522005781566121	18.19610970125865
1.7691556032502531	23.745576532064888
1.7862827648015793	29.400747819120113
1.8035860092965104	35.163636986850804
1.8210690893477588	41.03629581074273
1.8387355356277537	47.02081514784123
1.8565886436083456	53.11932568116197
1.874631470071078	59.333998678284615
1.8928668357129834	65.66704676439406
1.911297331244016	72.12072471004643
1.9299253251877777	78.6973302339423
1.9487529722022743	85.3992048209862
1.967782221176463	92.22873455593373
1.9870148226699416	99.18835097291367
2.0064523354794255	106.28053192113333
2.026096132261637	113.50780244707437
2.0459474042374035	120.87273569348946
2.066007165060665	128.37795381552542
2.086276253969488	136.02612891429584
2.1067553383520026	143.81998398823464
2.127444915864125	151.76229390257402
2.148345316232008	159.85588637728404
2.169456702863364	168.10364299383377
2.190779074380015	176.50850022112775
2.2123122661707306	185.07345046098482
2.2340559520494963	193.8015431135289
2.256009646090557	202.6958856628749
2.2781727046981612	211.7596447834943
2.300544328956312	220.99604746765306
2.323123567292085	230.40838217432758
2.345909318475335	240.0
10.0	120
0.8351610014316347	-33.15000000000012
0.8431475927661406	-31.584006415312047
0.851154597280583	-30.007794764344197
0.859182422010987	-28.42129837448627
0.8672314890784921	-26.824450138092317
0.8753022368858583	-25.21718250964082
0.8833951214072492	-23.599427502876324
0.891510617581949	-21.971116687935876
0.8996492208241096	-20.33218118845403
0.9078114486621452	-18.6825516786472
0.9159978425232408	-17.022158380384155
0.924208969680595	-15.350931060233279
0.9324454253835018	-13.668799026491058
0.9407078351932098	-11.9756911261926
0.948996857550985	-10.271535742102571
0.9573131866087454	-8.55626078968396
0.9656575553573259	-6.82979371405105
0.9740307390930834	-5.092061486898956
0.9824335592701126	-3.342990603414819
0.990866887793318	-1.5825070791697158
0.9993316518170773	0.18946355301244466
1.007828839125669	1.9729962462039907
1.0163595041855193	3.768166442544498
1.0249247749761772	5.575050076429761
1.0335258607276043	7.393723577727542
1.0421640607166973	9.22426387500758
1.0508407743074768	11.066748398795426
1.0595575124585406	12.92125508485094
1.068315910970482	14.787862377461408
1.0771177458081738	16.666649232760562
1.0859649509118952	18.557695122069504
1.0948596390128826	20.461080035258192
1.1038041261005367	22.376884484126776
1.1128009603608162	24.305189505813757
1.121852956632953	26.24607666622296
1.1309632377359766	28.199628063472687
1.1401352844282782	30.1659263313706
1.1493729963278339	32.14505464290596
1.158680766905645	34.137096713771314
1.1680635767738266	36.142136805900805
1.1827239559278413	39.26629980394034
1.1936384490099259	39.26630017875783
1.2045529409524542	39.26630017875783
1.215467432894983	39.26630017875783
1.2263819248375116	39.26630017875783
1.2372964167800402	39.26630017875783
1.2482109087225688	39.26630017875783
1.259125400665097	39.26630017875783
1.270039892607626	39.26630017875783
1.2809543845501543	39.26630017875783
1.291868876492683	39.26630017875783
1.3027833684352115	39.26630017875783
1.3136978603777403	39.26630017875783
1.3246123523202686	39.26630017875783
1.3355268442627972	39.26630017875783
1.3464413362053258	39.26630017875783
1.3573558281478544	39.26630017875783
1.3682703200903827	39.26630017875783
1.3791848120329113	39.26630017875783
1.39009930397544	39.26630017875783
1.4010137959179683	39.26630017875783
1.411928287860497	39.26630017875783
1.4228427798030256	39.26630017875783
1.4337572717455542	39.26630017875783
1.4446717636880828	39.26630017875783
1.4555862556306114	39.26630017875783
1.4665007475731398	39.26630017875783
1.4774152395156686	39.26630017875783
1.488329731458197	39.26630017875783
1.4992442234007255	39.26630017875783
1.510158715343254	39.26630017875783
1.5210732072857827	39.26630017875783
1.5319876992283112	39.26630017875783
1.5429021911708396	39.26630017875783
1.5538166831133684	39.26630017875783
1.5647311750558968	39.26630017875783
1.5756456669984256	39.26630017875783
1.586560158940954	39.26630017875783
1.5974746508834825	39.26630017875783
1.6083891764747942	39.26631161123231
1.6198158498907598	42.39047472734461
1.6339088178092338	46.349500690419404
1.6478158851230995	50.35819979476031
1.6615875271712552	54.41719527976636
1.6752607963078834	58.52711820450304
1.6888638219349508	62.68860754581215
1.7024185971860277	66.90231029765613
1.71594276221654	71.16888157170683
1.7294507782106943	75.48898469919652
1.7429547203872446	79.86329133404843
1.7564648267823	84.29248155729834
1.7699898870416868	88.77724398282885
1.7835375242919245	93.31827586442904
1.797114404182558	97.91628320419778
1.810726393381781	102.57198086230801
1.8243786823195114	107.28609266814561
1.8380758821490877	112.0593515328456
1.8518221027483805	116.89249956323863
1.8656210164969707	121.78628817722762
1.8794759111706951	126.74147822061303
1.893389734349654	131.7588400853811
1.9073651310880884	136.83915382947907
1.92140447614505	141.98320929809222
1.9355099017590252	147.19180624644179
1.9496833217245304	152.46575446412584
1.963926452365849	157.8058739010163
1.9782408308833126	163.21299479473993
1.9926278314579362	168.68795779975574
2.0070886794319747	174.23161411805444
2.0216244638300473	179.84482563149373
2.0362361484437614	185.5284650357993
2.050924581669174	191.2834159762428
2.0656905052591794	197.110573185023
2.0805345621302633	203.01084262037404
2.0954573033441677	208.98514160741388
2.1104591943690365	215.03439898076317
2.1255406207109644	221.15955522895285
2.1407018929951405	227.36156264064311
2.155943251565688	233.64138545267912
2.171264870664483	240.0
20.0	118
0.8334530274258203	-33.15000000000026
0.8442778887921691	-31.0211121808793
0.855139484386167	-28.87334034781486
0.8660387674711814	-26.706516992693906
0.8769767373031601	-24.52047312154386
0.8879544440136926	-22.31503824135507
0.8989729939932806	-20.09004034678165
0.9100335558517283	-17.84530590672739
0.9211373670457859	-15.58065985081248
0.9322857412802273	-13.295925555718497
0.9434800768079022	-10.990924831413338
0.9547218657780623	-8.665477907253262
0.9660127048112579	-6.319403417964452
0.977354307015067	-3.952518389496788
0.9887485156992992	-1.564638224752457
1.0001973201049597	0.8444233108093613
1.0117028735311342	3.2748541036985443
1.0232675143324659	5.72684370704701
1.0348937903729243	8.200583355392155
1.0465844876670798	10.69626597959143
1.0583426641291116	13.214086221870105
1.070171689597738	15.754240451001067
1.0820752936339126	18.316926777619813
1.094057623028813	20.902345069675903
1.1061233115575888	23.510696968020795
1.118277565337053	26.142185902133747
1.130526268293582	28.797017105988573
1.1428761138761367	31.475397634058538
1.1553347715005857	34.177536377466765
1.167911099673387	36.903644080276706
1.1806154229525871	39.653933355929155
1.193459897938942	42.42861870382313
1.2064590062295089	45.22791652604599
1.219630233111201	48.05204514425185
1.2329950261375353	50.90122481668669
1.246580190310849	53.77567775536784
1.2604199929503839	56.675628143414144
1.2745594809052307	59.601302152532526
1.2890599998016226	62.55292796065413
1.3040090366306354	65.53073576973179
1.3290990788939687	68.95175321781602
1.3364584321251771	68.95175321781602
1.343817785356386	68.95175321781602
1.3511771385875946	68.95175321781602
1.358536491818803	68.95175321781602
1.3658958450500118	68.95175321781602
1.3732551982812204	68.95175321781602
1.380614551512429	68.95175321781602
1.3879739047436375	68.95175321781602
1.3953332579748463	68.95175321781602
1.4026926112060547	68.95175321781602
1.4100519644372633	68.95175321781602
1.417411317668472	68.95175321781602
1.4247706708996806	68.95175321781602
1.4321300241308892	68.95175321781602
1.4394893773620978	68.95175321781602
1.4468487305933064	68.95175321781602
1.4542080838245153	68.95175321781602
1.4615674370557235	68.95175321781602
1.4689267902869323	68.95175321781602
1.4762861435181407	68.95175321781602
1.4836454967493493	68.95175321781602
1.491004849980558	68.95175321781602
1.4983642032117663	68.95175321781602
1.5057235564429752	68.95175321781602
1.5130829096741836	68.95175321781602
1.5204422629053924	68.95175321781602
1.5278016161366008	68.95175321781602
1.5351609693678097	68.95175321781602
1.542520322599018	68.95175321781602
1.549879675830227	68.95175321781602
1.5572390290614353	68.95175321781602
1.5645983822926441	68.95175321781602
1.5719577355238525	68.95175321781602
1.5793170887550614	68.95175321781602
1.5866764419862698	68.95175321781602
1.5940357952174784	68.95175321781602
1.601395148448687	68.95175321781602
1.6245038018626143	72.3727701583644
1.6394792942333591	75.89463889378169
1.65373163967314	79.45240557995879
1.6674715384147694	83.04643612004674
1.6808324068815033	86.67710014680034
1.6939046067699137	90.34477106059279
1.7067524658094582	94.04982606781942
1.7194235820337638	97.79264621969003
1.7319542812388498	101.57361645142112
1.7443729982130636	105.39312562182351
1.7567024658026502	109.25156655329579
1.7689611845529332	113.1493360722231
1.7811644400868085	117.08683504979166
1.7933250262402214	121.06446844321482
1.8054537710596037	125.08264533738316
1.8175599273071592	129.14177898693498
1.8296514677246294	133.2422868587609
1.841735311990748	137.38459067493648
1.853817503793892	141.56911645609648
1.8659033508668246	145.79629456524736
1.8779975371023878	150.06655975203057
1.8901042133279908	154.38035119743472
1.9022270715548835	158.73811255896277
1.9143694062772598	163.1402920162605
1.9265341655094468	167.58734231721138
1.9387239936071912	172.07972082449885
1.9509412674480835	176.6178895626453
1.9631881271966656	181.20231526552794
1.9754665026175005	185.83346942438317
1.9877781357006168	190.51182833629554
2.0001246002114055	195.2378731531848
2.012507318659199	200.01208993128762
2.024927577086833	204.83496968115168
2.037386538010989	209.70700841812942
2.0498852517856876	214.62870721339436
2.0624246666152013	219.60057224547205
2.0750056374055568	224.62311485230208
2.0876289336135856	229.6968515838235
2.100295246227851	234.82230425510352
2.1130051939954124	240.0000000000001
30.000000000000004	120
0.8317734442843592	-33.14999999999995
0.844335032859705	-30.673080798086886
0.8569450247489645	-28.170598559787265
0.8696048141524422	-25.64228946186867
0.882315869147508	-23.08788695831265
0.8950797406437943	-20.507121752213124
0.9078980723466736	-17.8997217673859
0.9207726119047627	-15.265412119685607
0.933705223451056	-12.603915088026554
0.9466979017889926	-9.91495008510259
0.9597527885265699	-7.1982336278076104
0.9728721905263604	-4.453479307349369
0.986058601120586	-1.6803977590541876
0.999314724643419	1.1213033681385696
1.012643504964012	3.951919442498422
1.0260481588727306	6.811748880640209
1.0395322153922373	9.701093178988799
1.0530995623720762	12.620256945559959
1.0667545021053046	15.569547932077
1.0805018182137704	18.549277066412913
1.0943468567366832	21.55975848537105
1.1082956253009166	24.601309567802957
1.1223549155649186	27.674250968066417
1.1365324559846197	30.778906649832606
1.1508371046198562	33.91560392023871
1.1652790956140122	37.08467346439289
1.1798703588409787	40.28644938023973
1.1946249412018948	43.521269213778794
1.2095595722125558	46.78947399465284
1.2246944395122588	50.09140827210018
1.2400542785777602	53.42742015127732
1.2556699485801008	56.79786132996048
1.271580790446612	60.20308713562042
1.287838304023532	63.643456562883784
1.3045121812444573	67.1193323113809
1.3217008611931846	70.63108082398134
1.33955161102291	74.17907232542905
1.3583033726262779	77.76368086136864
1.3783949647621903	81.3852843377835
1.4008268966695478	85.04426456083286
1.4286911305133085	88.66238844528601
1.4326747451023014	88.66238887609745
1.436658358385586	88.66238887609745
1.4406419716688708	88.66238887609745
1.4446255849521554	88.66238887609745
1.4486091982354399	88.66238887609745
1.4525928115187245	88.66238887609745
1.4565764248020094	88.66238887609745
1.4605600380852937	88.66238887609745
1.4645436513685781	88.66238887609745
1.468527264651863	88.66238887609745
1.4725108779351477	88.66238887609745
1.4764944912184321	88.66238887609745
1.4804781045017168	88.66238887609745
1.4844617177850015	88.66238887609745
1.4884453310682861	88.66238887609745
1.4924289443515704	88.66238887609745
1.4964125576348555	88.66238887609745
1.50039617091814	88.66238887609745
1.5043797842014246	88.66238887609745
1.508363397484709	88.66238887609745
1.5123470107679937	88.66238887609745
1.5163306240512784	88.66238887609745
1.520314237334563	88.66238887609745
1.5242978506178475	88.66238887609745
1.5282814639011322	88.66238887609745
1.5322650771844168	88.66238887609745
1.5362486904677015	88.66238887609745
1.540232303750986	88.66238887609745
1.5442159170342704	88.66238887609745
1.5481995303175553	88.66238887609745
1.55218314360084	88.66238887609745
1.5561667568841244	88.66238887609745
1.5601503701674089	88.66238887609745
1.5641339834506938	88.66238887609745
1.5681175967339782	88.66238887609745
1.5721012100172629	88.66238887609745
1.5760848233005476	88.66238887609745
1.580068436583832	88.66238887609745
1.584052052451824	88.6623896941723
1.6145635980358495	92.28051359111379
1.6336117997385289	95.47544423170433
1.6500628988665207	98.69830790311306
1.6650533559153768	101.94934882166285
1.6790974493599051	105.22881333883964
1.6924771963564509	108.53694995996256
1.7053659155363774	111.87400936301253
1.7178785831979604	115.24024441762879
1.7300957985172847	118.63591020427049
1.7420764764065588	122.06126403354517
1.7538651212959688	125.51656546570757
1.7654962564339796	129.002076330327
1.7769972547561854	132.51806074612898
1.7883902211338225	136.06478514100763
1.7996932858666363	139.64251827221642
1.810921518826669	143.25153124673238
1.8220875912750352	146.8920975417995
1.8332022651752193	150.56449302565278
1.8442747617203126	154.26899597842112
1.855313043485776	158.00588711321484
1.866324033647663	161.77544959739816
1.87731378856886	165.57796907404492
1.8882876353055376	169.4137336835846
1.899250282358562	173.28303408563562
1.9102059097614779	177.18616348103086
1.9211582430249705	181.12341763403612
1.932110614334887	185.0950948947604
1.9430660135873212	189.10149622176544
1.9540271312470703	193.14292520486873
1.964996394572322	197.21968808815285
1.9759759984152632	201.3320937931656
1.986967931555677	205.48045394233287
1.9979739993308596	209.6650828825728
2.008995843175524	213.88629770911183
2.020034957568661	218.1444182895175
2.031092704792506	222.43976728793365
2.042170327836146	226.77267018953137
2.0532689617182935	231.14345532517393
2.0643896434572007	235.5524538962955
2.0755333208780122	239.99999999999977
40.0	89
0.8301208750429225	-33.14999999999995
0.8823933722483062	-22.71554022919122
0.9310908184088671	-12.751076449143227
0.9764390036620844	-3.273473048060282
1.0186386483182852	5.704292214172483
1.0578739877673045	14.173785712696883
1.0943181094640009	22.13140509434578
1.1281362079983837	29.57838065030512
1.1594874553442676	36.520553654721255
1.1885259312023364	42.9679839309029
1.215400917258413	48.93443364832518
1.2402567763463515	54.43677111979457
1.2632325854828292	59.49433544908334
1.2844616557771793	64.12829934005828
1.3040710441994239	68.36106274116196
1.3221811376936514	72.21570411413813
1.338905366985747	75.71550911392347
1.3543500849999468	78.88358872848727
1.3686146234409038	81.74259102678911
1.3817915217887384	84.31450326789269
1.3939669068364675	86.62053486972536
1.40522098890194	88.6810671019519
1.4156286334284522	90.51565259784917
1.4252599637558785	92.14304686607255
1.4341809518497484	93.58125470948107
1.442453957930399	94.84757648882663
1.4501381864565666	95.95864213914336
1.4572900341641366	96.93042442787834
1.4639633154314555	97.77822686717025
1.4702093608472238	98.51664572698024
1.4760769961315812	99.15950950057595
1.4816124198529792	99.71980265398605
1.4868590086284428	100.20958318565101
1.4918570862784981	100.63990504907031
1.4966436972552892	101.02075654348215
1.5012524234935902	101.36102424696656
1.5057132774211528	101.66848913318478
1.5100526930790523	101.94985765639342
1.5142936240076097	102.21082649344174
1.5184557431417616	102.45617601382986
1.522555728708298	102.68988497578505
1.5266076126111752	102.91525770430513
1.5306231646210335	103.13505507269235
1.534612286486495	103.35162171229206
1.5385833938325533	103.56700361642635
1.5440913776170642	103.86812174326707
1.5495956051494117	104.17520474616487
1.5551114634445984	104.49290155813253
1.5606536107563802	104.82607888052718
1.5662367030919646	105.17999197274588
1.5718758778428563	105.56038675764086
1.5775870503232485	105.97355195775907
1.5833870744276644	106.42633709974882
1.5892938099364597	106.92614872527099
1.5953261293092438	107.48093379480844
1.6015038878327905	108.09915642863581
1.607847873487691	108.78977190489468
1.6143797470427224	109.56220019971988
1.6211219785560216	110.42630022109381
1.6280977834156136	111.3923451536727
1.6353310590247339	112.47099889942126
1.6428463219901621	113.67329338570761
1.650668645004038	115.01060645096157
1.6588235923611734	116.49464005425352
1.6673371530970735	118.13739864697266
1.6762356709644086	119.9511676599613
1.6855457708038855	121.94849217493498
1.6952942812402811	124.14215595027451
1.7055081539897672	126.54516105188833
1.7162143803581817	129.1707084001501
1.7274399057131073	132.03217958886296
1.7392115428118613	135.143120368221
1.7515558848628525	138.51722621519667
1.764499219100147	142.1683304408985
1.7780674414789859	146.1103952977146
1.7922859728747	150.35750653583358
1.8071796769106947	154.9238718025195
1.8227727792724222	159.82382316376322
1.8390887881022822	165.07182384991142
1.8561504148337562	170.68247909005498
1.8739794946324415	176.67055062389625
1.8925969054901606	183.05097419651122
1.91202248499017	189.8388790900812
1.932274943848391	197.049608566347
1.953371775552184	204.69874001534515
1.975329161767015	212.80210364680175
1.9981618736497275	221.37579871988044
2.0218831697662187	230.4362065672749
2.046504691918379	239.99999999999977
50.00000000000001	89
0.8284940538631065	-33.15000000000029
0.8814988844427711	-22.544786340943233
0.9309169441256113	-12.40088442715222
0.9769778300200586	-2.7353968237501363
1.019885298931822	6.438421150091358
1.0598261600485221	15.111854379400995
1.096975801372145	23.28104045352245
1.1315015646878561	30.946988824236257
1.1635646923467262	38.115370868977834
1.1933213059115346	44.79613425582892
1.2209227299991245	51.002989614367834
1.246515388711316	56.75281420388001
1.2702404479847043	62.06501422448321
1.2922333395613912	66.96088365780321
1.3126232726935014	71.46299257750053
1.3315328136902744	75.59463162835488
1.3490775889449993	79.37933203555889
1.3653661436644173	82.84047253238901
1.3804999667165179	86.0009766264422
1.3945736729104357	88.88309637192128
1.4076753188116604	91.5082729201776
1.4198868177702526	93.89706003575486
1.4312844145554864	96.06909468072092
1.4419391796010246	98.04309860482488
1.451917486620689	99.83689633159986
1.4612814441960256	101.4674375643562
1.4700892607029654	102.95081536933594
1.4783955315348463	104.30227506909654
1.4862514470328745	105.53621220565714
1.4937049280513637	106.66616089847253
1.5008007030081805	107.70477619666997
1.5075803450878238	108.66381545907007
1.5140822906342	109.55412432645943
1.5203418595784348	110.3856325100225
1.5263912961647832	111.16736353815122
1.532259843737335	111.90746099945784
1.5379738616582004	112.6132319697661
1.5435569864082672	113.29120650513295
1.5490303334166606	113.94721057351342
1.5544127318429817	114.58644875709996
1.5597209817861206	115.21359255752105
1.5649701222943693	115.8328701514684
1.570173698916708	116.44815387565882
1.5753440210003715	117.0630424279035
1.5804924010707768	117.68093561006282
1.5863140580099921	118.38897784245938
1.592135472942894	119.10971561351579
1.5979704024555088	119.84775180140213
1.6038321732158218	120.60771883491162
1.609733876201558	121.39433118274331
1.6156885158442635	122.21242381023359
1.6217091209266516	123.06697905888058
1.6278088240127193	123.96314426957446
1.6340009156642568	124.90624221582749
1.6402988789152508	125.90177610368579
1.646716408595024	126.95543057608802
1.6532674192183996	128.07306986017244
1.6599660443613617	129.26073393236197
1.6668266297473082	130.52463335472896
1.6738637216936112	131.87114325781943
1.6810920521087729	133.3067968068567
1.6885265208768532	134.83827838529038
1.6961821762037532	136.47241665649773
1.704074193313981	138.2161776156616
1.7122178517614475	140.0766577144135
1.7206285115394075	142.0610771262638
1.7293215881307415	144.17677321738273
1.738312526619371	146.43119429158003
1.7476167749780334	148.83189368757684
1.7572497566495273	151.38652431825489
1.7672268425422837	154.10283375321882
1.7775633225621696	156.9886599554091
1.7882743767979004	160.05192778764462
1.7993750464651372	163.30064640388036
1.8108802046933428	166.74290763102186
1.8228045272098226	170.38688542927923
1.835162462937882	174.24083649175213
1.8479682044826473	178.31310200767228
1.8612356584314669	182.61211056983984
1.8749784153494138	187.14638215759993
1.8892097193083037	191.9245330754349
1.9039424367542916	196.95528167764144
1.9191890244988394	202.2474546657242
1.9349614966147113	207.80999371087552
1.9512713900358352	213.6519621325902
1.968129728699344	219.78255135837333
1.9855469861302673	226.2110868997628
2.003533046453043	232.94703360629188
2.0220971639161864	240.0000000000001
60.00000000000001	89
0.8268918134211269	-33.14999999999981
0.8806184273065683	-22.376565830576055
0.9307467380899402	-12.05572635335335
0.9775100427723288	-2.204825863792962
1.0211150006926055	7.162590918938918
1.0617508316719955	16.037506428569998
1.0995950284450036	24.415767346758912
1.134816847769796	32.298120905931796
1.1675793300155597	39.6900162020342
1.198040322551	46.601225073642865
1.226352829845866	53.04533156859509
1.2526649241243906	59.03913562302091
1.277119394323574	64.60201340587264
1.2998532718751143	69.75527281553411
1.3209973407893703	74.52153738820209
1.3406757122025779	78.92418532879384
1.3590055180201148	82.98686277230007
1.3760967542366997	86.73308225657883
1.3920522826234945	90.18590943071882
1.406967980890217	93.3677339643915
1.4209330172879233	96.30011508292074
1.4340302166548864	99.00368852602793
1.4463364812542763	101.49812012512166
1.457923230907563	103.80209144670312
1.4688568318879602	105.9333046758731
1.479198991518937	107.90849661380992
1.4890071040866288	109.74345481451508
1.4983345423148609	111.45303202159369
1.5072308963021561	113.05115781903919
1.5157421678065013	114.55084853552086
1.5239109317037347	115.96421781469815
1.5317764782337777	117.30249086951119
1.53937494942567	118.57602535309076
1.5467394812022914	119.79434114953534
1.5539003596028966	120.96616040493518
1.5608851958961436	122.09945798748748
1.567719121653096	123.20152147558906
1.5744250015902486	124.27901887503458
1.581023659515396	125.33807165603423
1.5875341111825982	126.3843304129557
1.5939737972895895	127.42305046621402
1.6003588101043293	128.45916498942745
1.6067041080771125	129.49735367757864
1.6130237140423038	130.54210549165163
1.6193308940132245	131.5977745493422
1.625131123317006	132.58190910962668
1.6309410642736015	133.5821714257537
1.6367699655645025	134.60183695751704
1.6426268861640971	135.64419061961974
1.6485207488109976	136.7125419613297
1.6544603835784057	137.81023716795005
1.6604545627021843	138.94066830086467
1.6665120278177297	140.1072801819721
1.6726415107011325	141.31357530265677
1.6788517485227508	142.56311710264356
1.6851514945160753	143.85953192469015
1.6915495248522567	145.20650991057812
1.6980546423986156	146.60780506461435
1.7046756779336938	148.06723467471267
1.711421489294769	149.588678248782
1.718300958848672	151.1760760963565
1.7253229896032818	152.8334276619861
1.732496500215525	154.56478969786866
1.739830419100847	156.37427434806762
1.7473336778082513	158.26604720500563
1.755015203792481	160.24432539020682
1.762883912689549	162.31337570488114
1.77094870018223	164.47751289141547
1.7792184335269965	166.74109804352202
1.7877019428020111	169.10853720024818
1.7964080119262529	171.584280156764
1.8053453694916373	174.17281952238966
1.8145226794424092	176.8786900533778
1.8239485316286634	179.70646828420558
1.833631432253021	182.6607724763893
1.8435797942211798	185.7462628979926
1.8538019273981319	188.96764244006783
1.864306028762431	192.32965756833954
1.8751001724411622	195.83709959970696
1.8861922995987292	199.49480628391422
1.8975902081434968	203.30766366134412
1.9093015422084447	207.28060815877495
1.9213337813556968	211.4186288765198
1.9336942294507917	215.7267700130858
1.9463900031512482	220.2101333677511
1.959428019955931	224.87388085759954
1.9728149857670534	229.72323698383786
1.986557381925786	234.76349118280257
2.000661451695127	239.99999999999977
70.0	89
0.8253130741281485	-33.149999999999466
0.879751472979721	-22.210751972276142
0.930580248728909	-11.715342389097145
0.9780363086890869	-1.6813572160621106
1.0223291035714737	7.8773625576152995
1.0636501301994652	16.951482613947178
1.1021788282784015	25.53653663257046
1.1380861860821938	33.632979580995084
1.1715368317438593	41.24600036600009
1.2026901009072875	48.385149582515
1.2317004132901828	55.06383240116514
1.2587171984517849	61.29871314017532
1.2838845529261773	67.10907475873802
1.307340770052112	72.51617233301891
1.3292178513928585	77.54261408053532
1.349641080114587	82.21179667018885
1.3687287102561267	86.54741372747742
1.3865918013015108	90.57304820880745
1.4033342056313658	94.31185140714138
1.4190526984201486	97.78630449225648
1.433837226379741	101.018053264723
1.4477712439651809	104.02780354184489
1.4609321031466806	106.83526332673603
1.4733914648806263	109.45911839632754
1.485215705796426	111.9170297445238
1.4964663009643433	114.22564390667617
1.5072001715654992	116.40061005386195
1.5174699937087395	118.45660044568547
1.5273244707106948	120.40733305888182
1.536808575407627	122.26559679276238
1.5459637713610854	124.04328054450798
1.5548282222892813	125.75140770309866
1.5634369980374172	127.40017735793856
1.5718222833487052	128.99901292448584
1.5800135931104824	130.5566181315636
1.5880379950920915	132.08103955382376
1.5959203388412646	133.57973423307538
1.6036834876191253	135.05964049301753
1.6113485491529471	136.52724984535746
1.6189351005712123	137.98867790225228
1.6264614030652313	139.44973241182714
1.6339446024469366	140.91597686490155
1.6414009126737874	142.39278852257837
1.6488457804290217	143.88541013219702
1.6562940298465962	145.39899499084822
1.6617999955104725	146.53215988043462
1.6673212219298366	147.68155565974655
1.6728632260174134	148.84922404004192
1.6784314455107365	150.0372120425052
1.6840312534106048	151.24757614419428
1.6896679701374124	152.48238568688475
1.6953468736266561	153.743725628076
1.7010732075810817	155.033698711767
1.706852188088078	156.35442713325926
1.7126890087987738	157.7080537677836
1.7185888448506565	159.0967430275145
1.7245568556997783	160.52268140597369
1.7305981870122575	161.98807776312987
1.7367179717487202	163.49516339897832
1.7429213305597415	165.04619195808652
1.7492133715958844	166.64343920272586
1.7555991898224335	168.28920268773464
1.7620838659169153	169.9858013663034
1.7686724648165226	171.73557515230482
1.7753700339730984	173.54088446173608
1.7821816013648804	175.4041097531146
1.78911217330693	177.32765108432818
1.796166732095816	179.31392770135125
1.8033502335186853	181.36537767241924
1.810667604251977	183.48445757955398
1.8181237391709029	185.67364227777693
1.8257234985870343	187.93542473085398
1.8334717054279832	190.27231593092034
1.841373142370022	192.686844907847
1.849432548931619	195.1815588326619
1.8576546185331	197.75902321775817
1.8660439955249872	200.4218222149495
1.874605272185072	203.1725590107318
1.8833429856817927	206.01385631634554
1.8922616149992169	208.94835694846444
1.9013655778167216	211.9787244945619
1.910659227334493	215.10764405529142
1.920146849034268	218.33782305459135
1.9298326573632243	221.67199210670208
1.9397207923278923	225.11290592796485
1.9498153159842677	228.6633442801496
1.9601202088100589	232.3261129311701
1.9706393659452983	236.10404461846286
1.9813765932883365	240.0
