# Table format: T1D
# table_unit = barA
# axis1_unit = kJ/kg
# axis2_unit = degC
# This file was automatically generated by generate_data_files.py
-80	120
136.9069341364985	499.99999999999994
132.21150783946482	386.0702773187421
128.6167239473131	298.10051805793984
125.8637805031471	230.17549935097907
123.7542879202121	177.72783773282427
122.13658830313948	137.23087120154372
120.89494523123446	105.96152100294478
119.9410963989214	81.81718759744523
119.20772109365767	63.174368610370344
118.64343167121902	48.77949201768415
118.20895719373586	37.664624021469315
117.8742463120785	29.08238368214958
117.6162714712867	22.455687866515056
117.41736456687588	17.338947284017134
117.26395394144488	13.38810437271109
117.14560420107902	10.337498335889634
117.05428472257769	7.982001698637894
116.98381121066798	6.163227218703582
116.92941852939074	4.758877683006624
116.88743337931037	3.6745224536086747
116.85502310814759	2.8372478053572867
116.83000270613675	2.19075409407256
116.81068635671573	1.6915700812715202
116.79577316250858	1.306129860761166
116.78425912076902	1.0085158351167032
116.77536928307364	0.778715976287697
116.76850544933009	0.6012781858358514
116.76320582594596	0.4642712719027138
116.75911390363532	0.3584826773892111
116.75595444309891	0.2767990133472353
116.75351494237779	0.2137277436890423
116.75163133289968	0.1650278585534749
116.75017693830742	0.1274247022341162
116.74905395120196	0.0983897802575666
116.74818685324368	0.07597073949873753
116.74751733528049	0.05866008893277493
116.74700037541598	0.04529383360363691
116.74660121099666	0.03497320580037013
116.74629300070873	0.027004230524148628
116.74605501949331	0.02085106153447457
116.74604744066586	0.020655105544719846
116.75114326982379	0.020645370682835236
116.75755965650002	0.020645370682835236
116.76563793223258	0.020645370682835236
116.77580853791835	0.020645370682835236
116.78861340165903	0.020645370682835236
116.80473481472758	0.020645370682835236
116.82503178661187	0.020645370682835236
116.85058581626919	0.020645370682835236
116.882758518456	0.020645370682835236
116.92326417568037	0.020645370682835236
116.97426108161798	0.020645370682835236
117.03846654311195	0.020645370682835236
117.11930166849581	0.020645370682835236
117.22107365710517	0.020645370682835236
117.34920530304892	0.020645370682835236
117.51052394206337	0.020645370682835236
117.71362523762387	0.020645370682835236
117.96933119020542	0.020645370682835236
118.29126677414745	0.020645370682835236
118.69658592750199	0.020645370682835236
119.20688557833412	0.020645370682835236
119.84935641023095	0.020645370682835236
120.65823168413148	0.020645370682835236
121.67661131515061	0.020645370682835236
122.9587583980669	0.020645370682835236
124.57299054898456	0.020645370682835236
126.60532012472204	0.020645370682835236
129.16403728449927	0.020645370682835236
132.38548009667846	0.020645370682835236
136.44129914353402	0.020645370682835236
141.54760370950243	0.020645370682835236
147.97647689620067	0.020645370682835236
156.0704732328271	0.020645370682835236
166.26087126912273	0.020645370682835236
179.0906537176552	0.020645370682835236
195.24343961378977	0.020645370682835236
215.57991010758258	0.020645370682835236
241.1836687907135	0.020645370682835236
273.4137245896627	0.0206446686746691
273.41973547546144	0.02043816922686122
273.4340385221972	0.017690633278224264
273.44640757670754	0.015312453004513955
273.45710545905445	0.013253975328518257
273.46635894147573	0.011472222116024498
273.4743637764071	0.009929992852500293
273.481289002081	0.008595087948391004
273.4872806347822	0.007439636456734709
273.4924648390609	0.0064395141667791
273.4969506526535	0.005573839924209004
273.5008323308425	0.004824539661855518
273.50419136503865	0.00417596903845783
273.5070982220793	0.0036145868067030216
273.5096138437943	0.0031286720909253895
273.51179094056573	0.00270807967161921
273.5136751076896	0.002344028167447893
273.5153057891974	0.0020289166922861953
273.5167171102648	0.0017561661593510078
273.5179385963369	0.0015200819190730158
273.5189957945504	0.0013157348627800699
273.51991081084293	0.0011388585098035986
273.52070277428084	0.0009857599293307414
273.5213882385343	0.0008532426371751174
273.52198152905686	0.000738539857658674
273.5224950433508	0.0006392567572060377
273.52293951068685	0.0005533204435696719
273.5233242167722	0.0004789366867395649
273.5236571981153	0.00041455245793062685
273.5239454101842	0.0003588235045142287
273.5241948729034	0.0003105862839038314
273.52441079654875	0.00026883367041348927
273.5245976906846	0.00023269392788242537
273.52475945843327	0.00020141250904348934
273.5248994780537	0.00017433630163177786
273.5250206735408	0.00015089999231419974
273.5251255757211	0.00013061426373791392
273.52521637513166	0.00011305557826852171
273.5252949677811	9.785733511675948e-05
273.5253629947569	8.470221622686655e-05
273.5254218765041	7.331556111948653e-05
-55	119
161.01444322889736	499.99999999999994
157.1759101681378	404.9150334289769
154.104308725066	327.91236859357906
151.646555339393	265.55329538168917
149.6794569287017	215.0530429533033
148.10421515317805	174.15642015288006
146.84182470880975	141.0371053761488
145.82924704984214	114.21608847621889
145.016255899984	92.49562256695066
144.3628604161973	74.90573620746173
143.83721904546346	60.66091736093299
143.41396414285555	49.125034762069276
143.07286529637724	39.78293018576588
142.79776807623932	32.21741301214415
142.5757541128589	26.090629733615014
142.39647739170007	21.12897642153957
142.25163992375016	17.110880388095552
142.13457719857573	13.8569054086899
142.03992993853927	11.221738633563685
141.9633836769204	9.087701347881366
141.9014616928611	7.359493790139898
141.8513600015151	5.959939348109701
141.81081557214554	4.82653808074903
141.7780008700971	3.908675656625448
141.75143931000724	3.1653630683310436
141.72993736413565	2.5634061852562278
141.71252996829898	2.075923402390151
141.69843656802226	1.681145187749607
141.6870256950612	1.361441919793192
141.67778639429903	1.102536600929342
141.67030515977652	0.8928672892439519
141.66424730662155	0.723070776543711
141.65934191834162	0.5855644553114261
141.65536967835803	0.4742077019944937
141.65215302988508	0.3840276550107582
141.64954821648345	0.3109971415326656
141.64743884243833	0.2518548359200316
141.64573066181603	0.20395961861161824
141.64434736114538	0.16517263157656986
141.643227145863	0.1337617632727578
141.6431799582954	0.13243700241128983
141.66562392644127	0.13243700241128983
141.69261356697385	0.13243700241128983
141.7250695342673	0.13243700241128983
141.76409894674438	0.13243700241128983
141.8110331522337	0.13243700241128983
141.86747314210564	0.13243700241128983
141.9353441633264	0.13243700241128983
142.0169613913238	0.13243700241128983
142.11510890385804	0.13243700241128983
142.2331346498068	0.13243700241128983
142.37506465238226	0.13243700241128983
142.54574034241185	0.13243700241128983
142.75098370631306	0.13243700241128983
142.99779588218988	0.13243700241128983
143.2945959784422	0.13243700241128983
143.65150826132475	0.13243700241128983
144.08070750782414	0.13243700241128983
144.59683430432398	0.13243700241128983
145.21749445747636	0.13243700241128983
145.96385955288233	0.13243700241128983
146.8613891474776	0.13243700241128983
147.94069923061622	0.13243700241128983
149.2386065782731	0.13243700241128983
150.79938462474794	0.13243700241128983
152.67627369141022	0.13243700241128983
154.9332970884991	0.13243700241128983
157.64744503975	0.13243700241128983
160.91130092657022	0.13243700241128983
164.8361994366243	0.13243700241128983
169.55602434569298	0.13243700241128983
175.23177548045504	0.13243700241128983
182.0570606476774	0.13243700241128983
190.26469986719684	0.13243700241128983
200.1346671883145	0.13243700241128983
212.0036409960636	0.13243700241128983
226.27648858165045	0.13243700241128983
243.44007673182296	0.13243700241128983
264.0798794356805	0.13243700241128983
288.9049374257582	0.1311130154851784
288.9905040472173	0.10820558098136962
289.0607831002338	0.08930042309063768
289.11855587663234	0.07369828332181784
289.1660813877686	0.06082207425904534
289.20519972966724	0.050195534419967526
289.2374132883422	0.041425612434311886
289.2639510724625	0.03418792897392012
289.28582003583824	0.028214778704338583
289.30384625913234	0.023285228477632387
289.3187081543324	0.019216945521255083
289.3309633447349	0.015859453366395954
289.34107049755903	0.013088566068040791
289.3494071059119	0.010801794851293735
289.3562840047557	0.008914557286327791
289.36195724318014	0.007357048778028027
289.36663780966745	0.006071660653894348
289.37049960894734	0.0050108493511891615
289.3736860117814	0.004135377889442529
289.3763152377452	0.0034128645844105658
289.3784847821753	0.0028165853237402823
289.3802750592111	0.0023244851032609287
289.3817524012447	0.0019183622628931218
289.3829715294903	0.001583195248930499
289.3839775896268	0.0013065870011725455
289.38480782954684	0.0010783064140612569
289.38549298246096	0.0008899099115192399
289.38605840731526	0.0007344291384092529
289.386525029259	0.0006061132170375831
289.38691011531887	0.0005002160353596072
289.38722791422407	0.00041282069916546385
289.3874901842221	0.0003406946551342487
289.3877066285275	0.0002811701260903131
289.3878852545867	0.00023204543603565103
289.38803267050395	0.0001915035751973171
289.3881543296295	0.00015804499299749235
289.38825473238273	0.00013043213311208883
289.38833759279015	0.000107643659096746
289.3884059759129	8.883667749095899e-05
289.3884624112516	7.331556111948653e-05
-30	120
185.78183140401023	499.99999999999994
182.62220585108113	419.76525722832116
180.01107743824275	352.40574235191735
177.8545263448937	295.8553741741801
176.07397923868947	248.37961448521185
174.6039248242016	208.52226552931316
173.38992539949615	175.06080485548887
172.38688845539863	146.96888756152245
171.55756912587364	123.3848657836454
170.87127908723022	103.58535984750759
170.3027805733807	86.96307044295449
169.8313459706601	73.00815126770281
169.43996448970177	61.292570793302914
169.11467814458877	51.456983490471856
168.84403003668467	43.19970782214279
168.61860892542512	36.26747293230018
168.43067531890594	30.447650208896324
168.2738557870368	25.561731443870674
168.1428937953441	21.45985354947528
168.03344697473733	18.016201890555184
167.94192229323585	15.125151241732528
167.86534201741875	12.698026003206236
167.8012346088058	10.660380303055554
167.74754578128244	8.949714560127685
167.70256585401086	7.513558468904113
167.66487028456095	6.307861606799133
167.63327087834574	5.295642299877388
167.60677566411536	4.44585330439442
167.58455582106367	3.7324295118370117
167.56591835924272	3.133488468245681
167.55028350700837	2.630659185790253
167.53716596002226	2.2085186596065833
167.52615930654838	1.8541188064866092
167.51692307185783	1.5565893154734416
167.50917192721388	1.3068042288171313
167.50266669150693	1.0971020265129623
167.49720682026592	0.921050628729852
167.4926241308009	0.773250108178188
167.4887775561475	0.6491670611224886
167.48554875636233	0.5449955567924695
167.48538163849196	0.5396033801542968
167.55085290680356	0.5396005642162695
167.62687520053095	0.5396005642162695
167.71514863197908	0.5396005642162695
167.81764749537268	0.5396005642162695
167.93666424621864	0.5396005642162695
168.0748607736038	0.5396005642162695
168.2353279351216	0.5396005642162695
168.42165468596548	0.5396005642162695
168.6380083483077	0.5396005642162695
168.8892278162417	0.5396005642162695
169.18093178087923	0.5396005642162695
169.51964439612763	0.5396005642162695
169.91294119574766	0.5396005642162695
170.3696185252233	0.5396005642162695
170.89989027790088	0.5396005642162695
171.5156163355325	0.5396005642162695
172.23056782244888	0.5396005642162695
173.06073510594834	0.5396005642162695
174.02468543153674	0.5396005642162695
175.14397819176816	0.5396005642162695
176.4436471164524	0.5396005642162695
177.9527601687343	0.5396005642162695
179.70506966949495	0.5396005642162695
181.73976719054093	0.5396005642162695
184.10236010027148	0.5396005642162695
186.845689366353	0.5396005642162695
190.03111137923716	0.5396005642162695
193.72987022879377	0.5396005642162695
198.02469112594278	0.5396005642162695
203.01163060722286	0.5396005642162695
208.80222490335723	0.5396005642162695
215.5259845215143	0.5396005642162695
223.33329083426014	0.5396005642162695
232.39875945934878	0.5396005642162695
242.92514565458472	0.5396005642162695
255.14787907452086	0.5396005642162695
269.3403293118528	0.5396005642162695
285.81991999085807	0.5396005642162695
304.9549787328135	0.5395996205651507
304.97041719277206	0.5342035655688561
305.2746381778893	0.42527323281256824
305.5131046693078	0.3385550644055774
305.7006700683197	0.2695197411711568
305.84858648378156	0.21456152489849087
305.9654715099963	0.17080992942008813
306.0579806129989	0.1359797941513448
306.13128732196367	0.10825192938266934
306.1894335526991	0.08617809938752988
306.23558961723415	0.06860538058212144
306.2722498958505	0.05461594393782606
306.30138174499524	0.04347911646156072
306.3245398402036	0.0346132178989711
306.34295461366924	0.027555179378607055
306.35760105304314	0.021936357168623195
306.36925247165897	0.01746327829036006
306.378522689585	0.01390231232571157
306.3858992218695	0.011067468821608438
306.39176945331513	0.008810682945939756
306.3964413210973	0.007014082011445142
306.40015968238924	0.005583828945513241
306.4031192828776	0.004445221148237978
306.4054750419697	0.0035387887504361756
306.40735021615836	0.002817188482327271
306.40884288224674	0.0022427309185887993
306.4100310887387	0.001785411946963173
306.4109769505812	0.0014213456433572664
306.4117299050032	0.0011315167019728411
306.4123293009581	0.0009007872594728708
306.4128064589701	0.0007171062392750441
306.4131863099531	0.0005708799197583282
306.4134886992223	0.0004544708509477576
306.41372942420105	0.000361798947926939
306.4139210602736	0.00028802392595270567
306.414073618074	0.00022929249075086307
306.4141950666462	0.00018253707965694353
306.4142917498594	0.00014531564178387686
306.4143687178713	0.00011568408888071523
306.41442999097563	9.209475494775045e-05
306.41447876963235	7.331556111948653e-05
-5	120
211.25217550455045	499.99999999999994
208.64218587966275	431.7257465217572
206.43319749801958	372.7742404195371
204.56605274895531	321.8724744584113
202.98965352561677	277.9212686407257
201.65998229125046	239.97153435638228
200.5392314979485	207.2037796279613
199.59502771892662	178.91041288402252
198.79973918249965	154.48046312574084
198.1298574569811	133.38638653197452
197.5654457729487	115.17267460271273
197.0896478495694	99.44601784352716
196.6882521123915	85.8668125842255
196.34930687901436	74.14182752873714
196.06278250065276	64.01787167666282
195.82027665342386	55.27632688068263
195.61475905089927	47.72842697508677
195.44035187135572	41.211181532257015
195.29214221723083	35.583856224114626
195.1660229896179	30.724933784957532
195.05855868661752	26.5294899502847
194.9668728238748	22.906927707256234
194.88855391949406	19.779020929870246
194.82157726801512	17.078225152835383
194.76424003118385	14.746219006749014
194.71510748006065	12.732644818124086
194.6729685197853	10.99402117860201
194.6367989049522	9.492804001215923
194.60573080403182	8.196575788019336
194.57902759247517	7.0773456020096175
194.55606294570026	6.110944626840155
194.53630346636623	5.276504261951374
194.51929421749975	4.55600548303238
194.50464664718396	3.933889736638747
194.49202848459484	3.396722966569284
194.48115526431556	2.9329055169394436
194.47178319875863	2.5324216475569234
194.4637031696527	2.186623252598742
194.4567356510419	1.8880431121800496
194.45072640990634	1.6302336441423875
194.45035053324804	1.614098619151339
194.5952729027998	1.6140944621445519
194.75890512895515	1.6140944621445519
194.94366235078053	1.6140944621445519
195.1522718149348	1.6140944621445519
195.38781285687506	1.6140944621445519
195.65376235568237	1.6140944621445519
195.95404605712665	1.6140944621445519
196.29309652256268	1.6140944621445519
196.67591855905502	1.6140944621445519
197.1081630965627	1.6140944621445519
197.59621060270192	1.6140944621445519
198.14726526639322	1.6140944621445519
198.769461340661	1.6140944621445519
199.4719832143367	1.6140944621445519
200.265200985075	1.6140944621445519
201.1608235349084	1.6140944621445519
202.1720713679257	1.6140944621445519
203.3138717613755	1.6140944621445519
204.6030791108659	1.6140944621445519
206.0587237222312	1.6140944621445519
207.7022927225432	1.6140944621445519
209.5580472368631	1.6140944621445519
211.65338051265806	1.6140944621445519
214.0192222782445	1.6140944621445519
216.69049530409268	1.6140944621445519
219.7066309064055	1.6140944621445519
223.1121510024469	1.6140944621445519
226.9573253094801	1.6140944621445519
231.2989133883921	1.6140944621445519
236.20100248549062	1.6140944621445519
241.73595354006278	1.6140944621445519
247.98546932194495	1.6140944621445519
255.0418004661439	1.6140944621445519
263.0091072070825	1.6140944621445519
272.004996913363	1.6140944621445519
282.1622601189754	1.6140944621445519
293.63083067693344	1.6140944621445519
306.5799989696472	1.6140944621445519
321.20076279777015	1.614092739177397
321.2376526303902	1.5979517898029336
322.0410053931345	1.2368683596144618
322.6396766065539	0.9573776560580929
323.09035840935724	0.7410424635690331
323.4320599763549	0.5735917580043671
323.6924697508986	0.4439792873217589
323.8916783580466	0.34365488140301437
324.044498166048	0.2660004213812161
324.1619793410896	0.2058932609544587
324.2524381354038	0.15936829981824407
324.3221747934346	0.1233564171513877
324.37598623221885	0.09548201034824115
324.417538710898	0.07390628319686936
324.4496425117787	0.05720594566509859
324.4744566071732	0.044279323460509716
324.4936424562312	0.03427368367614701
324.5084803419019	0.02652898239920547
324.5199578261222	0.02053432347066791
324.5288372752769	0.015894256102738858
324.53570756880293	0.012302688102693754
324.54102379156393	0.009522693831898257
324.5451377595224	0.007370884887849647
324.5483215298516	0.005705312487096963
324.5507855282446	0.004416103503268885
324.5526925380662	0.0034182124459771553
324.5541685033167	0.002645811249030797
324.55531087547615	0.0020479467780700655
324.5561950652584	0.0015851795956132253
324.55687943110695	0.0012269822523007662
324.55740913724037	0.0009497254769284773
324.5578191379824	0.0007351194198902924
324.5581364865784	0.000569007123245297
324.5583821216065	0.00044043062602292134
324.55857224930514	0.0003409080983601656
324.55871941329383	0.0002638743190431444
324.5588333224233	0.00020424758633020304
324.5589214914718	0.00015809449238177986
324.5589897370112	0.00012237044740908497
324.55904256119135	9.471883664952639e-05
324.55908344878605	7.331556111948653e-05
20	120
237.46033869543422	499.99999999999994
235.30515192357996	441.5762396282597
233.44838741788092	389.97915080846707
231.852232137625	344.4110538948497
230.48315077032348	304.16747613058726
229.31145119346118	268.62626065392635
228.31089370445474	237.2379480899222
227.45833892429857	209.5172820293443
226.73342984642989	185.0357070713028
226.11830404918027	163.41474345100414
225.59733261089235	144.32013582582186
225.15688275560603	127.45668576121223
224.78510170894668	112.56368802783368
224.47171965369296	99.41090015603871
224.20787003760822	87.79498293792776
223.98592579797153	77.53635684791458
223.79935032424265	68.47642578275395
223.6425621806084	60.4751252006641
223.51081275476716	53.408756754314915
223.40007609232427	47.16807594158151
223.30695022484468	41.6566032095675
223.22856931370418	36.78913240193455
223.16252592249583	32.49041349046485
223.10680270905723	28.69398922617345
223.0597128041642	25.34116772485494
223.0198481255878	22.38011510346089
222.98603486890224	19.76505413966776
222.95729542294703	17.455556566086887
222.93281597878865	15.415918058142049
222.9119191350326	13.614606253063476
222.89404084707917	12.023773266494299
222.8787111203513	10.6188251703227
222.8655379045565	9.378041775962023
222.85419370481281	8.28224084501206
222.8444044835601	7.314481536071998
222.83594048273602	6.459802503058019
222.82860864741275	5.704990596083159
222.8222463791322	5.038376589065962
222.81671638921324	4.449654776061602
222.8119024592023	3.929723647314417
222.81154490417748	3.890819440597966
223.07611160632305	3.8908166040738603
223.3678770247943	3.8908166040738603
223.68963707216443	3.8908166040738603
224.04447531387964	3.8908166040738603
224.43579231800322	3.8908166040738603
224.8673382443275	3.8908166040738603
225.34324878377402	3.8908166040738603
225.86808479250533	3.8908166040738603
226.4468760005786	3.8908166040738603
227.08516921401994	3.8908166040738603
227.7890814722617	3.8908166040738603
228.56535867037186	3.8908166040738603
229.42144020787916	3.8908166040738603
230.36553028375016	3.8908166040738603
231.40667652077036	3.8908166040738603
232.5548566728191	3.8908166040738603
233.82107424599286	3.8908166040738603
235.21746394995458	3.8908166040738603
236.75740799009517	3.8908166040738603
238.45566431498543	3.8908166040738603
240.32850804816835	3.8908166040738603
242.3938874596946	3.8908166040738603
244.67159597214305	3.8908166040738603
247.18346184953478	3.8908166040738603
249.95355738701096	3.8908166040738603
253.0084296060297	3.8908166040738603
256.3773546659342	3.8908166040738603
260.0926184300262	3.8908166040738603
264.18982587493366	3.8908166040738603
268.7082423084724	3.8908166040738603
273.6911696660436	3.8908166040738603
279.1863614917745	3.8908166040738603
285.24648058134926	3.8908166040738603
291.92960367231467	3.8908166040738603
299.2997780185304	3.8908166040738603
307.427635182653	3.8908166040738603
316.39106792889436	3.8908166040738603
326.2759767030099	3.8908166040738603
337.17705075291144	3.8908153955443208
337.25559131166176	3.8519073374666117
339.05112577072236	2.914995514780986
340.3059883838233	2.205971771060788
341.20609585128705	1.6694061551867263
341.8622338329725	1.2633511215037787
342.3456476793864	0.9560621609343075
342.70442071139365	0.7235160835432428
342.97206806973185	0.5475329372246976
343.17247787160073	0.4143547381528074
343.32294807206125	0.3135699012007064
343.43614826615214	0.23729928461143845
343.5214357001584	0.1795802156440311
343.58576378968945	0.13590034164478143
343.634323219122	0.10284486402320575
343.6710019691925	0.07782957664373026
343.69871965533554	0.058898838148840504
343.7196728929872	0.04457268412448395
343.7355167052681	0.03373112666569866
343.74749940156045	0.02552659613138298
343.7565632909035	0.019317679972942006
343.7634201287982	0.01461897848096627
343.76860777549007	0.011063157280082366
343.7725328241021	0.008372229917650827
343.77550271824964	0.006335825480869032
343.77774997657235	0.004794742251332363
343.7794504787822	0.0036285016571445173
343.7807372774888	0.0027459295173253486
343.78171103540234	0.002078028240464518
343.78244791521365	0.0015725827414442054
343.7830055454391	0.0011900783784032502
343.78342753234347	0.0009006117830354928
343.78374687278824	0.0006815530795800533
343.7839885360355	0.0005157767298129467
343.784171417039	0.0003903226953070951
343.78430981432564	0.00029538324950613377
343.7844145482328	0.00022353623075941308
343.7844938070525	0.00016916479368979232
343.78455378730985	0.00012801829630432294
343.78459917827047	9.68799939466974e-05
343.7846335285812	7.331556111948653e-05
45	120
264.4169137403746	499.99999999999994
262.6452097386272	449.8724314291745
261.0985141201936	404.7704091199933
259.75262193983514	364.1900962427862
258.58560657764065	327.67816819833354
257.57761951187985	294.82674850728466
256.7107082442706	265.26885240265887
255.96865066724283	238.67428722562198
255.3368043039031	214.74596382763073
254.80196898741355	193.21657777347562
254.35226167539773	173.84562327075474
253.97700221499377	156.41670646826947
253.6666089844545	140.73512811004727
253.41250343736036	126.62570854072668
253.2070226663309	113.93083076531701
253.0433391856573	102.50867970227795
252.91538720822874	92.23165796051617
252.81779476317075	82.9849604428828
252.74582106832761	74.66529185298698
252.69529863720476	67.17971277854427
252.66257966392453	60.44460146079449
252.64448629195934	54.38471965187001
252.63826443237988	48.932372124761464
252.64154085386323	44.02665044672714
252.65228331841945	39.61275256830291
252.66876358223828	35.64137062700936
252.689523118917	32.06814012688213
252.71334145183226	28.85314434058378
252.73920700308705	25.960468397750706
252.76629037864905	23.357798078272637
252.79392001368893	21.016058828608422
252.8215601001527	18.90909096856925
252.8487907117102	17.013357460291356
252.87529003125536	15.307680974869893
252.90081857479987	13.773007319413647
252.92520529436783	12.392192581752848
252.94833543273108	11.14981161498345
252.97013999529298	10.031985722419694
252.99058669978473	9.026227618015408
253.0096722628032	8.121301930299504
253.01140017022598	8.040898055338152
253.42940220198497	8.040894130561766
253.88072957492207	8.040894130561766
254.3680388093098	8.040894130561766
254.89419854204252	8.040894130561766
255.46230611073497	8.040894130561766
256.0757057867788	8.040894130561766
256.73800846202187	8.040894130561766
257.45311290495704	8.040894130561766
258.2252287115527	8.040894130561766
259.0589010858255	8.040894130561766
259.95903759603374	8.040894130561766
260.93093706399515	8.040894130561766
261.98032075759204	8.040894130561766
263.11336607008394	8.040894130561766
264.33674288448776	8.040894130561766
265.6576528370907	8.040894130561766
267.08387171122894	8.040894130561766
268.6237952108888	8.040894130561766
270.2864883835882	8.040894130561766
272.08173898347326	8.040894130561766
274.02011508876205	8.040894130561766
276.113027312713	8.040894130561766
278.3727959743323	8.040894130561766
280.81272362423476	8.040894130561766
283.4471733525944	8.040894130561766
286.2916533401593	8.040894130561766
289.36290815005674	8.040894130561766
292.6790172977935	8.040894130561766
296.25950167970336	8.040894130561766
300.1254384863522	8.040894130561766
304.29958527735994	8.040894130561766
308.8065139480289	8.040894130561766
313.6727553763986	8.040894130561766
318.92695560221784	8.040894130561766
324.60004445721336	8.040894130561766
330.7254176393238	8.040894130561766
337.33913330271946	8.040894130561766
344.4801243208657	8.040894130561766
352.1904021200825	8.040892593389133
352.3512400070729	7.960484070293569
356.02898413130055	5.913135815267767
358.3765828172251	4.3923428350649125
359.9696559768837	3.2626809502552367
361.0855206210701	2.4235555790810883
361.88196340140684	1.8002439510475492
362.45729586144915	1.3372411638738246
362.876261213706	0.9933175608328375
363.1830564601611	0.737847295846476
363.4085933600046	0.5480811509377682
363.5748582225142	0.40712075480150695
363.69767564234394	0.30241380990124356
363.78853241007727	0.22463633047539974
363.8558178671358	0.16686235653699721
363.90568654513686	0.12394720822831932
363.94266825381646	0.09206936031847326
363.9701049917966	0.068390141501518
363.99046677440793	0.05080095526262927
364.00558153052197	0.03773551273524384
364.0168033192498	0.028030357185807923
364.0251358913735	0.02082126005485952
364.03132371108325	0.015466262787817302
364.03591915079966	0.01148851145375294
364.03933217521313	0.008533793666494349
364.0418671212393	0.0063389965388866085
364.0437499492973	0.004708676901550091
364.0451484477163	0.0034976574016375266
364.0461872197747	0.002598098692055607
364.04695880465397	0.0019298965103045284
364.0475319318239	0.0014335485221844203
364.047957648966	0.0010648557342242463
364.0482738719245	0.0007909866440951794
364.04850876338577	0.0005875536479058837
364.0486832420113	0.00043644136313124684
364.04881284592045	0.00032419348280920404
364.048909116728	0.00024081451295521533
364.0489806275234	0.00017887968983012283
364.0490337464091	0.00013287381661948112
364.0490732036371	9.870014398948462e-05
364.049102512865	7.331556111948653e-05
70	120
292.10503800181965	499.99999999999994
290.6612611694027	457.0235378216802
289.3882937646208	417.7410282460895
288.27085217883365	381.83496524458855
287.29486903708215	349.01513336020037
286.4473999144424	319.0162620031686
285.71653728753125	291.59588136667236
285.0913311458176	266.53236263285515
284.56171572609696	243.62312662887692
284.1184418725753	222.68300645421706
283.75301456382994	203.54275084494867
283.45763518609573	186.04765617823045
283.2251481692261	170.05631606001296
283.0489916368487	155.43947838933786
282.9231517551079	142.0790006613036
282.8421204946898	129.86689506479564
282.8008565482983	118.70445565685961
282.79474917024726	108.50146055898949
282.81958472640525	99.17544272697776
282.8715157614719	90.65102340022992
282.94703240668844	82.85930284305786
283.0429359648168	75.73730345354463
283.15631452092885	69.22746073882624
283.2845204374854	63.27715804253968
283.42514960074146	57.83830126380614
283.5760222929705	52.86693013036168
283.7351655716508	48.32286288389904
283.90079704289633	44.169371505743
284.0713099222014	40.37288485782957
284.2452592812006	36.90271733958523
284.4213493847481	33.73082086754141
284.5984220282387	30.831558173026266
284.7754457907512	28.181495585582805
284.9515061252777	25.759213627258237
285.1257962129776	23.54513388686799
285.2976085139516	21.521360774923078
285.4663269524428	19.671536880184163
285.63141967949974	17.980710758742852
285.7924323610029	16.435216087018013
285.9489819434025	15.022561201905527
285.9660252018674	14.87382650662288
286.54551999671156	14.873823511799097
287.1582379771646	14.873823511799097
287.80608358117314	14.873823511799097
288.4910707041606	14.873823511799097
289.21532869982406	14.873823511799097
289.98110899945175	14.873823511799097
290.79079211073133	14.873823511799097
291.6468950178055	14.873823511799097
292.5520790055789	14.873823511799097
293.50915793259895	14.873823511799097
294.5211069782279	14.873823511799097
295.59107189129725	14.873823511799097
296.7223787689945	14.873823511799097
297.91854439638297	14.873823511799097
299.1832871786933	14.873823511799097
300.520538700373	14.873823511799097
301.93445594682515	14.873823511799097
303.4294342268303	14.873823511799097
305.0101208358205	14.873823511799097
306.68142950248034	14.873823511799097
308.44855566358365	14.873823511799097
310.31699261454895	14.873823511799097
312.2925485859193	14.873823511799097
314.3813647988512	14.873823511799097
316.5899345557385	14.873823511799097
318.92512342531893	14.873823511799097
321.39419058500755	14.873823511799097
324.0048113868052	14.873823511799097
326.76510121692803	14.873823511799097
329.6836407233293	14.873823511799097
332.7695024895358	14.873823511799097
336.0322792377174	14.873823511799097
339.482113648661	14.873823511799097
343.12972989134863	14.873823511799097
346.98646696015163	14.873823511799097
351.0643139232739	14.873823511799097
355.3759471920171	14.873823511799097
359.93476992672277	14.873823511799097
364.75494354371637	14.873822338743974
365.11199885263676	14.725084742461847
372.58317762726705	10.766808570375813
376.68335289646524	7.872563643510604
379.2851068834349	5.756325833789926
381.03364350769846	4.208957666804114
382.24464246598154	3.0775402839358463
383.0984241219186	2.250261216440204
383.7072015348389	1.645364503804007
384.144546481436	1.2030711504066578
384.4603447741557	0.8796714585701375
384.6891892749898	0.6432054120501091
384.85543919974157	0.4703042233097119
384.9764319688397	0.34388091007810084
385.06460078564606	0.25144167212436197
385.12890994976664	0.1838511898387613
385.1758476661549	0.13442982509442702
385.21012306166415	0.09829350514819635
385.2351608969313	0.07187105352202829
385.25345550443654	0.052551268027102596
385.26682549471536	0.038424868370823956
385.27659783734265	0.028095811285727263
385.28374131666897	0.02054332637356727
385.28896350681083	0.015021038339095618
385.2927813561726	0.010983206355271492
385.2955726262831	0.008030791155662477
385.29761341170394	0.005872019927487964
385.2991055252945	0.004293551825775433
385.30019649591634	0.003139394536848204
385.3009941765905	0.002295488317813043
385.3015774183704	0.0016784340277619981
385.3020038709763	0.0012272511969188824
385.3023156844029	0.0008973516238508964
385.302543676732	0.0006561329407129228
385.3027103809816	0.00047975668004153585
385.3028322726009	0.0003507924351342414
385.3029213980157	0.0002564952978596504
385.30298656530795	0.00018754634146809465
385.30303421477834	0.0001371316764540204
385.30306905546405	0.00010026906704703284
385.3030945305382	7.331556111948653e-05
95	120
320.4846129598295	499.99999999999994
319.32471624102794	463.37481048839777
318.2939197676509	429.43242999031713
317.3828892746799	397.97634172867083
316.58293881894883	368.82442385477736
315.88598994399314	341.80789501439995
315.28453377511266	316.77033715147155
314.7715958802583	293.5667898918181
314.3407037458382	272.062911263617
313.9858567313105	252.13419989540066
313.7014983828826	233.66527418835017
313.48249100512453	216.5492042894926
313.3240924103082	200.68689299811396
313.2219347894974	185.98650202101285
313.17200567774927	172.3629202547737
313.17063101958786	159.73727101656522
313.21446038206926	148.0364553704695
313.3004544139705	137.19272890533094
313.4258747149381	127.14330951378773
313.58827636343386	117.8300139016382
313.7855034657336	109.19892072303377
314.01568824257293	101.2000583911467
314.2772543848963	93.7871157568248
314.568925715351	86.9171739801444
314.88974163527706	80.55045804247288
315.2390814946521	74.65010646036903
315.6167010223465	69.18195786802458
316.0227855139759	64.11435323262442
316.4580269795328	59.417952557507085
316.9237366077302	55.06556501188692
317.42201105574645	51.0319915036393
317.955983924555	47.293878783688776
318.53021807242925	43.8295842373061
319.15134320757244	40.619050579493965
319.8291487293172	37.643689728983325
320.5785923456593	34.88627518850339
321.4238567656743	32.33084230823771
322.4077151090067	29.962595855019845
323.61812206842876	27.767824352120552
325.2987961525483	25.733820693677963
325.58910638115645	25.47903127875237
326.20239173251	25.479030425911446
326.8334459715181	25.479030425911446
327.4827838216504	25.479030425911446
328.1509350161931	25.479030425911446
328.8384446364591	25.479030425911446
329.54587355646856	25.479030425911446
330.27379890051265	25.479030425911446
331.0228145139746	25.479030425911446
331.79353144779225	25.479030425911446
332.58657845695654	25.479030425911446
333.40260251345296	25.479030425911446
334.24226933406504	25.479030425911446
335.1062639234694	25.479030425911446
335.9952911330667	25.479030425911446
336.9100762360024	25.479030425911446
337.85136551884926	25.479030425911446
338.8199268904315	25.479030425911446
339.81655050828886	25.479030425911446
340.8420494232915	25.479030425911446
341.8972602429313	25.479030425911446
342.98304381383053	25.479030425911446
344.1002859240254	25.479030425911446
345.2498980255962	25.479030425911446
346.4328179782354	25.479030425911446
347.6500108143578	25.479030425911446
348.9024695263802	25.479030425911446
350.1912158768087	25.479030425911446
351.5173012317991	25.479030425911446
352.8818074188662	25.479030425911446
354.285847609445	25.479030425911446
355.7305672270216	25.479030425911446
357.2171448815761	25.479030425911446
358.74679333109833	25.479030425911446
360.32076047096314	25.479030425911446
361.9403303519694	25.479030425911446
363.60682422787585	25.479030425911446
365.32160163328655	25.479030425911446
367.08606149276756	25.479030425911446
368.90164143019484	25.47903004197597
370.36916711151514	25.22424008588235
388.0625653024153	18.19086817186757
394.9730868471894	13.118638409704493
399.00733532837285	9.460717987650932
401.6035471032707	6.822749590815049
403.35058722818775	4.920336071715529
404.55536729417497	3.5483798337281414
405.39856456395626	2.55897143221328
405.99428931953605	1.8454435820653425
406.4178096283303	1.3308714476896546
406.72018384275475	0.95977944137056
406.93669891477464	0.6921604469588049
407.092052737204	0.49916268642937467
407.2036835423438	0.35997923403187415
407.2839792356764	0.25960483917803717
407.34177799982865	0.18721822303418484
407.3834047409514	0.13501544557896347
407.4133956360768	0.0973685694130187
407.43500906215246	0.07021891657568241
407.45058815073736	0.050639505897920545
407.46181921988466	0.036519497631690954
407.46991658655764	0.026336625597404226
407.47575504178667	0.018993082951281874
407.4799649706772	0.013697168555634132
407.4830007339091	0.00987793434708241
407.4851898702206	0.0071236319074962934
407.486768521478	0.0051373222143846365
407.4879069498588	0.003704862895377431
407.4887279243068	0.0026718217197105685
407.4893199720747	0.001926827389705573
407.489746931053	0.0013895626951194117
407.49005483638325	0.0010021055824634972
407.49027688570806	0.0007226846272799573
407.4904370193445	0.000521175692109064
407.4905525018765	0.00037585426864232877
407.4906357837478	0.00027105337680848225
407.49069584369903	0.00019547452086861032
407.49073915684295	0.00014096960812191232
407.49077039278546	0.00010166250990533389
407.4907929190735	7.331556111948653e-05
120	89
349.49912228974074	499.99999999999983
347.66570018437693	436.4995446437274
346.25577655148703	381.6833143552223
345.2121519239209	334.3891548671345
344.48441363214243	293.60450346322574
344.02826204030157	258.44922187816167
343.8048634443968	228.15962909612756
343.78024290027463	202.07388773830843
343.92472576431214	179.61882858127672
344.21243227764654	160.2982289985186
344.6208257153074	143.68250193014794
345.1303117857464	129.39970730788107
345.7238851838822	117.12776900260718
346.3868183644612	106.58776600847177
347.106387495024	97.5381639107522
347.8716309133861	89.76985834520103
348.6731360137257	83.10191294364878
349.5028511284167	77.3778875405882
350.3539195341609	72.46266627806627
351.2205331289796	68.23970848439518
352.0978035928871	64.60865718974793
352.9816489893307	61.48325066959204
353.8686938376365	58.78949152162185
354.7561807450328	56.464035649354436
355.6418917789053	54.45277033196308
356.5240779175	52.70955645092169
357.4013951508389	51.19511500016315
358.2728461024044	49.87604224683697
359.13772637845346	48.72394131641526
359.9955751879661	47.7146605267087
360.8461300728168	46.827630497241465
361.689285811619	46.04529297258217
362.5250576906956	45.352614541379495
363.35354936584974	44.736678182488625
364.17492547815385	44.186345036023276
364.98938905721616	43.69197819756018
365.7971635752993	43.24521986289939
366.59847933636826	42.838812956637184
367.39356372399016	42.46645854620974
368.18263471252385	42.122700893548185
368.96589698001924	41.80283288885062
369.74353995210225	41.50281575967464
370.5157371491032	41.219208241747516
371.28264629291846	40.9491017170791
372.0444097412222	40.69005906214176
384.1975564219915	36.9077949862997
394.8566691317935	32.8300796348926
403.66522589355696	27.951550931130935
410.5892183941256	22.819722329398402
415.8568364109867	18.019692595598187
419.79005304202303	13.882523061142294
422.69691006885665	10.50677436448123
424.832199987277	7.851324768040165
426.3943707896407	5.81370398868007
427.5338999453349	4.27673928657229
428.363305357622	3.1312562884536974
428.9659855304212	2.2847675509214516
429.40337125583505	1.663009006681299
429.7205014220909	1.2082958634597056
429.95028056120515	0.8767838110781239
430.11668417484657	0.6356342001636358
430.23714698423686	0.46049985602778165
430.3243286074299	0.3334573011238404
430.3874113776764	0.24137817958076896
430.4330501468814	0.17468079967184752
430.46606517073155	0.12638989177845103
430.48994638071383	0.09143693554047262
430.50721975326826	0.06614380069782898
430.5197131532285	0.04784387799369709
430.52874905738656	0.03460522848785607
430.53528417666035	0.025028870065770738
430.5400105590795	0.018102115112931746
430.5434287746639	0.013092094291778513
430.5459008779206	0.009468538324112267
430.54768872874456	0.006847821473009096
430.548981715732	0.0049524350339065
430.54991681072033	0.003581647828566367
430.55059307486925	0.0025902717991713293
430.5510821508337	0.001873296879398101
430.5514358514228	0.0013547745375767255
430.5516916480958	0.0009797760571597992
430.55187664043405	0.0007085755641061593
430.5520104269692	0.0005124425647267713
430.5521071814167	0.00037059878128393406
430.5521771542355	0.00026801716439776965
430.5522277585717	0.00019383004957173043
430.5522643556187	0.00014017788948883552
430.55229082259444	0.00010137663301295046
430.55230996350355	7.331556111948658e-05
145	89
379.0825930850081	499.99999999999926
377.668250975895	447.16763390105075
376.5727395594349	400.86772807487125
375.7554498327598	360.28381440977626
375.1804308305312	324.6997258678148
374.81592782827096	293.4882624639721
374.63394533416476	266.1007594417995
374.6098399432363	242.05759588047832
374.72194613494815	220.93965037078445
374.95123630865254	202.38068235770382
375.28101489438245	186.0605952598817
375.6966452887445	171.69952123483915
376.1853076263887	159.0526572230031
376.735784950973	147.90577686919517
377.33827512699884	138.07134203427066
377.984225769635	129.38513979811185
378.6661895101266	121.70337516145408
379.3776970216498	114.90015530149316
380.11314538149725	108.86530763798243
380.86769952862517	103.50248070100581
381.63720478634923	98.72748356457771
382.4181086565535	94.46682621380417
383.2073903515069	90.65642949141093
384.00249680650353	87.24047909372872
384.8012842010895	84.17040334285763
385.6019642949847	81.40395904975165
386.40305514092256	78.90441361970734
387.20333595448443	76.63981458358309
388.0018060868013	74.58233995106013
388.7976481505954	72.70772420999181
389.59019539038457	70.99475552116597
390.378903367481	69.42483980744352
391.16332595977053	67.98162716891692
391.94309557008654	66.65069554530967
392.71790731317475	65.41928596338997
393.48750682802125	64.27608319941803
394.2516812561179	63.21103536792688
395.01025284972735	62.215205888435406
395.763074635182	61.28065150560608
396.5100275571548	60.40032052945101
397.25101856820936	59.56796617147094
397.98597919732333	58.778070710158644
398.7148642223089	58.02577714619199
399.4376501738549	57.30682592719471
400.1543335030616	56.61749516832662
411.90042002145185	47.08821005709736
421.8421678387305	39.43125693858362
429.90701213206967	32.208204947543486
436.20739247141734	25.56597955459436
441.00073332306806	19.8051146446013
444.5869994865125	15.055995442363876
447.2428026034852	11.286657149071797
449.1964080420648	8.374829900979963
450.62667007056046	6.168094601709614
451.67011037226064	4.51830554642001
452.42934048601353	3.296816669645691
452.98068082139423	2.3987107318602177
453.3804650114618	1.7416693412863138
453.67003759074686	1.2627157450978812
453.8796130940557	0.9144854302350535
454.0312022952465	0.6617730738368681
454.1408020896473	0.4786261618357437
454.2200185980785	0.3460244219627558
454.27726171294944	0.25008587660492065
454.31861970848695	0.18070874827835778
454.3484971938317	0.1305576850078091
454.3700791702957	0.094314287920974
454.3856679222423	0.06812675695118693
454.39692723619424	0.0492076686254242
454.40505925515384	0.03554100445702719
454.41093245294	0.025669268122974244
454.41517418756285	0.018539063838041783
454.4182376110183	0.013389219782725498
454.4204500266759	0.009669806845287529
454.4220478311519	0.006983558228630822
454.42320175868366	0.005043512953095158
454.4240351174098	0.0036424001984685936
454.4246369620421	0.00263051532945804
454.42507160839455	0.001899735079169943
454.425385505377	0.0013719697824758513
454.4256121982404	0.0009908217782417584
454.42577591316416	0.0007155601982772113
454.4258941461032	0.0005167691074536269
454.4259795324739	0.000373204370198428
454.4260411974425	0.00026952357590850337
454.42608573110317	0.00019464654525029726
454.42611789274605	0.00014057126981523532
454.4261411194728	0.00010151877862217418
454.42615789351623	7.33155611194865e-05
170	89
409.16561867358854	500.000000000001
408.07285386937843	455.7325093777098
407.2203217355193	416.38871545634856
406.5793858020349	381.3978061041645
406.12455786666317	350.2554151084946
405.83318719606973	322.51628713141815
405.68516930791515	297.7875687415982
405.6626762754741	275.7227253906177
405.7499095961339	256.0160703618131
405.9328758748337	238.39788011099745
406.19918491787774	222.63006142402872
406.5378693162549	208.50232947518015
406.9392242129054	195.82885199610152
407.39466568118866	184.44531304441676
407.8966059761106	174.20634992745565
408.4383438402903	164.9833183207026
409.013968039607	156.66234317749473
409.61827235729737	149.14261635078392
410.246680379925	142.33490567527613
410.8951785545696	136.16024436464608
411.56025617461336	130.54877377356556
412.2388511517421	125.43871669684151
412.928300643756	120.7754622915706
413.6262958204631	116.5107472994378
414.3308402520309	112.60192142432243
415.04021158512717	109.01128741939036
415.7529263227768	105.70550861917776
416.4677076372689	102.65507830690001
417.18345621796635	99.8338464567349
417.89922418719294	97.2186000852124
418.6141921108958	94.7886937595743
419.327649092936	92.52572683563655
420.03897588155644	90.41326383353045
420.7476308440477	88.43659410572532
421.4531385912638	86.58252669699725
422.1550809669467	84.83921611220211
422.8530900653468	83.19601464447965
423.546842909534	81.64334699973348
424.236057414362	80.17260318596139
424.9204892719462	78.77604600210061
425.59992943108705	77.44672993013316
426.2742018909418	76.17842876759998
426.9431615880422	74.9655698941923
427.6066922188601	73.8031736070375
428.2647039021537	72.68679645225686
439.5298084002127	56.9692215445531
448.878273547565	45.7187409459302
456.37166902003526	36.24973683036179
462.20082530919166	28.18364896949306
466.6333216206942	21.516592366231052
469.95171075541083	16.186810997556883
472.4106703459369	12.04143051315404
474.2199135145673	8.883160038080344
475.5442574099106	6.5130535380467105
476.50993364173894	4.753845649506413
477.21204910020083	3.458425798465195
477.72143900369883	2.5100024513959767
478.090416022648	1.8185149754177203
478.35737118853194	1.3158735828515238
478.55034746084436	0.9512984558733263
478.68975849660904	0.6872806324169194
478.79042671253194	0.49630116605828645
478.8630948326876	0.3582676866155425
478.91553830278616	0.25856071207418
478.95337939236185	0.1865691727416603
478.980680572925	0.13460502794677448
479.0003757509476	0.09710516035424287
479.0145830004868	0.0700477539053662
479.02483101228324	0.05052718582963951
479.0322228842817	0.0364452432296222
479.0375544969289	0.026287280859065936
479.04140001665576	0.01896018600993584
479.04417363016887	0.013675204696026922
479.0461741038398	0.009863271241667509
479.0476169394275	0.0071138574610736536
479.04865757523993	0.00513082507051311
479.0494081244737	0.0037005622859857435
479.04994945001687	0.002668991058718497
479.0503398745259	0.0019249777713396265
479.0506214631209	0.001388365270894945
479.0508245550396	0.001001339499110656
479.050971032206	0.0007222019450853814
479.051076676734	0.0005208776741774087
479.0511528712881	0.0003756753297473592
479.0512078254696	0.00027095021300293576
479.0512474603434	0.00019541875224859246
479.05127604639404	0.00014094280699614845
479.0512966636466	0.0001016528489815254
479.0513115335242	7.331556111948646e-05
195	89
439.6799289160675	500.0000000000024
438.8320684528405	462.6292817556308
438.16571298047353	428.982787186238
437.66074939279457	398.6624648189542
437.2991601609237	371.31380716725664
437.0648190285802	346.6211991349186
436.94330121917415	324.303680823491
436.92170876945625	304.11111383424065
436.9885111612035	285.82073413169445
437.1334010354601	269.23406972024674
437.34716445117016	254.1741978411397
437.6215648942315	240.48331408988275
437.9492400530356	228.02058468384297
438.3236102489687	216.6602529366293
438.7387973400647	206.28997166024448
439.18955289704206	196.80933455240518
439.6711944765445	188.12858147298783
440.17954887947286	180.1674547184239
440.71090137532116	172.85418582742415
441.2619499887223	166.12459497228474
441.8297640741903	159.921287499776
442.4117465414895	154.1929345929116
443.0055992296878	148.89362725490204
443.6092910557515	143.98229481125102
444.2210286773577	139.4221808442919
444.83922950455246	135.1803708934483
445.4624969675382	131.22736736852613
446.089597996554	127.53670794393703
446.7194426948011	124.08462425578196
447.3510661885456	120.84973805052287
447.98361262353524	117.81279208195893
448.6163212483381	114.95641307521115
449.24851448856646	112.26490402536984
449.8795878766575	109.72406302288547
450.50900166508467	107.32102573848871
451.1362739207708	105.04412868774891
451.760974878216	102.8827904482344
452.38272232012724	100.82740812798576
453.0011777575908	98.86926657985062
453.6160431962195	97.00045811113121
454.2270582984404	95.21381073532466
454.83399778271763	93.50282333298587
455.4366689351985	91.8616064120043
456.03490914522126	90.28482746574153
456.62858341074354	88.76766020568624
467.33808709256016	66.61891428859812
476.1549735007218	51.784236580615826
483.18397686358014	40.14005141922291
488.63880891124387	30.709049552445645
492.783214886321	23.173390505348138
495.88500070334504	17.285072136200014
498.1827272168702	12.776462787148033
499.87245358248265	9.379234308180084
501.1083973589146	6.850210815446001
502.0087950745168	4.9842955044722705
502.6627755913909	3.6166366387417717
503.136718344064	2.618979041782309
503.47962193736	1.8937564723885802
503.7274177963174	1.3679049172561328
503.9063273700583	0.987312401750391
504.0354180848834	0.7122173400764428
504.12851916662953	0.5135664877588763
504.1956417151957	0.37021617521814476
504.24402291093367	0.26682323610515746
504.27888942514267	0.19227671260580317
504.3040132324394	0.13854240485766683
504.3221150714402	0.09981708409448162
504.3351566851685	0.0719122082525207
504.3445521732399	0.05180632470388311
504.35132067421097	0.037320742014142046
504.3561965758471	0.02688491251439485
504.3597090218733	0.01936691332462598
504.3622392450142	0.013951067907635954
504.3640618979609	0.010049653398309703
504.36537484211937	0.007239228020905008
504.3663206141138	0.005214727967506972
504.3670018933409	0.0037563822854143002
504.3674926461178	0.002705870393531068
504.3678461544113	0.0019491422519206855
504.3681007998425	0.0014040403990061622
504.3682842304346	0.0010113822533996902
504.36841636223573	0.0007285356464583156
504.36851154158586	0.000524790669958126
504.36858010271516	0.0003780256562611334
504.36862948976477	0.0002723054630014861
504.36866506502815	0.00019615137908904494
504.36869069116307	0.0001412948489657556
504.36870915058284	0.00010177972160075372
504.36872244756177	7.33155611194865e-05
220	89
470.56137054021553	500.0000000000008
469.8987093249302	468.2083682378706
469.37373201760755	439.24687677685426
468.9723213964718	412.837970670874
468.68173778658644	388.73239991019824
468.4904885035005	366.70632888588796
468.38820743790893	346.55870894098473
468.365544806013	328.1089021013032
468.41406687154307	311.19454164321047
468.52616526097074	295.6696133690219
468.69497534607433	281.4027403123028
468.91430305829584	268.2756530426963
469.1785594260243	256.18182771815276
469.4827020868084	245.0252744638443
469.8221830180656	234.71945945738418
470.1929017480981	225.18634518373608
470.59116334968746	216.35553460835055
471.0136405763124	208.16350642669775
471.45733957140317	200.552930013555
471.91956865905036	193.47205015554306
472.39790980566653	186.87413305438275
472.89019242191006	180.71696639446284
473.39446924893616	174.96240744499733
473.908994139448	169.57597419227264
474.43220159972907	164.52647535934986
474.9626880021097	159.7856758663322
475.4991944075963	155.32799482011828
476.0405909557899	151.13023351211507
476.58586278491174	147.1713311656333
477.13409744054576	143.43214633581937
477.68447371991687	139.89526195049407
478.2362518819228	136.5448120168487
478.78876513439496	133.3663280314513
479.34141229182785	130.3466031408746
479.89365148126404	127.47357212431267
480.44499476289957	124.73620531925005
480.99500352631173	122.12441469275247
481.54328452349887	119.62897037527448
482.089486406011	117.24142611786017
482.63329664464754	114.95405230087981
483.17443872552377	112.759775304567
483.7126695344229	110.65212223935194
484.2477768609448	108.6251702182611
484.7795769736382	106.6734995264184
485.3079122359354	104.79215019752637
495.42580576166114	76.07842898516567
503.76146138134254	57.68515595754438
510.39961086926684	43.919081990944186
515.5443731608115	33.16502218400179
519.4488152111326	24.787815698389647
522.3682510149102	18.357370309431897
524.528875574719	13.495340856123704
526.1161740850029	9.865052037157922
527.275932591567	7.180711134286112
528.1198599370055	5.2103290392854245
528.7321013820253	3.7718574087023504
529.175264678819	2.7258949279156877
529.4955131865984	1.967556871933499
529.7266589403583	1.41891697890575
529.8933464395506	1.0225994490642316
530.0134741671355	0.7366327520458621
530.100007434828	0.530456694167938
530.1623203626681	0.38189429594605745
530.2071813389018	0.27489083633693007
530.2394725206103	0.19784382823709107
530.2627129882378	0.1423787772087194
530.2794380094797	0.10245651514737814
530.2914734040559	0.0737247719516965
530.3001337195783	0.05304843399595694
530.306365218221	0.03816990679570328
530.3108489620549	0.027463887053709186
530.3140750895193	0.019760476888347752
530.3163963122448	0.014217685055787811
530.3180664342254	0.010229573256021923
530.3192680808036	0.007360106516176076
530.3201326570318	0.005295527301615932
530.320754711435	0.00381007272187037
530.3212022726025	0.0027412999437706137
530.321524287284	0.001972328732456675
530.3217559725442	0.0014190629183098102
530.3219226668429	0.001020995241802846
530.3220426009775	0.0007345909617946824
530.3221288918108	0.0005285271435558395
530.3221909767667	0.00038026723450591956
530.3222356459471	0.0002735964388916786
530.3222677847366	0.0001968484138449185
530.3222909080995	0.00014162938187388025
530.3223075450006	0.00010190013783113465
530.3223195149919	7.331556111948649e-05
245	89
501.7515652115433	500.0000000000012
501.227882504558	472.7474622666568
500.8091161562363	447.65715551559157
500.48533591383494	424.53517220963477
500.2475103159998	403.20592140585273
500.08742554129384	383.5103640340625
499.99761088820554	365.3044083606374
499.97127070156154	348.4574561228038
500.0022224639921	332.8510890264839
500.08484069572364	318.37788483521007
500.21400625150505	304.9403521138582
500.38506056918845	292.4499727945502
500.5937644087375	280.82634206212174
500.8362606212657	269.9963955697373
501.1090405026746	259.8937146476478
501.40891331293767	250.45790091742643
501.73297857733684	241.6340125312245
502.0786008272931	233.37205508526037
502.44338648321707	225.62652107835558
502.8251626275383	218.3559725740119
503.221957460618	211.5226624577693
503.6319822736011	205.09219034481953
504.0536148089562	199.0331897757794
504.48538391028933	193.31704383566947
504.92595538733127	187.91762674172375
505.37411903952903	182.81106927300132
505.8287767926108	177.9755461658813
506.2889319074262	173.39108378411555
506.7536792201822	169.0393865020059
507.2221963690963	164.90368032712823
507.6937359556813	160.96857234781515
508.1676185807944	157.21992463236728
508.64322668735383	153.64474124235392
509.1199991344583	150.23106705999376
509.59742642231663	146.96789717574578
510.07504648455983	143.84509564071178
510.5524409644505	140.85332246077496
511.0292318942651	137.98396779503028
511.5050787024979	135.22909241781267
511.9796754811118	132.58137360818264
512.4527484542886	130.03405573910408
512.9240536004168	127.58090494655679
513.3933743897112	125.2161673625665
513.8605196103497	122.93453049217754
514.3253212657578	120.7310874001225
523.8408739029813	85.38272842665003
531.7377426086433	63.46066623977918
538.0368537727085	47.61296348391353
542.9151279845618	35.56652017694043
546.6122570663151	26.368060442156978
549.3729005424846	19.40819687554653
551.4133114008636	14.200571557180337
552.9103477177717	10.342046442222514
554.0027474533183	7.505395580145918
554.7966478429096	5.432453373500963
555.3718748930919	3.924402386626822
555.7877332292786	2.8309502604144363
556.0878863151926	2.040047008032274
556.304269566593	1.4689973517604953
556.4601276874831	1.0572194540193816
556.572320163396	0.7605684785929747
556.6530440180816	0.5470011002710168
556.7111068971204	0.39332290685637594
556.752860435682	0.28277845582228617
556.7828807058404	0.2032812716918686
556.8044622777344	0.1461218993951533
556.819975911835	0.10502904994079285
556.8311269854107	0.07548948176314296
556.8391419233626	0.0542564209517146
556.8449025472098	0.038994826431386166
556.8490428176858	0.02802570078855677
556.8520184591938	0.02014194468295212
556.8541570478292	0.014475815226621955
556.8556940345984	0.010403567794120548
556.8567986479605	0.007476870777932062
556.8575925163465	0.005373487318565022
556.8581630553275	0.0038618171335591906
556.8585730905174	0.0027754061845704833
556.858867774286	0.00199462356489462
556.8590795571318	0.0014334911432038137
556.8592317607485	0.0010302173237979968
556.8593411460313	0.0007403933596015939
556.8594197587156	0.0005321034327423198
556.8594762558232	0.0003824102456690135
556.8595168589715	0.0002748292267720962
556.859546039498	0.0001975132647335186
556.8595670108534	0.00014194810104125425
556.8595820824695	0.0001020147297037918
556.8595929140826	7.331556111948653e-05
270	89
533.1987701715283	499.99999999999943
532.7784375092576	476.46437623630055
532.4384175488769	454.59008125744106
532.1716992201474	434.24121978713
531.9718567704704	415.29373743544124
531.8330003947527	397.6343567189926
531.749730926321	381.1596069203227
531.7170983858191	365.774941321877
531.7305641509732	351.3939352219029
531.7859664870834	337.9375581562224
531.8794891654832	325.3335138923979
532.007632893876	313.5156420097404
532.1671892873482	302.4233752082844
532.3552171204602	292.0012468804749
532.5690206178632	282.1984439105856
532.806129561797	272.9684001198709
533.0642810183847	264.26842623372914
533.3414025093363	256.0593726961153
533.6355964805009	248.30532208450003
533.9451259424818	240.97330827630296
534.2684011804306	234.03305987820525
534.6039674494939	227.45676574869785
534.9504935886459	221.21886071949646
535.3067614986111	215.29582985320263
535.6716564391742	209.6660297646653
536.044158107476	204.30952568545356
536.4233324622975	199.20794306937077
536.8083242602072	194.3443326276025
537.1983502683897	189.70304775081837
537.5926931165419	185.2696333283719
537.9906957470724	181.03072501728755
538.3917564195261	176.97395805101442
538.7953242221947	173.08788471412709
539.2008950416988	169.3618996473945
539.6080079402008	165.78617219001913
540.0162418900741	162.35158501342983
540.4252128172901	159.04967835392495
540.8345709074779	155.87259920905626
541.2439981324313	152.8130549237184
541.6532059594986	149.8642706548178
542.0619332115892	147.0199502664028
542.46994405116	144.27424026839967
542.8770260672045	141.62169647004094
543.2829884497206	139.05725307227564
543.687660241156	136.57619397091386
552.6036904521399	94.56117734073155
560.0963049691508	69.13821436629087
566.0930876196738	51.23933335677365
570.7349088487103	37.92368556569831
574.2474123633139	27.919798125560856
576.8659539744572	20.440743312747326
578.7983711282458	14.893983280557764
580.2141161686498	10.811289038778964
581.2457679365504	7.824907651799002
581.9945267954207	5.651064931450762
582.5363555893157	4.074522210342389
582.927587347011	2.9343076111067354
583.20962893443	2.111334903933976
583.4127187970157	1.5182193801397228
583.558834940761	1.0912231360742033
583.6638966105731	0.7840601143647632
583.7394058480535	0.5632249681896196
583.7936582273696	0.40452008173527676
583.8326289850636	0.29049909461612816
583.8606180230795	0.20859842279796104
583.8807175625033	0.14977854832797458
583.8951502631123	0.1075395846282467
583.905513198289	0.07720987110066548
583.9129536458105	0.055432830514907064
583.9182956196845	0.039797329036503064
583.922130878829	0.02857166264062261
583.9248843508601	0.02051225034247361
583.9268611457045	0.014726121504554494
583.9282803304097	0.010572105673228015
583.9292991883962	0.00758985025696825
583.9300306415661	0.005448838199464352
583.9305557609669	0.003911775233243367
583.9309327499356	0.002808299056178894
583.9312033940159	0.0020161017304296154
583.9313976918369	0.0014473756535125827
583.9315371798767	0.0010390821671448858
583.9316373194553	0.0007459648809285046
583.9317092104284	0.0005355336606139039
583.9317608214952	0.0003844634808134144
583.9317978734576	0.0002760090757559775
583.9318244733286	0.0001981488678950277
583.9318435695652	0.00014225246529160263
583.9318572788884	0.00010212404045652115
583.9318671209079	7.331556111948654e-05
295	89
564.8584016877546	499.9999999999991
564.5141458575594	479.52972880642506
564.2316475167946	460.34332696530186
564.0059375167201	442.34521297798517
563.8324288138386	425.44747056119655
563.7068867919669	409.5692112858008
563.6254019363697	394.6359905197909
563.5843647090377	380.5792727491431
563.5804424664374	367.33594242214156
563.6105582583424	354.84785658934993
563.6718713479105	343.0614357821161
563.7617592984134	331.9272897767755
563.8778014802361	321.3998751196337
564.0177638622248	311.43718152985053
564.1795849634465	302.0004445452875
564.3613628543523	293.0538820227547
564.5613431095001	284.5644523427458
564.7779076269454	276.5016323946611
565.0095642416238	268.83721362777277
565.2549370711895	261.5451146431435
565.5127575425596	254.60120897070757
565.7818560556301	247.98316682315718
566.0611542472375	241.6703097444964
566.3496578234017	235.64347717720807
566.6464499313133	229.88490405968477
566.950685044566	224.37810863714896
567.2615833360147	219.10778972729605
567.5784255125893	214.05973272902577
567.9005480857096	209.22072370161763
568.2273390498983	204.57847087505854
568.5582339410252	200.12153298223592
568.8927122445851	195.83925383228362
569.2302941236934	191.72170257294968
569.5705374362243	187.75961911951606
569.913035010798	183.94436425912895
570.257412152201	180.2678739725593
570.6033243482543	176.72261755030607
570.9504551521143	173.30155911611203
571.2985142163832	169.9981222077884
571.6472354581251	166.80615710202449
571.9963753367975	163.7199106057953
572.3457112301207	160.7339980713799
572.6950398958352	157.84337742419285
573.0441760101143	155.0433250220823
573.3929507759358	152.329413191098
581.718389466539	103.63741432803569
588.8337349959783	74.73725548806577
594.5541375108962	54.81040038125787
598.9804905986683	40.243631943645624
602.3245228961073	29.44711003794372
604.813157267378	21.457368851981492
606.6467263672258	15.576962476791968
607.9880282160556	11.273611156070968
608.9640563337916	8.1397569756345
609.6715043514176	5.866483571705129
610.1827945716866	4.222422557856501
610.5515312041668	3.0361024256725475
610.8170474668008	2.1815117576535688
611.0080226052546	1.566645681753415
611.145271476486	1.1246541945987807
611.2438507263741	0.8071385489435982
611.314625490085	0.5791503410647423
611.3654226147594	0.41550165467195843
611.4018732254035	0.29806417389265566
611.4280250644558	0.21380353758512857
611.4467858344962	0.1533546957418346
611.4602433198579	0.10999243611921398
611.4698960893547	0.07888905582437677
611.4768195280183	0.05657990651282095
611.4817852085267	0.04057902577507905
611.4853466546687	0.02910292552721092
611.4879009276269	0.02087221564110203
611.4897328346882	0.014969187057420617
611.4910466554784	0.01073559870681521
611.4919889059371	0.007699334172033452
611.4926646695709	0.005521781818959081
611.4931493126412	0.0039600869521904235
611.4934968874469	0.0028400747829562226
611.4937461596876	0.0020368287871711933
611.4939249315146	0.001460760625757945
611.4940531421059	0.0010476191459265923
611.494145091419	0.0007513247352305612
611.4942110350569	0.0005388301225780549
611.4942583280922	0.0003864345850316938
611.4942922454012	0.00027714054573170326
611.4943165699912	0.00019875777116188376
611.4943340149365	0.00014254373913368426
611.494346525984	0.00010222854045246682
611.4943554985717	7.33155611194865e-05
