# Table format: T1D
# table_unit = barA
# axis1_unit = m**3/kg
# axis2_unit = null
# This file was automatically generated by generate_data_files.py
0.1	97
0.0016076734251254299	29.238020692991597
0.0015568858665116969	29.19496980601323
0.0015190313691632203	29.123859835489494
0.001488664195826415	29.02519338727524
0.0014632333051908819	28.89946493951885
0.0014413930036335035	28.747175642354836
0.0014223607354574353	28.5688404041752
0.0014056460177112916	28.364993291613544
0.0013909229193266321	28.136192230548897
0.001377964627316108	27.88302303339893
0.0013666075576439086	27.60610265551925
0.0013567306278966904	27.3060816178554
0.0013482427761387543	26.983645586011196
0.0013410751704630254	26.63951613847238
0.0013351761855857497	26.274450785299223
0.0013305080660004466	25.889242316199304
0.0013270446522856978	25.484717567061583
0.0013247698037794227	25.06173569963916
0.0013236762984046543	24.621186091549465
0.0013237650765793175	24.163985933579035
0.0013250447468694953	23.691077628181432
0.0013275313010927096	23.203426076835818
0.001331248004572135	22.702015934404564
0.0013362254383279014	22.187848896166678
0.0013425016772669826	21.661941068621314
0.0013501225937444599	21.125320459478758
0.0013591422802765034	20.579024606748074
0.0013696235892555555	20.024098352630986
0.0013816387915248961	19.461591755874284
0.0013952703597235898	18.89255812690587
0.0014106118864589598	18.31805216364416
0.0014277691516388262	17.739128162199652
0.0014468613577608208	17.156838275462466
0.0014680225595977094	16.572230792871217
0.0014914033090978544	15.986348416983969
0.0015171725541597107	15.400226518859547
0.0015455198392934457	14.814891352024805
0.0015766578490350187	14.231358212116486
0.0016108253551576194	13.650629532936204
0.0016482906374157334	13.073692912940578
0.0016893554611740074	12.50151906937615
0.0017343597118588126	11.935059720076637
0.0017836868064568503	11.37524539536697
0.0018377700271942708	10.822983184498314
0.001897099953209797	10.279154422717157
0.0019622332039619683	9.744612326416577
0.0020338027551518208	9.220179584952843
0.0021125301465089283	8.706645918634827
0.0021992399739817615	8.204765613217111
0.0022948771507172293	7.715255041959544
0.002400527536949868	7.238790187071659
0.0025174546556334244	6.775969201609085
0.002647064480531938	6.327498274793238
0.0027910869242147654	5.893772269580507
0.0029514482988569546	5.4753565829294395
0.003130435987636356	5.072675521817998
0.003330725925160515	4.686112336125577
0.003555467973895869	4.3159936950605555
0.0038083850704805334	3.9625877450585474
0.004093896378840581	3.626102324490107
0.00441727106840572	3.306683362546833
0.004784821388911373	3.004413492616105
0.00520414647560626	2.7193109139458045
0.005684442061001215	2.451328538730878
0.006236896374893228	2.200353465395014
0.006875199531826755	1.9662068216471926
0.007616203544075909	1.7486439957440072
0.008480783316279512	1.5473553834956337
0.00949496835374229	1.3619676523636226
0.010691442394185836	1.1920455067134812
0.012111546545232539	1.0370940786110967
0.013807978366890183	0.8965619559816348
0.01584814018471968	0.7698632066093727
0.018320786624813852	0.6562901280478296
0.02133979465092906	0.5552016144747477
0.02505717702724765	0.46584567674648386
0.029675361136637452	0.38745756351281285
0.03546743725260243	0.3192485687387625
0.04280611425638529	0.2604137569838204
0.052206365155272653	0.21014018806804172
0.06438913702557655	0.16761551762675364
0.08037798430742137	0.13203681628083375
0.10164802485413617	0.1026194171177593
0.1303595362813376	0.07860557167138861
0.16973108439295093	0.059272671075975294
0.22464736563561818	0.04394077414998915
0.3026704941604624	0.031979181311498565
0.41576099928737986	0.022811805265661133
0.5832787112280313	0.015921118563004412
0.8373543421893512	0.010850506776162363
1.2327806697041515	0.00720492319473104
1.8655684345108245	0.00465045147555175
2.9114179573578403	0.0029079189874734656
4.696062709653237	0.00175771915066636
25.021281911009485	0.00030385773275576924
48.03980489171308	0.0001536398693986398
97.61068053061713	7.331556111948651e-05
0.2	97
0.0016296528267889414	29.238020692991597
0.0015972689196126523	29.19496980601323
0.001574798729325493	29.123859835489494
0.0015580721299563172	29.02519338727524
0.0015452628062447985	28.89946493951885
0.0015354281357159284	28.747175642354836
0.001528031950747526	28.5688404041752
0.0015227492223824877	28.364993291613544
0.0015193745605421962	28.136192230548897
0.0015177752569062813	27.88302303339893
0.0015178655611321292	27.60610265551925
0.001519591889573002	27.3060816178554
0.0015229239934691145	26.983645586011196
0.0015278495203811418	26.63951613847238
0.0015343705797959415	26.274450785299223
0.0015425015367889973	25.889242316199304
0.0015522675919739037	25.484717567061583
0.0015637038940602593	25.06173569963916
0.0015768550389094502	24.621186091549465
0.0015917748706673594	24.163985933579035
0.0016085265356121918	23.691077628181432
0.0016271827589586063	23.203426076835818
0.001647826325763946	22.702015934404564
0.0016705507534558967	22.187848896166678
0.0016954611479206886	21.661941068621314
0.0017226752390793068	21.125320459478758
0.0017523245962503566	20.579024606748074
0.00178455602868603	20.024098352630986
0.001819533182528805	19.461591755874284
0.0018574383519884081	18.89255812690587
0.001898474529679188	18.31805216364416
0.00194286772873887	17.739128162199652
0.001990869617613718	17.156838275462466
0.002042760523808132	16.572230792871217
0.002098852848453102	15.986348416983969
0.002159494972949252	15.400226518859547
0.0022250757563778184	14.814891352024805
0.002296029704993851	14.231358212116486
0.0023728429381023233	13.650629532936204
0.002456060091085448	13.073692912940578
0.0025462923234658985	12.50151906937615
0.0026442266329578332	11.935059720076637
0.0027506367169351726	11.37524539536697
0.002866395672475769	10.822983184498314
0.0029924908874150442	10.279154422717157
0.003130041550614596	9.744612326416577
0.003280319303655392	9.220179584952843
0.003444772673223687	8.706645918634827
0.003625056069773258	8.204765613217111
0.003823064321669013	7.715255041959544
0.004040973945427305	7.238790187071659
0.0042813167852964375	6.775969201609085
0.004546908528171703	6.327498274793238
0.004841214043651485	5.893772269580507
0.005168089590408869	5.4753565829294395
0.00553211388991603	5.072675521817998
0.005938642528843338	4.686112336125577
0.006393978789727831	4.3159936950605555
0.006905571948252903	3.9625877450585474
0.007482263583938341	3.626102324490107
0.008134595140888013	3.306683362546833
0.008875194081615316	3.004413492616105
0.009719261501623487	2.7193109139458045
0.010685191557045485	2.451328538730878
0.011795363268840328	2.200353465395014
0.013077159301894981	1.9662068216471926
0.014564285995305794	1.7486439957440072
0.016298495355849516	1.5473553834956337
0.018331848478904643	1.3619676523636226
0.020729714816544047	1.1920455067134812
0.02357477845711608	1.0370940786110967
0.026972436294958383	0.8965619559816348
0.031057494597728275	0.7698632066093727
0.03600746440090148	0.6562901280478296
0.042050100948313934	0.5552016144747477
0.049489431262116	0.46584567674648386
0.05873031146551773	0.38745756351281285
0.07031892339657976	0.3192485687387625
0.08500068604873164	0.2604137569838204
0.10380554661405036	0.21014018806804172
0.1281754003762777	0.16761551762675364
0.1601573573078569	0.13203681628083375
0.2027016541765963	0.1026194171177593
0.2601288472521183	0.07860557167138861
0.33887606916654867	0.059272671075975294
0.4487127138322617	0.04394077414998915
0.6047630105744896	0.031979181311498565
0.830948019068933	0.022811805265661133
1.1659874007964246	0.015921118563004412
1.6741425812578767	0.010850506776162363
2.4649991166421157	0.00720492319473104
3.73057848956986	0.00465045147555175
5.822281342826038	0.0029079189874734656
9.391574620348452	0.00175771915066636
50.04202414735593	0.00030385773275576924
96.07907375625891	0.0001536398693986398
195.2208286532433	7.331556111948651e-05
0.3	97
0.0016516322284524528	29.238020692991597
0.0016376519727136075	29.19496980601323
0.0016305660894877663	29.123859835489494
0.0016274800640862193	29.02519338727524
0.0016272923072987151	28.89946493951885
0.0016294632677983532	28.747175642354836
0.0016337031660376168	28.5688404041752
0.0016398524270536839	28.364993291613544
0.0016478262017577603	28.136192230548897
0.0016575858864964544	27.88302303339893
0.0016691235646203498	27.60610265551925
0.0016824531512493143	27.3060816178554
0.0016976052107994743	26.983645586011196
0.001714623870299258	26.63951613847238
0.0017335649740061335	26.274450785299223
0.0017544950075775478	25.889242316199304
0.0017774905316621096	25.484717567061583
0.0018026379843410964	25.06173569963916
0.0018300337794142463	24.621186091549465
0.0018597846647554017	24.163985933579035
0.0018920083243548884	23.691077628181432
0.001926834216824503	23.203426076835818
0.001964404646955757	22.702015934404564
0.0020048760685838912	22.187848896166678
0.002048420618574395	21.661941068621314
0.0020952278844141533	21.125320459478758
0.0021455069122242095	20.579024606748074
0.0021994884681165046	20.024098352630986
0.0022574275735327133	19.461591755874284
0.0023196063442532267	18.89255812690587
0.0023863371728994154	18.31805216364416
0.0024579663058389135	17.739128162199652
0.002534877877466615	17.156838275462466
0.002617498488018555	16.572230792871217
0.002706302387808349	15.986348416983969
0.002801817391738793	15.400226518859547
0.0029046316734621914	14.814891352024805
0.003015401560952682	14.231358212116486
0.003134860521047027	13.650629532936204
0.0032638295447551626	13.073692912940578
0.0034032291857577896	12.50151906937615
0.003554093554056854	11.935059720076637
0.0037175866274134954	11.37524539536697
0.0038950213177572682	10.822983184498314
0.004087881821620291	10.279154422717157
0.0042978498972672235	9.744612326416577
0.004526835852158962	9.220179584952843
0.004777015199938445	8.706645918634827
0.005050872165564754	8.204765613217111
0.005351251492620798	7.715255041959544
0.005681420353904742	7.238790187071659
0.006045178914959448	6.775969201609085
0.006446752575811469	6.327498274793238
0.006891341163088204	5.893772269580507
0.007384730881960783	5.4753565829294395
0.007933791792195702	5.072675521817998
0.008546559132526159	4.686112336125577
0.009232489605559792	4.3159936950605555
0.010002758826025271	3.9625877450585474
0.010870630789036098	3.626102324490107
0.011851919213370305	3.306683362546833
0.01296556677431926	3.004413492616105
0.01423437652764071	2.7193109139458045
0.01568594105308975	2.451328538730878
0.017353830162787427	2.200353465395014
0.019279119071963207	1.9662068216471926
0.021512368446535677	1.7486439957440072
0.02411620739541952	1.5473553834956337
0.02716872860406699	1.3619676523636226
0.03076798723890226	1.1920455067134812
0.03503801036899962	1.0370940786110967
0.040136894223026576	0.8965619559816348
0.04626684901073687	0.7698632066093727
0.05369414217698912	0.6562901280478296
0.0627604072456988	0.5552016144747477
0.07392168549698436	0.46584567674648386
0.087785261794398	0.38745756351281285
0.10517040954055709	0.3192485687387625
0.12719525784107796	0.2604137569838204
0.1554047280728281	0.21014018806804172
0.1919616637269788	0.16761551762675364
0.23993673030829246	0.13203681628083375
0.3037552834990564	0.1026194171177593
0.389898158222899	0.07860557167138861
0.5080210539401464	0.059272671075975294
0.6727780620289052	0.04394077414998915
0.9068555269885168	0.031979181311498565
1.246135038850486	0.022811805265661133
1.7486960903648174	0.015921118563004412
2.510930820326402	0.010850506776162363
3.6972175635800797	0.00720492319473104
5.595588544628894	0.00465045147555175
8.733144728294235	0.0029079189874734656
14.087086531043669	0.00175771915066636
75.06276638370238	0.00030385773275576924
144.11834262080473	0.0001536398693986398
292.8309767758695	7.331556111948651e-05
0.4	97
0.0016736116301159646	29.238020692991597
0.0016780350258145628	29.19496980601323
0.0016863334496500394	29.123859835489494
0.0016968879982161222	29.02519338727524
0.0017093218083526316	28.89946493951885
0.0017234983998807784	28.747175642354836
0.0017393743813277076	28.5688404041752
0.0017569556317248802	28.364993291613544
0.0017762778429733248	28.136192230548897
0.0017973965160866278	27.88302303339893
0.00182038156810857	27.60610265551925
0.0018453144129256264	27.3060816178554
0.0018722864281298347	26.983645586011196
0.0019013982202173744	26.63951613847238
0.0019327593682163257	26.274450785299223
0.0019664884783660978	25.889242316199304
0.0020027134713503157	25.484717567061583
0.0020415720746219334	25.06173569963916
0.0020832125199190424	24.621186091549465
0.002127794458843444	24.163985933579035
0.002175490113097585	23.691077628181432
0.0022264856746904	23.203426076835818
0.002280982968147568	22.702015934404564
0.002339201383711886	22.187848896166678
0.0024013800892281013	21.661941068621314
0.0024677805297489996	21.125320459478758
0.002538689228198063	20.579024606748074
0.002614420907546979	20.024098352630986
0.002695321964536622	19.461591755874284
0.0027817743365180446	18.89255812690587
0.0028741998161196432	18.31805216364416
0.0029730648829389573	17.739128162199652
0.0030788861373195124	17.156838275462466
0.0031922364522289776	16.572230792871217
0.003313751927163597	15.986348416983969
0.0034441398105283347	15.400226518859547
0.003584187590546564	14.814891352024805
0.0037347734169115143	14.231358212116486
0.0038968781039917305	13.650629532936204
0.004071598998424878	13.073692912940578
0.004260166048049681	12.50151906937615
0.004463960475155875	11.935059720076637
0.0046845365378918175	11.37524539536697
0.004923646963038766	10.822983184498314
0.005183272755825538	10.279154422717157
0.005465658243919852	9.744612326416577
0.005773352400662532	9.220179584952843
0.0061092577266532045	8.706645918634827
0.006476688261356252	8.204765613217111
0.006879438663572582	7.715255041959544
0.00732186676238218	7.238790187071659
0.007809041044622462	6.775969201609085
0.008346596623451235	6.327498274793238
0.008941468282524925	5.893772269580507
0.009601372173512696	5.4753565829294395
0.010335469694475376	5.072675521817998
0.011154475736208981	4.686112336125577
0.012071000421391753	4.3159936950605555
0.013099945703797642	3.9625877450585474
0.014258997994133861	3.626102324490107
0.015569243285852597	3.306683362546833
0.017055939467023207	3.004413492616105
0.01874949155365794	2.7193109139458045
0.020686690549134017	2.451328538730878
0.022912297056734525	2.200353465395014
0.025481078842031435	1.9662068216471926
0.02846045089776556	1.7486439957440072
0.03193391943498952	1.5473553834956337
0.03600560872922935	1.3619676523636226
0.040806259661260474	1.1920455067134812
0.046501242280883176	1.0370940786110967
0.05330135215109478	0.8965619559816348
0.061476203423745476	0.7698632066093727
0.07138081995307677	0.6562901280478296
0.08347071354308369	0.5552016144747477
0.09835393973185275	0.46584567674648386
0.11684021212327829	0.38745756351281285
0.1400218956845344	0.3192485687387625
0.16938982963342433	0.2604137569838204
0.20700390953160577	0.21014018806804172
0.25574792707768	0.16761551762675364
0.31971610330872796	0.13203681628083375
0.40480891282151654	0.1026194171177593
0.51966746919368	0.07860557167138861
0.6771660387137441	0.059272671075975294
0.8968434102255488	0.04394077414998915
1.2089480434025441	0.031979181311498565
1.6613220586320392	0.022811805265661133
2.331404779933211	0.015921118563004412
3.3477190593949273	0.010850506776162363
4.929436010518044	0.00720492319473104
7.460598599687931	0.00465045147555175
11.644008113762434	0.0029079189874734656
18.782598441738884	0.00175771915066636
100.08350862004882	0.00030385773275576924
192.1576114853506	0.0001536398693986398
390.4411248984957	7.331556111948651e-05
0.5	97
0.001695591031779476	29.238020692991597
0.001718418078915518	29.19496980601323
0.0017421008098123126	29.123859835489494
0.001766295932346024	29.02519338727524
0.001791351309406548	28.89946493951885
0.001817533531963203	28.747175642354836
0.0018450455966177982	28.5688404041752
0.0018740588363960762	28.364993291613544
0.001904729484188889	28.136192230548897
0.0019372071456768007	27.88302303339893
0.0019716395715967906	27.60610265551925
0.0020081756746019386	27.3060816178554
0.0020469676454601946	26.983645586011196
0.0020881725701354906	26.63951613847238
0.0021319537624265176	26.274450785299223
0.002178481949154649	25.889242316199304
0.0022279364110385216	25.484717567061583
0.00228050616490277	25.06173569963916
0.0023363912604238385	24.621186091549465
0.0023958042529314857	24.163985933579035
0.002458971901840281	23.691077628181432
0.002526137132556297	23.203426076835818
0.0025975612893393792	22.702015934404564
0.0026735266988398808	22.187848896166678
0.0027543395598818073	21.661941068621314
0.0028403331750838467	21.125320459478758
0.0029318715441719163	20.579024606748074
0.0030293533469774544	20.024098352630986
0.0031332163555405305	19.461591755874284
0.0032439423287828634	18.89255812690587
0.003362062459339871	18.31805216364416
0.0034881634600390015	17.739128162199652
0.0036228943971724093	17.156838275462466
0.0037669744164394	16.572230792871217
0.003921201466518844	15.986348416983969
0.004086462229317876	15.400226518859547
0.004263743507630938	14.814891352024805
0.004454145272870346	14.231358212116486
0.0046588956869364345	13.650629532936204
0.004879368452094592	13.073692912940578
0.005117102910341571	12.50151906937615
0.005373827396254896	11.935059720076637
0.00565148644837014	11.37524539536697
0.005952272608320265	10.822983184498314
0.006278663690030783	10.279154422717157
0.00663346659057248	9.744612326416577
0.007019868949166102	9.220179584952843
0.0074415002533679605	8.706645918634827
0.007902504357147748	8.204765613217111
0.008407625834524366	7.715255041959544
0.008962313170859616	7.238790187071659
0.009572903174285472	6.775969201609085
0.010246440671091	6.327498274793238
0.010991595401961644	5.893772269580507
0.011818013465064612	5.4753565829294395
0.01273714759675505	5.072675521817998
0.0137623923398918	4.686112336125577
0.014909511237223715	4.3159936950605555
0.01619713258157001	3.9625877450585474
0.01764736519923162	3.626102324490107
0.019286567358334887	3.306683362546833
0.021146312159727152	3.004413492616105
0.023264606579675166	2.7193109139458045
0.025687440045178284	2.451328538730878
0.028470763950681623	2.200353465395014
0.03168303861209966	1.9662068216471926
0.03540853334899544	1.7486439957440072
0.039751631474559526	1.5473553834956337
0.0448424888543917	1.3619676523636226
0.050844532083618686	1.1920455067134812
0.05796447419276671	1.0370940786110967
0.06646581007916298	0.8965619559816348
0.07668555783675406	0.7698632066093727
0.08906749772916439	0.6562901280478296
0.10418101984046856	0.5552016144747477
0.1227861939667211	0.46584567674648386
0.14589516245215856	0.38745756351281285
0.17487338182851173	0.3192485687387625
0.21158440142577067	0.2604137569838204
0.2586030909903835	0.21014018806804172
0.3195341904283811	0.16761551762675364
0.39949547630916354	0.13203681628083375
0.5058625421439766	0.1026194171177593
0.6494367801644606	0.07860557167138861
0.846311023487342	0.059272671075975294
1.1209087584221922	0.04394077414998915
1.5110405598165713	0.031979181311498565
2.0765090784135922	0.022811805265661133
2.9141134695016033	0.015921118563004412
4.184507298463453	0.010850506776162363
6.161654457456008	0.00720492319473104
9.325608654746967	0.00465045147555175
14.554871499230634	0.0029079189874734656
23.4781103524341	0.00175771915066636
125.10425085639527	0.00030385773275576924
240.1968803498964	0.0001536398693986398
488.0512730211218	7.331556111948651e-05
0.6	97
0.0017175704334429877	29.238020692991597
0.0017588011320164732	29.19496980601323
0.0017978681699745858	29.123859835489494
0.0018357038664759263	29.02519338727524
0.0018733808104604646	28.89946493951885
0.0019115686640456277	28.747175642354836
0.0019507168119078887	28.5688404041752
0.0019911620410672727	28.364993291613544
0.0020331811254044535	28.136192230548897
0.002077017775266974	27.88302303339893
0.0021228975750850108	27.60610265551925
0.00217103693627825	27.3060816178554
0.002221648862790555	26.983645586011196
0.002274946920053607	26.63951613847238
0.0023311481566367096	26.274450785299223
0.0023904754199431987	25.889242316199304
0.0024531593507267275	25.484717567061583
0.0025194402551836064	25.06173569963916
0.0025895700009286346	24.621186091549465
0.002663814047019528	24.163985933579035
0.0027424536905829777	23.691077628181432
0.0028257885904221934	23.203426076835818
0.0029141396105311903	22.702015934404564
0.003007852013967876	22.187848896166678
0.003107299030535514	21.661941068621314
0.003212885820418693	21.125320459478758
0.00332505386014577	20.579024606748074
0.0034442857864079284	20.024098352630986
0.0035711107465444384	19.461591755874284
0.0037061103210476814	18.89255812690587
0.003849925102560099	18.31805216364416
0.004003262037139044	17.739128162199652
0.004166902657025307	17.156838275462466
0.004341712380649823	16.572230792871217
0.004528651005874093	15.986348416983969
0.004728784648107417	15.400226518859547
0.00494329942471531	14.814891352024805
0.005173517128829177	14.231358212116486
0.005420913269881138	13.650629532936204
0.005687137905764307	13.073692912940578
0.005974039772633462	12.50151906937615
0.006283694317353917	11.935059720076637
0.006618436358848463	11.37524539536697
0.006980898253601764	10.822983184498314
0.00737405462423603	10.279154422717157
0.007801274937225108	9.744612326416577
0.008266385497669672	9.220179584952843
0.008773742780082718	8.706645918634827
0.009328320452939243	8.204765613217111
0.00993581300547615	7.715255041959544
0.010602759579337052	7.238790187071659
0.011336765303948483	6.775969201609085
0.012146284718730766	6.327498274793238
0.013041722521398364	5.893772269580507
0.014034654756616523	5.4753565829294395
0.015138825499034723	5.072675521817998
0.01637030894357462	4.686112336125577
0.017748022053055677	4.3159936950605555
0.019294319459342377	3.9625877450585474
0.021035732404329377	3.626102324490107
0.02300389143081718	3.306683362546833
0.025236684852431093	3.004413492616105
0.027779721605692385	2.7193109139458045
0.030688189541222547	2.451328538730878
0.03402923084462872	2.200353465395014
0.03788499838216789	1.9662068216471926
0.042356615800225324	1.7486439957440072
0.047569343514129524	1.5473553834956337
0.05367936897955405	1.3619676523636226
0.0608828045059769	1.1920455067134812
0.06942770610465025	1.0370940786110967
0.07963026800723118	0.8965619559816348
0.09189491224976264	0.7698632066093727
0.10675417550525201	0.6562901280478296
0.12489132613785342	0.5552016144747477
0.14721844820158944	0.46584567674648386
0.1749501127810388	0.38745756351281285
0.20972486797248907	0.3192485687387625
0.25377897321811704	0.2604137569838204
0.3102022724491612	0.21014018806804172
0.38332045377908225	0.16761551762675364
0.4792748493095991	0.13203681628083375
0.6069161714664367	0.1026194171177593
0.7792060911352413	0.07860557167138861
1.0154560082609396	0.059272671075975294
1.344974106618836	0.04394077414998915
1.8131330762305982	0.031979181311498565
2.4916960981951455	0.022811805265661133
3.496822159069997	0.015921118563004412
5.021295537531977	0.010850506776162363
7.39387290439397	0.00720492319473104
11.190618709806001	0.00465045147555175
17.465734884698833	0.0029079189874734656
28.17362226312931	0.00175771915066636
150.1249930927417	0.00030385773275576924
288.2361492144422	0.0001536398693986398
585.661421143748	7.331556111948651e-05
0.7	97
0.0017395498351064993	29.238020692991597
0.0017991841851174289	29.19496980601323
0.0018536355301368586	29.123859835489494
0.001905111800605828	29.02519338727524
0.001955410311514381	28.89946493951885
0.0020056037961280527	28.747175642354836
0.0020563880271979797	28.5688404041752
0.0021082652457384684	28.364993291613544
0.0021616327666200176	28.136192230548897
0.002216828404857147	27.88302303339893
0.0022741555785732314	27.60610265551925
0.0023338981979545625	27.3060816178554
0.0023963300801209146	26.983645586011196
0.002461721269971723	26.63951613847238
0.002530342550846901	26.274450785299223
0.00260246889073175	25.889242316199304
0.002678382290414933	25.484717567061583
0.0027583743454644436	25.06173569963916
0.0028427487414334307	24.621186091549465
0.002931823841107571	24.163985933579035
0.0030259354793256738	23.691077628181432
0.0031254400482880903	23.203426076835818
0.0032307179317230014	22.702015934404564
0.00334217732909587	22.187848896166678
0.0034602585011892194	21.661941068621314
0.00358543846575354	21.125320459478758
0.0037182361761196217	20.579024606748074
0.0038592182258384033	20.024098352630986
0.004009005137548347	19.461591755874284
0.0041682783133125	18.89255812690587
0.0043377877457803264	18.31805216364416
0.004518360614239088	17.739128162199652
0.004710910916878204	17.156838275462466
0.0049164503448602456	16.572230792871217
0.00513610054522934	15.986348416983969
0.005371107066896958	15.400226518859547
0.005622855341799683	14.814891352024805
0.005892888984788009	14.231358212116486
0.006182930852825841	13.650629532936204
0.006494907359434022	13.073692912940578
0.0068309766349253535	12.50151906937615
0.007193561238452937	11.935059720076637
0.007585386269326786	11.37524539536697
0.008009523898883262	10.822983184498314
0.008469445558441277	10.279154422717157
0.008969083283877735	9.744612326416577
0.009512902046173242	9.220179584952843
0.010105985306797478	8.706645918634827
0.010754136548730739	8.204765613217111
0.011464000176427935	7.715255041959544
0.01224320598781449	7.238790187071659
0.013100627433611498	6.775969201609085
0.014046128766370528	6.327498274793238
0.015091849640835084	5.893772269580507
0.016251296048168436	5.4753565829294395
0.017540503401314394	5.072675521817998
0.018978225547257446	4.686112336125577
0.020586532868887637	4.3159936950605555
0.022391506337114744	3.9625877450585474
0.02442409960942714	3.626102324490107
0.026721215503299468	3.306683362546833
0.029327057545135038	3.004413492616105
0.032294836631709616	2.7193109139458045
0.03568893903726681	2.451328538730878
0.03958769773857583	2.200353465395014
0.04408695815223611	1.9662068216471926
0.049304698251455205	1.7486439957440072
0.05538705555369953	1.5473553834956337
0.0625162491047164	1.3619676523636226
0.0709210769283351	1.1920455067134812
0.08089093801653378	1.0370940786110967
0.09279472593529939	0.8965619559816348
0.10710426666277124	0.7698632066093727
0.12444085328133965	0.6562901280478296
0.1456016324352383	0.5552016144747477
0.17165070243645777	0.46584567674648386
0.2040050631099191	0.38745756351281285
0.24457635411646636	0.3192485687387625
0.2959735450104634	0.2604137569838204
0.36180145390793894	0.21014018806804172
0.44710671712978345	0.16761551762675364
0.5590542223100347	0.13203681628083375
0.707969800788897	0.1026194171177593
0.9089754021060219	0.07860557167138861
1.1846009930345374	0.059272671075975294
1.5690394548154798	0.04394077414998915
2.1152255926446255	0.031979181311498565
2.9068831179766983	0.022811805265661133
4.07953084863839	0.015921118563004412
5.858083776600503	0.010850506776162363
8.626091351331935	0.00720492319473104
13.055628764865036	0.00465045147555175
20.37659827016703	0.0029079189874734656
32.86913417382453	0.00175771915066636
175.14573532908815	0.00030385773275576924
336.275418078988	0.0001536398693986398
683.2715692663743	7.331556111948651e-05
0.8	97
0.0017615292367700105	29.238020692991597
0.0018395672382183839	29.19496980601323
0.001909402890299132	29.123859835489494
0.0019745197347357307	29.02519338727524
0.0020374398125682976	28.89946493951885
0.0020996389282104777	28.747175642354836
0.0021620592424880705	28.5688404041752
0.0022253684504096646	28.364993291613544
0.0022900844078355817	28.136192230548897
0.00235663903444732	27.88302303339893
0.002425413582061452	27.60610265551925
0.0024967594596308745	27.3060816178554
0.002571011297451275	26.983645586011196
0.00264849561988984	26.63951613847238
0.002729536945057093	26.274450785299223
0.0028144623615203	25.889242316199304
0.00290360523010314	25.484717567061583
0.0029973084357452807	25.06173569963916
0.003095927481938227	24.621186091549465
0.003199833635195613	24.163985933579035
0.003309417268068371	23.691077628181432
0.003425091506153987	23.203426076835818
0.0035472962529148125	22.702015934404564
0.003676502644223865	22.187848896166678
0.003813217971842926	21.661941068621314
0.003957991111088387	21.125320459478758
0.004111418492093476	20.579024606748074
0.004274150665268878	20.024098352630986
0.0044468995285522565	19.461591755874284
0.0046304463055773185	18.89255812690587
0.004825650389000555	18.31805216364416
0.005033459191339132	17.739128162199652
0.005254919176731101	17.156838275462466
0.0054911883090706685	16.572230792871217
0.0057435500845845885	15.986348416983969
0.0060134294856865	15.400226518859547
0.006302411258884056	14.814891352024805
0.006612260840746842	14.231358212116486
0.006944948435770545	13.650629532936204
0.007302676813103737	13.073692912940578
0.007687913497217244	12.50151906937615
0.00810342815955196	11.935059720076637
0.008552336179805107	11.37524539536697
0.00903814954416476	10.822983184498314
0.009564836492646524	10.279154422717157
0.010136891630530364	9.744612326416577
0.010759418594676814	9.220179584952843
0.011438227833512237	8.706645918634827
0.012179952644522237	8.204765613217111
0.012992187347379723	7.715255041959544
0.01388365239629193	7.238790187071659
0.01486448956327451	6.775969201609085
0.015945972814010292	6.327498274793238
0.017141976760271804	5.893772269580507
0.01846793733972035	5.4753565829294395
0.01994218130359407	5.072675521817998
0.021586142150940273	4.686112336125577
0.0234250436847196	4.3159936950605555
0.025488693214887122	3.9625877450585474
0.0278124668145249	3.626102324490107
0.030438539575781767	3.306683362546833
0.03341743023783898	3.004413492616105
0.036809951657726846	2.7193109139458045
0.040689688533311084	2.451328538730878
0.04514616463252293	2.200353465395014
0.05028891792230434	1.9662068216471926
0.05625278070268511	1.7486439957440072
0.06320476759326955	1.5473553834956337
0.07135312922987877	1.3619676523636226
0.08095934935069332	1.1920455067134812
0.09235416992841734	1.0370940786110967
0.10595918386336758	0.8965619559816348
0.12231362107577985	0.7698632066093727
0.1421275310574273	0.6562901280478296
0.16631193873262318	0.5552016144747477
0.1960829566713262	0.46584567674648386
0.2330600134387994	0.38745756351281285
0.27942784026044376	0.3192485687387625
0.3381681168028097	0.2604137569838204
0.4134006353667166	0.21014018806804172
0.5108929804804846	0.16761551762675364
0.6388335953104702	0.13203681628083375
0.8090234301113571	0.1026194171177593
1.038744713076803	0.07860557167138861
1.3537459778081353	0.059272671075975294
1.793104803012123	0.04394077414998915
2.417318109058653	0.031979181311498565
3.3220701377582516	0.022811805265661133
4.662239538206784	0.015921118563004412
6.69487201566903	0.010850506776162363
9.8583097982699	0.00720492319473104
14.920638819924074	0.00465045147555175
23.28746165563523	0.0029079189874734656
37.564646084519744	0.00175771915066636
200.1664775654346	0.00030385773275576924
384.31468694353396	0.0001536398693986398
780.8817173890004	7.331556111948651e-05
0.9	97
0.0017835086384335225	29.238020692991597
0.0018799502913193393	29.19496980601323
0.001965170250461405	29.123859835489494
0.002043927668865633	29.02519338727524
0.0021194693136222143	28.89946493951885
0.0021936740602929027	28.747175642354836
0.0022677304577781612	28.5688404041752
0.0023424716550808607	28.364993291613544
0.0024185360490511457	28.136192230548897
0.002496449664037493	27.88302303339893
0.002576671585549672	27.60610265551925
0.0026596207213071864	27.3060816178554
0.0027456925147816354	26.983645586011196
0.002835269969807956	26.63951613847238
0.002928731339267285	26.274450785299223
0.003026455832308851	25.889242316199304
0.0031288281697913456	25.484717567061583
0.003236242526026117	25.06173569963916
0.003349106222443023	24.621186091549465
0.0034678434292836546	24.163985933579035
0.003592899056811067	23.691077628181432
0.003724742964019884	23.203426076835818
0.0038638745741066236	22.702015934404564
0.00401082795935186	22.187848896166678
0.004166177442496632	21.661941068621314
0.004330543756423233	21.125320459478758
0.004504600808067329	20.579024606748074
0.004689083104699353	20.024098352630986
0.004884793919556165	19.461591755874284
0.005092614297842138	18.89255812690587
0.005313513032220782	18.31805216364416
0.005548557768439176	17.739128162199652
0.005798927436583999	17.156838275462466
0.0060659262732810915	16.572230792871217
0.006350999623939836	15.986348416983969
0.0066557519044760415	15.400226518859547
0.006981967175968428	14.814891352024805
0.007331632696705674	14.231358212116486
0.00770696601871525	13.650629532936204
0.008110446266773453	13.073692912940578
0.008544850359509136	12.50151906937615
0.009013295080650978	11.935059720076637
0.00951928609028343	11.37524539536697
0.010066775189446259	10.822983184498314
0.01066022742685177	10.279154422717157
0.011304699977182989	9.744612326416577
0.012005935143180385	9.220179584952843
0.012770470360226997	8.706645918634827
0.013605768740313731	8.204765613217111
0.014520374518331504	7.715255041959544
0.015524098804769362	7.238790187071659
0.016628351692937523	6.775969201609085
0.017845816861650057	6.327498274793238
0.019192103879708527	5.893772269580507
0.020684578631272266	5.4753565829294395
0.022343859205873742	5.072675521817998
0.02419405875462309	4.686112336125577
0.026263554500551563	4.3159936950605555
0.02858588009265949	3.9625877450585474
0.03120083401962265	3.626102324490107
0.03415586364826406	3.306683362546833
0.03750780293054293	3.004413492616105
0.04132506668374407	2.7193109139458045
0.045690438029355344	2.451328538730878
0.05070463152647002	2.200353465395014
0.056490877692372564	1.9662068216471926
0.06320086315391499	1.7486439957440072
0.07102247963283954	1.5473553834956337
0.0801900093550411	1.3619676523636226
0.09099762177305151	1.1920455067134812
0.10381740184030089	1.0370940786110967
0.11912364179143578	0.8965619559816348
0.13752297548878845	0.7698632066093727
0.1598142088335149	0.6562901280478296
0.18702224503000808	0.5552016144747477
0.22051521090619453	0.46584567674648386
0.2621149637676797	0.38745756351281285
0.3142793264044211	0.3192485687387625
0.38036268859515615	0.2604137569838204
0.4649998168254943	0.21014018806804172
0.5746792438311857	0.16761551762675364
0.7186129683109057	0.13203681628083375
0.9100770594338172	0.1026194171177593
1.1685140240475835	0.07860557167138861
1.5228909625817328	0.059272671075975294
2.0171701512087665	0.04394077414998915
2.71941062547268	0.031979181311498565
3.737257157539805	0.022811805265661133
5.244948227775176	0.015921118563004412
7.531660254737553	0.010850506776162363
11.090528245207862	0.00720492319473104
16.78564887498311	0.00465045147555175
26.19832504110343	0.0029079189874734656
42.26015799521496	0.00175771915066636
225.18721980178105	0.00030385773275576924
432.35395580807966	0.0001536398693986398
878.4918655116265	7.331556111948651e-05
