# Table format: T1D
# table_unit = barA
# axis1_unit = m**3/kg
# axis2_unit = degC
# This file was automatically generated by generate_data_files.py
-80	120
0.0005489270029946378	499.99999999999994
0.0005534113805326086	386.0702773187421
0.000557183784928597	298.10051805793984
0.0005603162998415462	230.17549935097907
0.0005628866957797039	177.72783773282427
0.0005649735694116955	137.23087120154372
0.0005666522842119668	105.96152100294478
0.0005679920686768822	81.81718759744523
0.0005690543239480158	63.174368610370344
0.0005698919758486311	48.77949201768415
0.0005705496033979124	37.664624021469315
0.0005710640654185694	29.08238368214958
0.0005714653902520575	22.455687866515056
0.0005717777565301906	17.338947284017134
0.0005720204536599473	13.38810437271109
0.0005722087592399717	10.337498335889634
0.0005723547049448439	7.982001698637894
0.0005724677242938074	6.163227218703582
0.0005725551882502724	4.758877683006624
0.0005726228407746466	3.6745224536086747
0.000572675148661064	2.8372478053572867
0.000572715579922964	2.19075409407256
0.0005727468237644434	1.6915700812715202
0.0005727709634644119	1.306129860761166
0.0005727896116973163	1.0085158351167032
0.0005728040161201147	0.778715976287697
0.000572815141560633	0.6012781858358514
0.0005728237338742739	0.4642712719027138
0.0005728303694872366	0.3584826773892111
0.0005728354937924979	0.2767990133472353
0.0005728394508815619	0.2137277436890423
0.0005728425065521105	0.1650278585534749
0.0005728448661033307	0.1274247022341162
0.0005728466880944221	0.0983897802575666
0.0005728480949788537	0.07597073949873753
0.0005728491813219198	0.05866008893277493
0.0005728500201496656	0.04529383360363691
0.0005728506678534437	0.03497320580037013
0.0005728511679782706	0.027004230524148628
0.0005728515541487915	0.02085106153447457
0.000572851566446969	0.020655105544719846
0.0007212241314459376	0.020645370682835236
0.000908026229213604	0.020645370682835236
0.001143211377698724	0.020645370682835236
0.0014393111256617375	0.020645370682835236
0.0018121027806981813	0.020645370682835236
0.0022814500834934925	0.020645370682835236
0.002872361622593521	0.020645370682835236
0.0036163233860082938	0.020645370682835236
0.004552976453007418	0.020645370682835236
0.005732229219832406	0.020645370682835236
0.007216916706651577	0.020645370682835236
0.009086148643628283	0.020645370682835236
0.011439524734713519	0.020645370682835236
0.014402441704262777	0.020645370682835236
0.01813277490586958	0.020645370682835236
0.02282929051465052	0.020645370682835236
0.028742236536207572	0.020645370682835236
0.03618667696103617	0.020645370682835236
0.04555927955824851	0.020645370682835236
0.05735945182536613	0.020645370682835236
0.07221595129703554	0.020645370682835236
0.09092038810994196	0.020645370682835236
0.11446940496651481	0.020645370682835236
0.14411778200444308	0.020645370682835236
0.18144529619906635	0.020645370682835236
0.22844089781892388	0.020645370682835236
0.2876086891724261	0.020645370682835236
0.36210135259164083	0.020645370682835236
0.4558881371977217	0.020645370682835236
0.5739663554142898	0.020645370682835236
0.7226276585580094	0.020645370682835236
0.9097932796707462	0.020645370682835236
1.1454361065915468	0.020645370682835236
1.4421120749082952	0.020645370682835236
1.8156291954029575	0.020645370682835236
2.2858898642875736	0.020645370682835236
2.8779513376865253	0.020645370682835236
3.6233608764318372	0.020645370682835236
4.561836702704844	0.0206446686746691
4.608061989789645	0.02043816922686122
5.325803381605454	0.017690633278224264
6.155015475746699	0.015312453004513955
7.113011064361349	0.013253975328518257
8.219791757883128	0.011472222116024498
9.498465590910703	0.009929992852500293
10.97572948581777	0.008595087948391004
12.682426647274923	0.007439636456734709
14.654190525312432	0.0064395141667791
16.93218879198039	0.005573839924209004
19.563982864804295	0.004824539661855518
22.604520922688263	0.00417596903845783
26.117285147051938	0.0036145868067030216
30.175617140994017	0.0031286720909253895
34.86424919938208	0.00270807967161921
40.28107340064765	0.002344028167447893
46.53918545644911	0.0020289166922861953
53.76924599192573	0.0017561661593510078
62.1222085567704	0.0015200819190730158
71.77247132417878	0.0013157348627800699
82.92151828073743	0.0011388585098035986
95.80212593020458	0.0009857599293307414
110.68322334127298	0.0008532426371751174
127.87550701031222	0.000738539857658674
147.73792776957305	0.0006392567572060377
170.68518517841747	0.0005533204435696719
197.19638586998562	0.0004789366867395649
227.82504662745916	0.00041455245793062685
263.2106510401649	0.0003588235045142287
304.0920010263285	0.0003105862839038314
351.32264198359604	0.00026883367041348927
405.8886836228888	0.00023269392788242537
468.9293885596721	0.00020141250904348934
541.7609585236169	0.00017433630163177786
625.9040148094468	0.00015089999231419974
723.115346722331	0.00013061426373791392
835.4245908809536	0.00011305557826852171
965.1766071907974	9.785733511675948e-05
1115.0804362386814	8.470221622686655e-05
1288.2658602704573	7.331556111948653e-05
-55	119
0.0005668855675694621	499.99999999999994
0.0005715628582041021	404.9150334289769
0.0005756944989590416	327.91236859357906
0.0005793094805958211	265.55329538168917
0.000582443418656808	215.0530429533033
0.0005851367573054298	174.15642015288006
0.0005874327934091493	141.0371053761488
0.000589375748599401	114.21608847621889
0.0005910090741759892	92.49562256695066
0.0005923741051629322	74.90573620746173
0.0005935091076640924	60.66091736093299
0.0005944487043473552	49.125034762069276
0.0005952236241305518	39.78293018576588
0.0005958607040178637	32.21741301214415
0.0005963830690304554	26.090629733615014
0.0005968104243070343	21.12897642153957
0.000597159406347468	17.110880388095552
0.0005974439541850138	13.8569054086899
0.0005976756737445725	11.221738633563685
0.0005978641787755069	9.087701347881366
0.0005980173993542023	7.359493790139898
0.0005981418542893126	5.959939348109701
0.0005982428872646847	4.82653808074903
0.0005983248686767213	3.908675656625448
0.0005983913662665492	3.1653630683310436
0.0005984452881338277	2.5634061852562278
0.0005984890017886873	2.075923402390151
0.0005985244327214156	1.681145187749607
0.000598553145661846	1.361441919793192
0.0005985764113370706	1.102536600929342
0.0005985952611634247	0.8928672892439519
0.0005986105319536302	0.723070776543711
0.0005986229023963602	0.5855644553114261
0.0005986329227792936	0.4742077019944937
0.0005986410391787814	0.3840276550107582
0.0005986476131276718	0.3109971415326656
0.0005986529375944	0.2518548359200316
0.0005986572499571714	0.20395961861161824
0.0005986607425330739	0.16517263157656986
0.0005986635711194659	0.1337617632727578
0.0005986636906328577	0.13243700241128983
0.0007199135957186933	0.13243700241128983
0.0008657207601027878	0.13243700241128983
0.001041058870022794	0.13243700241128983
0.001251908953557328	0.13243700241128983
0.0015054634018561214	0.13243700241128983
0.0018103713116581835	0.13243700241128983
0.002177033518074326	0.13243700241128983
0.002617957381614725	0.13243700241128983
0.003148183431743121	0.13243700241128983
0.0037857984203657517	0.13243700241128983
0.004552552286226913	0.13243700241128983
0.005474600075729212	0.13243700241128983
0.006583394128135108	0.13243700241128983
0.00791675695883426	0.13243700241128983
0.009520171438225094	0.13243700241128983
0.01144833227601604	0.13243700241128983
0.013767011734245181	0.13243700241128983
0.01655530321109794	0.13243700241128983
0.01990831922730374	0.13243700241128983
0.023940435847199855	0.13243700241128983
0.028789194206200942	0.13243700241128983
0.034619992231231474	0.13243700241128983
0.04163172659526436	0.13243700241128983
0.05006357736092396	0.13243700241128983
0.06020316674683194	0.13243700241128983
0.07239637032362396	0.13243700241128983
0.08705911531325067	0.13243700241128983
0.10469156844804765	0.13243700241128983
0.1258951973572841	0.13243700241128983
0.15139328746894012	0.13243700241128983
0.18205561428691808	0.13243700241128983
0.2189281126495585	0.13243700241128983
0.2632685550293509	0.13243700241128983
0.3165894559105271	0.13243700241128983
0.38070966577284365	0.13243700241128983
0.4578164146244733	0.13243700241128983
0.5505399214756637	0.13243700241128983
0.662043114786622	0.13243700241128983
0.8042668241054699	0.1311130154851784
0.9765356673600178	0.10820558098136962
1.1852650984402429	0.08930042309063768
1.4381756276645223	0.07369828332181784
1.7446218943074046	0.06082207425904534
2.115938682883919	0.050195534419967526
2.5658601772010483	0.041425612434311886
3.111027960561132	0.03418792897392012
3.771606552612374	0.028214778704338583
4.572029250619544	0.023285228477632387
5.541901862425882	0.019216945521255083
6.717097758323385	0.015859453366395954
8.141084745427863	0.013088566068040791
9.866532842693225	0.010801794851293735
11.957262424540948	0.008914557286327791
14.490604790516027	0.007357048778028027
17.560262473061993	0.006071660653894348
21.279775079666482	0.0050108493511891615
25.78671886295325	0.004135377889442529
31.247795351207955	0.0034128645844105658
37.86499725613189	0.0028165853237402823
45.883079720633326	0.0023244851032609287
55.59861325100353	0.0019183622628931218
67.3709531807052	0.001583195248930499
81.63553140111773	0.0013065870011725455
98.91996198991617	0.0010783064140612569
119.86355644739209	0.0008899099115192399
145.24097036461183	0.0007344291384092529
175.99085615950656	0.0006061132170375831
213.25058167998105	0.0005002160353596072
258.39829883565096	0.00041282069916546385
313.1039182805443	0.0003406946551342487
379.39087558353435	0.0002811701260903131
459.7109734756798	0.00023204543603565103
557.0350684177866	0.0001915035751973171
674.962955776627	0.00015804499299749235
817.8565180108078	0.00013043213311208883
991.0010607127218	0.000107643659096746
1200.8008039572749	8.883667749095899e-05
1455.0157597346238	7.331556111948653e-05
-30	120
0.0005858222996514562	499.99999999999994
0.0005907524504727047	419.76525722832116
0.0005952727170020739	352.40574235191735
0.0005993890651793522	295.8553741741801
0.0006031120982716631	248.37961448521185
0.0006064567603970292	208.52226552931316
0.0006094418115299553	175.06080485548887
0.0006120891237083917	146.96888756152245
0.0006144228653136538	123.3848657836454
0.0006164686460375958	103.58535984750759
0.0006182526900551564	86.96307044295449
0.0006198010916542752	73.00815126770281
0.0006211391898952216	61.292570793302914
0.000622291080525214	51.456983490471856
0.0006232792672747514	43.19970782214279
0.0006241244425015825	36.26747293230018
0.0006248453794316705	30.447650208896324
0.0006254589145915301	25.561731443870674
0.0006259799985538411	21.45985354947528
0.000626421794797656	18.016201890555184
0.0006267958093697797	15.125151241732528
0.0006271120373830938	12.698026003206236
0.0006273791156925257	10.660380303055554
0.0006276044740507835	8.949714560127685
0.0006277944795250454	7.513558468904113
0.0006279545709225065	6.307861606799133
0.0006280893814615634	5.295642299877388
0.0006282028490033795	4.44585330439442
0.0006282983139024978	3.7324295118370117
0.0006283786050197401	3.133488468245681
0.0006284461147314012	2.630659185790253
0.000628502863919904	2.2085186596065833
0.0006285505579853636	1.8541188064866092
0.0006285906349075116	1.5565893154734416
0.0006286243063370386	1.3068042288171313
0.0006286525926218941	1.0971020265129623
0.0006286763525892355	0.921050628729852
0.0006286963088156454	0.773250108178188
0.0006287130690319393	0.6491670611224886
0.0006287271442276304	0.5449955567924695
0.0006287278729062625	0.5396033801542968
0.0007300485695361213	0.5396005642162695
0.0008476972897958311	0.5396005642162695
0.0009843053258549582	0.5396005642162695
0.0011429280076379455	0.5396005642162695
0.0013271130373175785	0.5396005642162695
0.0015409798360424894	0.5396005642162695
0.0017893116775412176	0.5396005642162695
0.0020776626692324126	0.5396005642162695
0.0024124819735451154	0.5396005642162695
0.002801258047741859	0.5396005642162695
0.003252686128264574	0.5396005642162695
0.003776862705502434	0.5396005642162695
0.004385511338539721	0.5396005642162695
0.005092244860381271	0.5396005642162695
0.005912869838050381	0.5396005642162695
0.006865740097012577	0.5396005642162695
0.00797216721673498	0.5396005642162695
0.00925689717838841	0.5396005642162695
0.01074866382523647	0.5396005642162695
0.012480831514222466	0.5396005642162695
0.01449214133208614	0.5396005642162695
0.01682757756563174	0.5396005642162695
0.019539373805333344	0.5396005642162695
0.0226881811844564	0.5396005642162695
0.02634442488214325	0.5396005642162695
0.030589879229559594	0.5396005642162695
0.03551949664740279	0.5396005642162695
0.041243531320179806	0.5396005642162695
0.04789000510464816	0.5396005642162695
0.05560757082410827	0.5396005642162695
0.06456883698803549	0.5396005642162695
0.07497422829662614	0.5396005642162695
0.08705646827301859	0.5396005642162695
0.1010857842802517	0.5396005642162695
0.11737595133664006	0.5396005642162695
0.1362913099035312	0.5396005642162695
0.15825491460295332	0.5396005642162695
0.18375799611666352	0.5396005642162695
0.21337094788828492	0.5395996205651507
0.2155994830361871	0.5342035655688561
0.27266521839426244	0.42527323281256824
0.3443216160570426	0.3385550644055774
0.43431206033073017	0.2695197411711568
0.5473372308351587	0.21456152489849087
0.6893007428425603	0.17080992942008813
0.8676175655818755	0.1359797941513448
1.0916013500527868	0.10825192938266934
1.3729509089439422	0.08617809938752988
1.72636126456176	0.06860538058212144
2.1702911839630734	0.05461594393782606
2.7279272922232742	0.04347911646156072
3.4283951211756687	0.0346132178989711
4.308280347933897	0.027555179378607055
5.413539678501791	0.021936357168623195
6.801901182874912	0.01746327829036006
8.545879452136099	0.01390231232571157
10.736563060335321	0.011067468821608438
13.488372151638485	0.008810682945939756
16.94503464317261	0.007014082011445142
21.28709318268591	0.005583828945513241
26.74133495197077	0.004445221148237978
33.59263683787377	0.0035387887504361756
42.198844648175594	0.002817188482327271
53.00946351880845	0.0022427309185887993
66.58913571868463	0.001785411946963173
83.64713210580096	0.0014213456433572664
105.0743975833175	0.0011315167019728411
131.99008545227227	0.0009007872594728708
165.80001116586786	0.0007171062392750441
208.2700785446252	0.0005708799197583282
261.6185135283814	0.0004544708509477576
328.63172286510127	0.000361798947926939
412.80982907488	0.00028802392595270567
518.5494830293901	0.00022929249075086307
651.3735025094315	0.00018253707965694353
818.2193308398827	0.00014531564178387686
1027.8013818938193	0.00011568408888071523
1291.0661968675574	9.209475494775045e-05
1621.7641858184404	7.331556111948653e-05
-5	120
0.0006057915860436693	499.99999999999994
0.00061101644959154	431.7257465217572
0.0006159474630356165	372.7742404195371
0.0006205797344305674	321.8724744584113
0.0006249107257100956	277.9212686407257
0.000628940432647394	239.97153435638228
0.0006326714703440618	207.2037796279613
0.000636109056435996	178.91041288402252
0.0006392608925731614	154.48046312574084
0.000642136952787561	133.38638653197452
0.0006447491942157842	115.17267460271273
0.0006471112105846026	99.44601784352716
0.0006492378514835276	85.8668125842255
0.0006511448306587956	74.14182752873714
0.0006528483446196574	64.01787167666282
0.000654364719259082	55.27632688068263
0.000655710097611226	47.72842697508677
0.0006569001769697938	41.211181532257015
0.0006579499989565346	35.583856224114626
0.0006588737921780068	30.724933784957532
0.0006596848640756203	26.5294899502847
0.0006603955365215643	22.906927707256234
0.0006610171185723642	19.779020929870246
0.0006615599094113014	17.078225152835383
0.0006620332247031737	14.746219006749014
0.0006624454401625619	12.732644818124086
0.0006628040469353109	10.99402117860201
0.0006631157142817178	9.492804001215923
0.0006633863559350957	8.196575788019336
0.0006636211973298095	7.0773456020096175
0.0006638248416145603	6.110944626840155
0.0006640013329757194	5.276504261951374
0.0006641542162914782	4.55600548303238
0.0006642865925288627	3.933889736638747
0.0006644011695946846	3.396722966569284
0.000664500308572783	2.9329055169394436
0.0006645860654376207	2.5324216475569234
0.000664660228441453	2.186623252598742
0.0006647243514404498	1.8880431121800496
0.0006647797834637815	1.6302336441423875
0.0006647832546852472	1.614098619151339
0.0007506070786758894	1.6140944621445519
0.0008475107978240352	1.6140944621445519
0.0009569248316914453	1.6140944621445519
0.001080464267663318	1.6140944621445519
0.0012199527016492477	1.6140944621445519
0.0013774491566296394	1.6140944621445519
0.0015552784763988518	1.6140944621445519
0.001756065643154558	1.6140944621445519
0.0019827745255036897	1.6140944621445519
0.0022387516288537536	1.6140944621445519
0.0025277754939998136	1.6140944621445519
0.0028541124730917643	1.6140944621445519
0.0032225797063046404	1.6140944621445519
0.0036386162288260344	1.6140944621445519
0.004108363257788299	1.6140944621445519
0.00463875484428063	1.6140944621445519
0.005237620228577613	1.6140944621445519
0.005913799409474852	1.6140944621445519
0.006677273633679007	1.6140944621445519
0.007539312731438098	1.6140944621445519
0.008512641473269461	1.6140944621445519
0.009611627403417818	1.6140944621445519
0.010852492922699178	1.6140944621445519
0.012253554751337463	1.6140944621445519
0.013835494306563478	1.6140944621445519
0.015621662986086303	1.6140944621445519
0.017638426863801276	1.6140944621445519
0.01991555588587242	1.6140944621445519
0.022486663312208197	1.6140944621445519
0.025389701890033874	1.6140944621445519
0.02866752408370034	1.6140944621445519
0.032368514630419044	1.6140944621445519
0.03654730475923312	1.6140944621445519
0.041265578615986426	1.6140944621445519
0.046592983798126944	1.6140944621445519
0.05260815943997216	1.6140944621445519
0.059399897024255216	1.6140944621445519
0.06706845105497555	1.6140944621445519
0.07572701893871764	1.614092739177397
0.07655229310980323	1.5979517898029336
0.10060868270913245	1.2368683596144618
0.13163081369003266	0.9573776560580929
0.17166890041299912	0.7410424635690331
0.2233661292046662	0.5735917580043671
0.290133903061538	0.4439792873217589
0.3763773082234266	0.34365488140301437
0.4877859225931194	0.2660004213812161
0.6317092564608541	0.2058932609544587
0.8176416419896813	0.15936829981824407
1.0578485827530189	0.1233564171513877
1.3681758944543905	0.09548201034824115
1.7690950202834177	0.07390628319686936
2.287053481093589	0.05720594566509859
2.9562195478501025	0.044279323460509716
3.820736228642975	0.03427368367614701
4.937633260115128	0.02652898239920547
6.380589199575407	0.02053432347066791
8.2447917926566	0.015894256102738858
10.65321724143416	0.012302688102693754
13.764742598739147	0.009522693831898257
17.784626440546145	0.007370884887849647
22.978049196940834	0.005705312487096963
29.687606359231697	0.004416103503268885
38.35590854088364	0.0034182124459771553
49.55477925473013	0.002645811249030797
64.0229765017027	0.0020479467780700655
82.71492655818561	0.0015851795956132253
106.86368479287036	0.0012269822523007662
138.06227686110321	0.0009497254769284773
178.36878612652214	0.0007351194198902924
230.4421196315985	0.000569007123245297
297.71740871628214	0.00044043062602292134
384.63261497019033	0.0003409080983601656
496.92129007562227	0.0002638743190431444
641.9908020847547	0.00020424758633020304
829.4109786546761	0.00015809449238177986
1071.5454016599977	0.00012237044740908497
1384.3669979129606	9.471883664952639e-05
1788.5117282167323	7.331556111948653e-05
20	120
0.0006268576287513286	499.99999999999994
0.000632401734847861	441.5762396282597
0.0006377542106558373	389.97915080846707
0.0006429068879542411	344.4110538948497
0.0006478523143939039	304.16747613058726
0.0006525839391070662	268.62626065392635
0.0006570962848334585	237.2379480899222
0.0006613850988752438	209.5172820293443
0.0006654474761667046	185.0357070713028
0.0006692819490411801	163.41474345100414
0.0006728885398269128	144.32013582582186
0.0006762687741328639	127.45668576121223
0.0006794256545163269	112.56368802783368
0.0006823635960665192	99.41090015603871
0.0006850883271889486	87.79498293792776
0.0006876067604228541	77.53635684791458
0.0006899268393595173	68.47642578275395
0.0006920573685621913	60.4751252006641
0.0006940078337618302	53.408756754314915
0.0006957882195044001	47.16807594158151
0.00069740883089073	41.6566032095675
0.000698880125156454	36.78913240193455
0.0007002125576953762	32.49041349046485
0.0007014164458553985	28.69398922617345
0.000702501852549481	25.34116772485494
0.0007034784905248036	22.38011510346089
0.0007043556470953248	19.76505413966776
0.0007051421283103383	17.455556566086887
0.0007058462209209156	15.415918058142049
0.000706475670110291	13.614606253063476
0.0007070376707501114	12.023773266494299
0.0007075388698988218	10.6188251703227
0.0007079853783345829	9.378041775962023
0.0007083827890769096	8.28224084501206
0.0007087362010665269	7.314481536071998
0.0007090502464151912	6.459802503058019
0.000709329119885678	5.704990596083159
0.0007095766095020124	5.038376589065962
0.0007097961274115644	4.449654776061602
0.000709990740318101	3.929723647314417
0.0007100053306306683	3.890819440597966
0.0007829966622288607	3.8908166040738603
0.0008634917888813027	3.8908166040738603
0.0009522621301385534	3.8908166040738603
0.0010501584105053557	3.8908166040738603
0.0011581188123008462	3.8908166040738603
0.0012771779666647565	3.8908166040738603
0.0014084768688743022	3.8908166040738603
0.0015532738129945232	3.8908166040738603
0.0017129564506535465	3.8908166040738603
0.0018890550895072234	3.8908166040738603
0.0020832573588380715	3.8908166040738603
0.0022974243828352797	3.8908166040738603
0.002533608616551312	3.8908166040738603
0.002794073515464771	3.8908166040738603
0.003081315227151445	3.8908166040738603
0.0033980865129441774	3.8908166040738603
0.003747423128833157	3.8908166040738603
0.00413267291842619	3.8908166040738603
0.004557527896779342	3.8908166040738603
0.005026059632571164	3.8908166040738603
0.005542758267703136	3.8908166040738603
0.006112575548268024	3.8908166040738603
0.006740972279270492	3.8908166040738603
0.007433970657878999	3.8908166040738603
0.008198211986741278	3.8908166040738603
0.009041020320454733	3.8908166040738603
0.009970472655143735	3.8908166040738603
0.010995476333800432	3.8908166040738603
0.012125854409198287	3.8908166040738603
0.013372439782447532	3.8908166040738603
0.014747179019363519	3.8908166040738603
0.016263246839564437	3.8908166040738603
0.01793517237549736	3.8908166040738603
0.019778978411387024	3.8908166040738603
0.02181233493649461	3.8908166040738603
0.02405472848425334	3.8908166040738603
0.02652764888013125	3.8908166040738603
0.029254795187906368	3.8908166040738603
0.03226230282802639	3.8908153955443208
0.0326419169195421	3.8519073374666117
0.04476798219192993	2.914995514780986
0.0606825393182392	2.205971771060788
0.08164358390495696	1.6694061551867263
0.10929591775288743	1.2633511215037787
0.14580427258451334	0.9560621609343075
0.19402427436270103	0.7235160835432428
0.257726434197834	0.5475329372246976
0.3418912654694646	0.4143547381528074
0.4530988203213355	0.3135699012007064
0.600043191386444	0.23729928461143845
0.7942122433056045	0.1795802156440311
1.050785734059961	0.13590034164478143
1.3898220493448579	0.10284486402320575
1.837826331507625	0.07782957664373026
2.429822598739994	0.058898838148840504
3.2120918498267295	0.04457268412448395
4.245790214399925	0.03373112666569866
5.611730008351422	0.02552659613138298
7.416697467281161	0.019317679972942006
9.801801064933066	0.01461897848096627
12.95350307027509	0.011063157280082366
17.118196766671105	0.008372229917650827
22.621468948808324	0.006335825480869032
29.893553597969316	0.004794742251332363
39.502966649236875	0.0036285016571445173
52.20095134438559	0.0027459295173253486
68.98020881254659	0.002078028240464518
91.15250530910879	0.0015725827414442054
120.45122327985663	0.0011900783784032502
159.16687347194303	0.0009006117830354928
210.32616213703656	0.0006815530795800533
277.9286124154002	0.0005157767298129467
367.25923845171263	0.0003903226953070951
485.30171643242727	0.00029538324950613377
641.2843533676033	0.00022353623075941308
847.4015362821517	0.00016916479368979232
1119.7670631623744	0.00012801829630432294
1479.6738850205177	9.68799939466974e-05
1955.258743002121	7.331556111948653e-05
45	120
0.0006490939644226287	499.99999999999994
0.0006549623968218118	449.8724314291745
0.0006607302357860485	404.7704091199933
0.0006663906829923255	364.1900962427862
0.0006719368635925969	327.67816819833354
0.0006773619033845061	294.82674850728466
0.0006826590100581714	265.26885240265887
0.0006878215566637434	238.67428722562198
0.0006928431655356925	214.74596382763073
0.0006977177910399108	193.21657777347562
0.0007024397996512011	173.84562327075474
0.0007070040459984529	156.41670646826947
0.0007114059436181486	140.73512811004727
0.0007156415292290892	126.62570854072668
0.000719707519388491	113.93083076531701
0.0007236013584262213	102.50867970227795
0.00072732125660039	92.23165796051617
0.0007308662174956667	82.9849604428828
0.0007342360538153975	74.66529185298698
0.0007374313909135165	67.17971277854427
0.0007404536576775508	60.44460146079449
0.0007433050647045119	54.38471965187001
0.000745988570092258	48.932372124761464
0.0007485078335762978	44.02665044672714
0.000750867160146934	39.61275256830291
0.0007530714346527951	35.64137062700936
0.0007551260492047195	32.06814012688213
0.0007570368254147671	28.85314434058378
0.0007588099336227068	25.960468397750706
0.0007604518112707651	23.357798078272637
0.0007619690824901776	21.016058828608422
0.0007633684807729883	18.90909096856925
0.0007646567763387091	17.013357460291356
0.0007658407094914559	15.307680974869893
0.0007669269309237739	13.773007319413647
0.0007679219495819105	12.392192581752848
0.0007688320883841557	11.14981161498345
0.0007696634477945526	10.031985722419694
0.00077042187700948	9.026227618015408
0.0007711129523196497	8.121301930299504
0.0007711747609003997	8.040898055338152
0.000832656304154363	8.040894130561766
0.000899039434379969	8.040894130561766
0.0009707149282813958	8.040894130561766
0.0010481047170508297	8.040894130561766
0.0011316643701452939	8.040894130561766
0.0012218857770814112	8.040894130561766
0.001319300043034983	8.040894130561766
0.0014244806152908832	8.040894130561766
0.0015380466589476854	8.040894130561766
0.0016606667017487477	8.040894130561766
0.0017930625694957331	8.040894130561766
0.0019360136352111121	8.040894130561766
0.0020903614070631373	8.040894130561766
0.002257014482060968	8.040894130561766
0.0024369538946807964	8.040894130561766
0.002631238891908657	8.040894130561766
0.00284101316869582	8.040894130561766
0.0030675116005328697	8.040894130561766
0.0033120675127751194	8.040894130561766
0.0035761205295115296	8.040894130561766
0.0038612250481809963	8.040894130561766
0.0041690593898234185	8.040894130561766
0.004501435678830206	8.040894130561766
0.004860310510353227	8.040894130561766
0.005247796468167877	8.040894130561766
0.00566617456079237	8.040894130561766
0.006117907649070726	8.040894130561766
0.006605654944263494	8.040894130561766
0.00713228766199185	8.040894130561766
0.007700905924185077	8.040894130561766
0.00831485700852773	8.040894130561766
0.008977755052835414	8.040894130561766
0.009693502330352557	8.040894130561766
0.010466312221213251	8.040894130561766
0.011300734015291032	8.040894130561766
0.012201679692443951	8.040894130561766
0.01317445283780223	8.040894130561766
0.014224779862313413	8.040894130561766
0.01535884371233078	8.040892593389133
0.015566342119954984	7.960484070293569
0.022590950733746017	5.913135815267767
0.03184861698504996	4.3923428350649125
0.044206131384139695	3.2626809502552367
0.0607786762340816	2.4235555790810883
0.08304813341744925	1.8002439510475492
0.1130003567538805	1.3372411638738246
0.15330389611523365	0.9933175608328375
0.2075483973015803	0.737847295846476
0.28056459744483786	0.5480811509377682
0.3788546568976167	0.40712075480150695
0.511171246423883	0.30241380990124356
0.6892969993252828	0.22463633047539974
0.9290937572819815	0.16686235653699721
1.2519150531546437	0.12394720822831932
1.6865076148728657	0.09206936031847326
2.2715712187444033	0.068390141501518
3.0592048443071946	0.05080095526262927
4.119546005975258	0.03773551273524384
5.547016386896172	0.028030357185807923
7.468729938909518	0.02082126005485952
10.055812176549287	0.015466262787817302
13.5386386301519	0.01148851145375294
18.227349417947533	0.008533793666494349
24.539466726944063	0.0063389965388866085
33.03707449505811	0.004708676901550091
44.47687108565111	0.0034976574016375266
59.87755206498511	0.002598098692055607
80.6105234110212	0.0019298965103045284
108.52202301953614	0.0014335485221844203
146.09752523210335	0.0010648557342242463
196.6830683458759	0.0007909866440951794
264.78321396547113	0.0005875536479058837
356.4621710000819	0.00043644136313124684
479.88380375537696	0.00032419348280920404
646.0386109759941	0.00024081451295521533
869.7224121581293	0.00017887968983012283
1170.8538915810775	0.00013287381661948112
1576.248325243743	9.870014398948462e-05
2122.0054382493013	7.331556111948653e-05
70	120
0.0006725723060366397	499.99999999999994
0.0006787431689145182	457.0235378216802
0.0006848931892738768	417.7410282460895
0.0006910194105122844	381.83496524458855
0.0006971187049491983	349.01513336020037
0.0007031877915922666	319.0162620031686
0.0007092232553888204	291.59588136667236
0.0007152215673250225	266.53236263285515
0.000721179104770808	243.62312662887692
0.000727092171535107	222.68300645421706
0.0007329570171864241	203.54275084494867
0.0007387698553010304	186.04765617823045
0.0007445268804162876	170.05631606001296
0.0007502242835817434	155.43947838933786
0.0007558582665080725	142.0790006613036
0.0007614250544076183	129.86689506479564
0.0007669209076957475	118.70445565685961
0.0007723421327767505	108.50146055898949
0.0007776850921706283	99.17544272697776
0.0007829462142483564	90.65102340022992
0.0007881220028348228	82.85930284305786
0.0007932090469133484	75.73730345354463
0.0007982040306268878	69.22746073882624
0.000803103743722289	63.27715804253968
0.0008079050925292998	57.83830126380614
0.0008126051115088798	52.86693013036168
0.0008172009753493404	48.32286288389904
0.0008216900115367328	44.169371505743
0.0008260697132801497	40.37288485782957
0.0008303377526349577	36.90271733958523
0.0008344919936384	33.73082086754141
0.0008385305052530371	30.831558173026266
0.000842451573903591	28.181495585582805
0.0008462537153913795	25.759213627258237
0.0008499356859761306	23.54513388686799
0.0008534964924262527	21.521360774923078
0.000856935400853719	19.671536880184163
0.0008602519441671423	17.980710758742852
0.000863445927995083	16.435216087018013
0.000866517434949809	15.022561201905527
0.0008668499718613442	14.87382650662288
0.0009165471905852619	14.873823511799097
0.0009690935915541643	14.873823511799097
0.0010246525207192655	14.873823511799097
0.001083396688788921	14.873823511799097
0.0011455087081178254	14.873823511799097
0.0012111816603765006	14.873823511799097
0.001280619696765751	14.873823511799097
0.0013540386726418954	14.873823511799097
0.0014316668185255883	14.873823511799097
0.0015137454495801237	14.873823511799097
0.001600529715764713	14.873823511799097
0.0016922893949946653	14.873823511799097
0.0017893097317740823	14.873823511799097
0.0018918923239080701	14.873823511799097
0.002000356060050868	14.873823511799097
0.00211503811100439	14.873823511799097
0.0022362949778487254	14.873823511799097
0.0023645036001628114	14.873823511799097
0.0025000625277803094	14.873823511799097
0.0026433931597232055	14.873823511799097
0.002794941054164491	14.873823511799097
0.0029551773134920594	14.873823511799097
0.0031246000487794817	14.873823511799097
0.0033037359282160634	14.873823511799097
0.003493141814309674	14.873823511799097
0.0036934064949517564	14.873823511799097
0.003905152513725716	14.873823511799097
0.0041290381051483655	14.873823511799097
0.004365759240860384	14.873823511799097
0.00461605179312652	14.873823511799097
0.004880693822371039	14.873823511799097
0.005160507995859465	14.873823511799097
0.005456364145045308	14.873823511799097
0.005769181969531589	14.873823511799097
0.00609993389605268	14.873823511799097
0.00644964810136393	14.873823511799097
0.006819411708436012	14.873823511799097
0.007210374165889727	14.873823511799097
0.007623750821176537	14.873822338743974
0.007760198437608743	14.725084742461847
0.01236807725605353	10.766808570375813
0.018289855612359913	7.872563643510604
0.0262357648891213	5.756325833789926
0.037021574507188695	4.208957666804114
0.05172391822974223	3.0775402839358463
0.07180017289947267	2.250261216440204
0.09923636218299087	1.645364503804007
0.13674481331873334	1.2030711504066578
0.18803276729992738	0.8796714585701375
0.2581689963319096	0.6432054120501091
0.35408484196440204	0.4703042233097119
0.485259262063857	0.34388091007810084
0.6646556180606868	0.25144167212436197
0.910002795040305	0.1838511898387613
1.2455472684242204	0.13442982509442702
1.7044492688416788	0.09829350514819635
2.332059848195096	0.07187105352202829
3.1904027042645255	0.052551268027102596
4.36430368119493	0.038424868370823956
5.969773694776572	0.028095811285727263
8.165473526313297	0.02054332637356727
11.168393494875946	0.015021038339095618
15.275297553607476	0.010983206355271492
20.892051025680303	0.008030791155662477
28.5737302972031	0.005872019927487964
39.07947831265524	0.004293551825775433
53.44752697426149	0.003139394536848204
73.0978005435985	0.002295488317813043
99.97223983982947	0.0016784340277619981
136.726714791548	0.0012272511969188824
186.9934911249159	0.0008973516238508964
255.74018949238857	0.0006561329407129228
349.76071122421126	0.00047975668004153585
478.3466465033717	0.0003507924351342414
654.20551696348	0.0002564952978596504
894.7165981526895	0.00018754634146809465
1223.6484286806021	0.0001371316764540204
1673.5077391110367	0.00010026906704703284
2288.751933801347	7.331556111948653e-05
95	120
0.000697347874135484	499.99999999999994
0.0007037536111940889	463.37481048839777
0.0007102043472157644	429.43242999031713
0.0007167015854394027	397.97634172867083
0.0007232469421691645	368.82442385477736
0.0007298421753424265	341.80789501439995
0.0007364892170167457	316.77033715147155
0.0007431902100533942	293.5667898918181
0.0007499475493705241	272.062911263617
0.00075676392826988	252.13419989540066
0.0007636423905144748	233.66527418835017
0.0007705863890599693	216.5492042894926
0.0007775998526318835	200.68689299811396
0.0007846872617109552	185.98650202101285
0.000791853735963198	172.3629202547737
0.0007991051357623168	159.73727101656522
0.0008064481812467522	148.0364553704695
0.0008138905933985359	137.19272890533094
0.0008214412630231027	127.14330951378773
0.0008291104553893257	117.8300139016382
0.0008369100608666505	109.19892072303377
0.0008448539054849213	101.2000583911467
0.0008529581404222624	93.7871157568248
0.0008612417367428264	86.9171739801444
0.0008697271224455216	80.55045804247288
0.0008784410149754895	74.65010646036903
0.000887415527012952	69.18195786802458
0.0008966896621250874	64.11435323262442
0.0009063113795794754	59.417952557507085
0.0009163405123995111	55.06556501188692
0.0009268530044585115	51.0319915036393
0.0009379472614964272	47.293878783688776
0.0009497540381316087	43.8295842373061
0.0009624525536784513	40.619050579493965
0.0009762983043482677	37.643689728983325
0.0009916746961328997	34.88627518850339
0.001009198675879847	32.33084230823771
0.001029968483700913	29.962595855019845
0.001056280967160116	27.767824352120552
0.0010946926893399109	25.733820693677963
0.001101597455124951	25.47903127875237
0.0011335141720091653	25.479030425911446
0.0011663556158087586	25.479030425911446
0.0012001485787489809	25.479030425911446
0.0012349206293094813	25.479030425911446
0.0012707001347148164	25.479030425911446
0.0013075162840765864	25.479030425911446
0.0013453991122060675	25.479030425911446
0.0013843795241167722	25.479030425911446
0.0014244893202369213	25.479030425911446
0.0014657612223524102	25.479030425911446
0.001508228900301408	25.479030425911446
0.0015519269994423957	25.479030425911446
0.0015968911689180352	25.479030425911446
0.001643158090737928	25.479030425911446
0.0016907655097039953	25.479030425911446
0.0017397522642028935	25.479030425911446
0.0017901583178905685	25.479030425911446
0.0018420247922948275	25.479030425911446
0.001895394000362496	25.479030425911446
0.0019503094809785477	25.479030425911446
0.0020068160344853645	25.479030425911446
0.002064959759231085	25.479030425911446
0.0021247880891768892	25.479030425911446
0.0021863498325938777	25.479030425911446
0.0022496952118811176	25.479030425911446
0.0023148759045373436	25.479030425911446
0.0023819450853197447	25.479030425911446
0.0024509574696242025	25.479030425911446
0.002521969358122414	25.479030425911446
0.002595038682692274	25.479030425911446
0.002670225053679012	25.479030425911446
0.0027475898085256383	25.479030425911446
0.0028271960618123423	25.479030425911446
0.0029091087567457152	25.479030425911446
0.0029933947181397624	25.479030425911446
0.0030801227069319416	25.479030425911446
0.003169363476278701	25.479030425911446
0.003261189829276297	25.479030425911446
0.0033556766783539257	25.47903004197597
0.0035081375801896903	25.22424008588235
0.007068007293593861	18.19086817186757
0.011131748295737128	13.118638409704493
0.016558370719799424	9.460717987650932
0.023986697391719453	6.822749590815049
0.0342335939474286	4.920336071715529
0.04840978861145252	3.5483798337281414
0.06804614325269223	2.55897143221328
0.09526078277557479	1.8454435820653425
0.13298823507220262	1.3308714476896546
0.1852961274626267	0.95977944137056
0.257823859763266	0.6921604469588049
0.35839065095735817	0.49916268642937467
0.49783855512344705	0.35997923403187415
0.6912013501142477	0.25960483917803717
0.9593253244377086	0.18721822303418484
1.3311167020608219	0.13501544557896347
1.8466580000797552	0.0973685694130187
2.5615292921241117	0.07021891657568241
3.5528002497476243	0.050639505897920545
4.927338958981157	0.036519497631690954
6.833333278678229	0.026336625597404226
9.476266848641687	0.018993082951281874
13.141072107524312	0.013697168555634132
18.222848618691895	0.00987793434708241
25.2694584208555	0.0071236319074962934
35.04059057229545	0.0051373222143846365
48.58966258736668	0.003704862895377431
67.37738849006236	0.0026718217197105685
93.4292571606887	0.001926827389705573
129.55389858335425	0.0013895626951194117
179.64587987520684	0.0010021055824634972
249.10557528188838	0.0007226846272799573
345.4213759692205	0.000521175692109064
478.9770071576067	0.00037585426864232877
664.1709887783719	0.00027105337680848225
920.9689277610071	0.00019547452086861032
1277.055993273324	0.00014096960812191232
1770.8216314543165	0.00010166250990533389
2455.4982992171826	7.331556111948653e-05
120	89
0.0007234464004535506	499.99999999999983
0.0007374605365739896	436.4995446437274
0.0007517461454822933	381.6833143552223
0.0007663084859738617	334.3891548671345
0.0007811529187140793	293.60450346322574
0.0007962849082116761	258.44922187816167
0.0008117100248303131	228.15962909612756
0.0008274339468391384	202.07388773830843
0.0008434624625030576	179.61882858127672
0.0008598014722135046	160.2982289985186
0.0008764569906604819	143.68250193014794
0.0008934351490466815	129.39970730788107
0.0009107421973444892	117.12776900260718
0.0009283845065967175	106.58776600847177
0.000946368571261904	97.5381639107522
0.0009647010116050379	89.76985834520103
0.0009833885761346042	83.10191294364878
0.001002438144086832	77.3778875405882
0.0010218567279580708	72.46266627806627
0.0010416514760862154	68.23970848439518
0.0010618296752821419	64.60865718974793
0.0010823987535121204	61.48325066959204
0.0011033662826321804	58.78949152162185
0.0011247399811754534	56.464035649354436
0.0011465277171935056	54.45277033196308
0.0011687375111527163	52.70955645092169
0.001191377538886753	51.19511500016315
0.0012144561346062496	49.87604224683697
0.0012379817939667816	48.72394131641526
0.0012619631771962775	47.7146605267087
0.0012864091122829994	46.827630497241465
0.0013113285982252957	46.04529297258217
0.0013367308083442925	45.352614541379495
0.0013626250936607678	44.736678182488625
0.001389020986337428	44.186345036023276
0.001415928203187874	43.69197819756018
0.0014433566492535442	43.24521986289939
0.0014713164214499347	42.838812956637184
0.001499817812283464	42.46645854620974
0.001528871313640332	42.122700893548185
0.0015584876206487816	41.80283288885062
0.0015886776356161634	41.50281575967464
0.0016194524720422817	41.219208241747516
0.0016508234587104753	40.9491017170791
0.001682802143857956	40.69005906214176
0.0023268847748912644	36.9077949862997
0.0032174862477937238	32.8300796348926
0.004448960200543449	27.951550931130935
0.0061517735715551644	22.819722329398402
0.008506328753190868	18.019692595598187
0.011762076093296416	13.882523061142294
0.016263941594380417	10.50677436448123
0.022488869659343012	7.851324768040165
0.03109635235837709	5.81370398868007
0.042998298475824454	4.27673928657229
0.05945564452410843	3.1312562884536974
0.08221194305548304	2.2847675509214516
0.1136780811150301	1.663009006681299
0.15718769859598242	1.2082958634597056
0.21735036646950084	0.8767838110781239
0.30053994190633065	0.6356342001636358
0.4155698384512962	0.46049985602778165
0.5746267518886442	0.3334573011238404
0.7945617641950002	0.24137817958076896
1.0986756099427382	0.17468079967184752
1.5191872429275468	0.12638989177845103
2.1006472321653575	0.09143693554047262
2.9046576151471992	0.06614380069782898
4.016398247189595	0.04784387799369709
5.553651072644644	0.03460522848785607
7.679278382881688	0.025028870065770738
10.618477054179044	0.018102115112931746
14.682636743768608	0.013092094291778513
20.30232967020634	0.009468538324112267
28.07292703830422	0.006847821473009096
38.81767488262561	0.0049524350339065
53.67491181939258	0.003581647828566367
74.21866888037319	0.0025902717991713293
102.62542822444475	0.001873296879398101
141.90470776599716	0.0013547745375767255
196.21790071475274	0.0009797760571597992
271.31914907568785	0.0007085755641061593
375.16495889011725	0.0005124425647267713
518.7571421276996	0.00037059878128393406
717.3083896337947	0.00026801716439776965
991.8539602725481	0.00019383004957173043
1371.4802346178917	0.00014017788948883552
1896.4062344729482	0.00010137663301295046
2622.2445758759686	7.331556111948658e-05
145	89
0.0007508561109719085	499.99999999999926
0.000764754587750775	447.16763390105075
0.0007789103277441909	400.86772807487125
0.0007933280929388557	360.28381440977626
0.0008080127334666666	324.6997258678148
0.0008229691892363062	293.4882624639721
0.0008382024915950206	266.1007594417995
0.0008537177650211662	242.05759588047832
0.0008695202288480824	220.93965037078445
0.0008856151990198735	202.38068235770382
0.0009020080898796903	186.0605952598817
0.0009187044159911136	171.69952123483915
0.0009357097939932547	159.0526572230031
0.0009530299444901848	147.90577686919517
0.0009706706939753508	138.07134203427066
0.000988637976791602	129.38513979811185
0.001006937837127503	121.70337516145408
0.0010255764310505967	114.90015530149316
0.001044560028578303	108.86530763798243
0.001063895015787151	103.50248070100581
0.0010835878969610551	98.72748356457771
0.0011036452967793508	94.46682621380417
0.0011240739625453366	90.65642949141093
0.0011448807664560653	87.24047909372872
0.0011660727079141485	84.17040334285763
0.001187656915882353	81.40395904975165
0.0012096406512817814	78.90441361970734
0.0012320313094344483	76.63981458358309
0.0012548364225510571	74.58233995106013
0.001278063662264838	72.70772420999181
0.001301720842212283	70.99475552116597
0.0013258159206616493	69.42483980744352
0.0013503570031901191	67.98162716891692
0.001375352345410514	66.65069554530967
0.0014008103557484788	65.41928596338997
0.0014267395982710779	64.27608319941803
0.0014531487955677378	63.21103536792688
0.0014800468316845295	62.215205888435406
0.0015074427551127563	61.28065150560608
0.0015353457818328639	60.40032052945101
0.0015637652984146929	59.56796617147094
0.0015927108651751227	58.778070710158644
0.0016221922193941512	58.02577714619199
0.0016522192785905186	57.30682592719471
0.001682802143857956	56.61749516832662
0.0023301472976954866	47.08821005709736
0.0032265150414592563	39.43125693858362
0.004467700099070432	32.208204947543486
0.006186347783522647	25.56597955459436
0.008566129787148963	19.8051146446013
0.011861373155535274	15.055995442363876
0.016424240191401412	11.286657149071797
0.022742364001840737	8.374829900979963
0.0314909617957852	6.168094601709614
0.04360499527416485	4.51830554642001
0.06037908988586137	3.296816669645691
0.08360589130954212	2.3987107318602177
0.11576764530363963	1.7416693412863138
0.16030147504234182	1.2627157450978812
0.22196670609782765	0.9144854302350535
0.30735349504990833	0.6617730738368681
0.42558711880762795	0.4786261618357437
0.5893031919665239	0.3460244219627558
0.8159980335751389	0.25008587660492065
1.1298984968612176	0.18070874827835778
1.5645510904183846	0.1305576850078091
2.166407089954748	0.094314287920974
2.9997867811086527	0.06812675695118693
4.153753361424874	0.0492076686254242
5.751631114652724	0.03554100445702719
7.964185063624793	0.025669268122974244
11.027870609795523	0.018539063838041783
15.270103496445012	0.013389219782725498
21.14425069378514	0.009669806845287529
29.27808167807883	0.006983558228630822
40.540858087735934	0.005043512953095158
56.136231620684114	0.0036424001984685936
77.73087816126903	0.00263051532945804
107.63261525192503	0.001899735079169943
149.0370383045704	0.0013719697824758513
206.36903353698554	0.0009908217782417584
285.755665084787	0.0007155601982772113
395.68097368355717	0.0005167691074536269
547.8926651855297	0.000373204370198428
758.6575866146517	0.00026952357590850337
1050.500162350357	0.00019464654525029726
1454.6095769271703	0.00014057126981523532
2014.1729598158418	0.00010151877862217418
2788.9907892834003	7.33155611194865e-05
170	89
0.0007795260525380275	500.000000000001
0.0007932793402931193	455.7325093777098
0.0008072752792379418	416.38871545634856
0.0008215181505015547	381.3978061041645
0.00083601231074558	350.2554151084946
0.0008507621934968334	322.51628713141815
0.000865772310503467	297.7875687415982
0.0008810472531150405	275.7227253906177
0.0008965916936869393	256.0160703618131
0.0009124103870095723	238.39788011099745
0.000928508171762783	222.63006142402872
0.000944889971995925	208.50232947518015
0.0009615607986340457	195.82885199610152
0.0009785257510106498	184.44531304441676
0.0009957900184274983	174.20634992745565
0.001013358881741933	164.9833183207026
0.001031237714982205	156.66234317749473
0.0010494319869913007	149.14261635078392
0.0010679472630997732	142.33490567527613
0.001086789206828084	136.16024436464608
0.0011059635816189836	130.54877377356556
0.0011254762526004525	125.43871669684151
0.0011453331883797494	120.7754622915706
0.0011655404628691096	116.5107472994378
0.0011861042571436567	112.60192142432243
0.0012070308613320911	109.01128741939036
0.001228326676540739	105.70550861917776
0.0012499982168115453	102.65507830690001
0.0012720521111146124	99.8338464567349
0.001294495105375895	97.2186000852124
0.0013173340645406676	94.7886937595743
0.0013405759746734	92.52572683563655
0.0013642279450946791	90.41326383353045
0.0013882972105558338	88.43659410572532
0.001412791133451931	86.58252669699725
0.0014377172060738065	84.83921611220211
0.0014630830528998366	83.19601464447965
0.0014888964329281432	81.64334699973348
0.0015151652420499415	80.17260318596139
0.001541897515464767	78.77604600210061
0.0015691014301383098	77.44672993013316
0.001596785307303615	76.17842876759998
0.0016249576150064136	74.9655698941923
0.0016536269706953575	73.8031736070375
0.001682802143857956	72.68679645225686
0.002333224497661075	56.9692215445531
0.0032350425606216065	45.7187409459302
0.00448542366134261	36.24973683036179
0.006219091416796166	28.18364896949306
0.008622841669072274	21.516592366231052
0.011955668998381293	16.186810997556883
0.016576672364463585	12.04143051315404
0.022983746598870796	8.883160038080344
0.031867228603344525	6.5130535380467105
0.04418427841993837	4.753845649506413
0.061262009438930023	3.458425798465195
0.08494047961643242	2.5100024513959767
0.11777095043971493	1.8185149754177203
0.16329077525941485	1.3158735828515238
0.22640453511895145	0.9512984558733263
0.3139124879589493	0.6872806324169194
0.435243269507851	0.49630116605828645
0.603469791481047	0.3582676866155425
0.8367177961004838	0.25856071207418
1.160118833111862	0.1865691727416603
1.6085180848468537	0.13460502794677448
2.230228796768363	0.09710516035424287
3.0922378385372187	0.0700477539053662
4.287423274211476	0.05052718582963951
5.9445616062139175	0.0364452432296222
8.242202934015603	0.026287280859065936
11.427909020992098	0.01896018600993584
15.84492709504856	0.013675204696026922
21.969173379506692	0.009863271241667509
30.46051118339629	0.0071138574610736536
42.233848562519114	0.00513082507051311
58.55771604299505	0.0037005622859857435
81.19094576702035	0.002668991058718497
112.57217869807634	0.0019249777713396265
156.08261853724042	0.001388365270894945
216.4103430456041	0.001001339499110656
300.055425876532	0.0007222019450853814
416.0302937968834	0.0005208776741774087
576.8307800170935	0.0003756753297473592
799.782500784853	0.00027095021300293576
1108.9076219939568	0.00019541875224859246
1537.5131525253062	0.00014094280699614845
2131.7796426880213	0.0001016528489815254
2955.736955820461	7.331556111948646e-05
195	89
0.0008093697459175483	500.0000000000024
0.0008229465907047567	462.6292817556308
0.0008367511814823553	428.982787186238
0.0008507873385957156	398.6624648189542
0.0008650589464749317	371.31380716725664
0.0008795699547098165	346.6211991349186
0.0008943243791429278	324.303680823491
0.0009093263029809322	304.11111383424065
0.0009245798779246092	285.82073413169445
0.0009400893253178123	269.23406972024674
0.0009558589373157033	254.1741978411397
0.0009718930780725821	240.48331408988275
0.0009881961849496433	228.02058468384297
0.0010047727697429913	216.6602529366293
0.0010216274199322556	206.28997166024448
0.0010387647999501508	196.80933455240518
0.0010561896524733329	188.12858147298783
0.0010739067997349095	180.1674547184239
0.0010919211448589658	172.85418582742415
0.0011102376732174783	166.12459497228474
0.0011288614538099897	159.921287499776
0.0011477976406664254	154.1929345929116
0.0011670514742734438	148.89362725490204
0.0011866282830247155	143.98229481125102
0.0012065334846955217	139.4221808442919
0.0012267725879420994	135.1803708934483
0.0012473511938261247	131.22736736852613
0.0012682749973647876	127.53670794393703
0.0012895497891068461	124.08462425578196
0.001311181456735135	120.84973805052287
0.0013331759866959474	117.81279208195893
0.0013555394658557529	114.95641307521115
0.001378278083185704	112.26490402536984
0.0014013981314743998	109.72406302288547
0.0014249060090693823	107.32102573848871
0.0014488082216478424	105.04412868774891
0.0014731113840170322	102.8827904482344
0.001497822221944876	100.82740812798576
0.0015229475740212914	98.86926657985062
0.0015484943935507292	97.00045811113121
0.0015744697504764653	95.21381073532466
0.001600880833337167	93.50282333298587
0.0016277349512562839	91.8616064120043
0.001655039535964806	90.28482746574153
0.001682802143857956	88.76766020568624
0.002336136508922933	66.61891428859812
0.0032431226738342555	51.784236580615826
0.004502238904860512	40.14005141922291
0.006250196861185872	30.709049552445645
0.008676785401459719	23.173390505348138
0.01204547737856374	17.285072136200014
0.016722036856308728	12.776462787148033
0.023214232847373374	9.379234308180084
0.032226971589813115	6.850210815446001
0.04473883348542931	4.9842955044722705
0.062108324887395296	3.6166366387417717
0.08622138128779218	2.618979041782309
0.11969613742848798	1.8937564723885802
0.1661671977566428	1.3679049172561328
0.2306802725926862	0.987312401750391
0.320240028608828	0.7122173400764428
0.44457063783890494	0.5135664877588763
0.6171716037095132	0.37021617521814476
0.8567835030153198	0.26682323610515746
1.1894227903990122	0.19227671260580317
1.6512065992653429	0.13854240485766683
2.2922742488756005	0.09981708409448162
3.1822312449550805	0.0719122082525207
4.417706869645127	0.05180632470388311
6.132845944822367	0.037320742014142046
8.513873937938614	0.02688491251439485
11.81931685277478	0.01936691332462598
16.4080713297605	0.013951067907635954
22.77837273643307	0.010049653398309703
31.621892304843485	0.007239228020905008
43.89883704641261	0.005214727967506972
60.94220660324962	0.0037563822854143002
84.60252698144475	0.002705870393531068
117.44877598942115	0.0019491422519206855
163.0473163578032	0.0014040403990061622
226.34912239422715	0.0010113822533996902
314.2273442649316	0.0007285356464583156
436.2235772746707	0.000524790669958126
605.5838641778797	0.0003780256562611334
840.6969170345842	0.0002723054630014861
1167.0907171064446	0.00019615137908904494
1620.2042785652397	0.0001412948489657556
2249.235527114283	0.00010177972160075372
3122.483086461843	7.33155611194865e-05
220	89
0.0008402714353800852	500.0000000000008
0.0008536393991492859	468.2083682378706
0.0008672200352143792	439.24687677685426
0.00088101672700056	412.837970670874
0.0008950329117602809	388.73239991019824
0.0009092720814295939	366.70632888588796
0.0009237377834981146	346.55870894098473
0.0009384336218928337	328.1089021013032
0.000953363257875984	311.19454164321047
0.0009685304109571885	295.6696133690219
0.0009839388598201302	281.4027403123028
0.0009995924432639554	268.2756530426963
0.0010154950611596535	256.18182771815276
0.0010316506754216614	245.0252744638443
0.001048063310994916	234.71945945738418
0.0010647370568576098	225.18634518373608
0.0010816760670399083	216.35553460835055
0.0010988845616588655	208.16350642669775
0.0011163668279698046	200.552930013555
0.0011341272214344333	193.47205015554306
0.001152170166805939	186.87413305438275
0.0011705001592313613	180.71696639446284
0.00118912176537149	174.96240744499733
0.0012080396245385866	169.57597419227264
0.0012272584498522019	164.52647535934986
0.001246783029413388	159.7856758663322
0.00126661822749758	155.32799482011828
0.0012867689857664693	151.13023351211507
0.001307240324499146	147.1713311656333
0.0013280373438428275	143.43214633581937
0.001349165225083496	139.89526195049407
0.0013706292319367389	136.5448120168487
0.0013924347118591282	133.3663280314513
0.001414587097380469	130.3466031408746
0.0014370919074572369	127.47357212431267
0.0014599547488475429	124.73620531925005
0.001483181317507988	122.12441469275247
0.0015067774000127262	119.62897037527448
0.001530748874995104	117.24142611786017
0.0015551017146122486	114.95405230087981
0.0015798419860329426	112.759775304567
0.0016049758529491696	110.65212223935194
0.0016305095771117215	108.6251702182611
0.001656449519890219	106.6734995264184
0.001682802143857956	104.79215019752637
0.0023389003426751353	76.07842898516567
0.0032508009530011783	57.68515595754438
0.004518237328550076	43.919081990944186
0.006279827295564327	33.16502218400179
0.00872823359962148	24.787815698389647
0.01213123517319841	18.357370309431897
0.01686101376042781	13.495340856123704
0.02343485893814238	9.865052037157922
0.03257174338707718	7.180711134286112
0.04527095597519744	5.2103290392854245
0.06292139264861663	3.7718574087023504
0.08745345812910278	2.7258949279156877
0.12155019170426588	1.967556871933499
0.1689407076565579	1.41891697890575
0.23480804351949774	1.0225994490642316
0.3263560219810302	0.7366327520458621
0.45359712336446617	0.530456694167938
0.6304475372496066	0.38189429594605745
0.8762491575695696	0.27489083633693007
1.2178849797574647	0.19784382823709107
1.692719258107908	0.1423787772087194
2.352683984443254	0.10245651514737814
3.2699586208068836	0.0737247719516965
4.544864270974154	0.05304843399595694
6.31683566579216	0.03816990679570328
8.779670953753483	0.027463887053709186
12.202727146063282	0.019760476888347752
16.960379333761818	0.014217685055787811
23.572965592195146	0.010229573256021923
32.76369566243447	0.007360106516176076
45.53774743624311	0.005295527301615932
63.29220192167341	0.00381007272187037
87.9688401298836	0.0027412999437706137
122.26651307492388	0.001972328732456675
169.9363115101736	0.0014190629183098102
236.19181772188398	0.001020995241802846
328.27930807141166	0.0007345909617946824
456.27026857780777	0.0005285271435558395
634.1628999132001	0.00038026723450591956
881.4130819434224	0.0002735964388916786
1225.0622373641525	0.0001968484138449185
1702.6948160408592	0.00014162938187388025
2366.548856170996	0.00010190013783113465
3289.229188861196	7.331556111948649e-05
245	89
0.0008720924828858144	500.0000000000012
0.0008852185564299609	472.7474622666568
0.0008985421936615228	447.65715551559157
0.0009120663681590381	424.53517220963477
0.000925794098257092	403.20592140585273
0.0009397284477199464	383.5103640340625
0.0009538725264253165	365.3044083606374
0.0009682294910584332	348.4574561228038
0.0009828025458165587	332.8510890264839
0.0009975949431240945	318.37788483521007
0.0010126099843584657	304.9403521138582
0.0010278510205869208	292.4499727945502
0.0010433214533144273	280.82634206212174
0.0010590247352428232	269.9963955697373
0.00107496437104139	259.8937146476478
0.001091143918129028	250.45790091742643
0.0011075669874682052	241.6340125312245
0.001124237244370855	233.37205508526037
0.0011411584093163998	225.62652107835558
0.0011583342587820915	218.3559725740119
0.001175768626085849	211.5226624577693
0.001193465402241783	205.09219034481953
0.0012114285368285892	199.0331897757794
0.001229662038871023	193.31704383566947
0.0012481699777346336	187.91762674172375
0.0012669564840339727	182.81106927300132
0.00128602575055446	177.9755461658813
0.0013053820331881381	173.39108378411555
0.0013250296518835035	169.0393865020059
0.001344972991609634	164.90368032712823
0.001365216503334835	160.96857234781515
0.0013857647050200016	157.21992463236728
0.0014066221826269454	153.64474124235392
0.0014277935911418903	150.23106705999376
0.0014492836556143794	146.96789717574578
0.0014710971722118095	143.84509564071178
0.001493239009289846	140.85332246077496
0.0015157141084789457	137.98396779503028
0.0015385274857872314	135.22909241781267
0.0015616842327199737	132.58137360818264
0.0015851895174159092	130.03405573910408
0.0016090485858006732	127.58090494655679
0.001633266762757587	125.2161673625665
0.0016578494533160757	122.93453049217754
0.001682802143857956	120.7310874001225
0.0023415305023527177	85.38272842665003
0.0032581162993282776	63.46066623977918
0.004533497133299158	47.61296348391353
0.006308122353357671	35.56652017694043
0.008777419827322715	26.368060442156978
0.012213317134546334	19.40819687554653
0.016994187171573544	14.200571557180337
0.023646515884335348	10.342046442222514
0.03290288072167618	7.505395580145918
0.045782624598071066	5.432453373500963
0.06370410946136522	3.924402386626822
0.08864091121671042	2.8309502604144363
0.12333915673201463	2.040047008032274
0.17161993682773224	1.4689973517604953
0.23880009801550486	1.0572194540193816
0.33227775202746707	0.7605684785929747
0.4623469814709128	0.5470011002710168
0.6433314598131575	0.39332290685637594
0.8951618238506134	0.28277845582228617
1.245570504374653	0.2032812716918686
1.7331457173792946	0.1461218993951533
2.411580931886519	0.10502904994079285
3.35558778048545	0.07548948176314296
4.66912356274723	0.0542564209517146
6.496839382651327	0.038994826431386166
9.040009628516701	0.02802570078855677
12.578697004869555	0.02014194468295212
17.50259400622736	0.014475815226621955
24.35393720257619	0.010403567794120548
33.88722020610178	0.007476870777932062
47.15228111762412	0.005373487318565022
65.60991432974213	0.0038618171335591906
91.29273825836506	0.0027754061845704833
127.0290343136788	0.00199462356489462
176.75420703231293	0.0014334911432038137
245.9441644378267	0.0010302173237979968
342.21834397391535	0.0007403933596015939
476.17879131201937	0.0005321034327423198
662.5776942940827	0.0003824102456690135
921.9419448868279	0.0002748292267720962
1282.833631529481	0.0001975132647335186
1784.995395111487	0.00014194810104125425
2483.7270260605815	0.0001020147297037918
3455.9752685515655	7.331556111948653e-05
270	89
0.000904677340334517	499.99999999999943
0.0009175285923228917	476.46437623630055
0.0009305624007546582	454.59008125744106
0.0009437813589067249	434.24121978713
0.0009571880968943881	415.29373743544124
0.0009707852821946346	397.6343567189926
0.0009845756201768755	381.1596069203227
0.0009985618546412257	365.774941321877
0.0010127467683644189	351.3939352219029
0.0010271331836534884	337.9375581562224
0.0010417239629073067	325.3335138923979
0.0010565220091861044	313.5156420097404
0.0010715302667890793	302.4233752082844
0.0010867517218402082	292.0012468804749
0.0011021894028823843	282.1984439105856
0.0011178463814799915	272.9684001198709
0.001133725772830039	264.26842623372914
0.0011498307363819783	256.0593726961153
0.0011661644764663262	248.30532208450003
0.0011827302429322113	240.97330827630296
0.001199531331793985	234.03305987820525
0.0012165710858870133	227.45676574869785
0.0012338528955327856	221.21886071949646
0.0012513801992134707	215.29582985320263
0.0012691564842560563	209.6660297646653
0.001287185287526207	204.30952568545356
0.001305470196131977	199.20794306937077
0.0013240148481375212	194.3443326276025
0.0013428229332869425	189.70304775081837
0.0013618981937384288	185.2696333283719
0.0013812444248088049	181.03072501728755
0.0014008654757286742	176.97395805101442
0.0014207652504082816	173.08788471412709
0.0014409477082142565	169.3618996473945
0.0014614168647573893	165.78617219001913
0.0014821767926915996	162.35158501342983
0.001503231622524253	159.04967835392495
0.001524585543437989	155.87259920905626
0.001546242804124223	152.8130549237184
0.001568207713628493	149.8642706548178
0.0015904846422078035	147.0199502664028
0.00161307802220016	144.27424026839967
0.0016359923489064508	141.62169647004094
0.0016592321814848543	139.05725307227564
0.001682802143857956	136.57619397091386
0.002344039454286735	94.56117734073155
0.003265102188814805	69.13821436629087
0.004548085691948053	51.23933335677365
0.006335202473038386	37.92368556569831
0.008824545774378538	27.919798125560856
0.012292047247979148	20.440743312747326
0.01712206264318373	14.893983280557764
0.023849975780503546	10.811289038778964
0.03322154325589112	7.824907651799002
0.04627555794858516	5.651064931450762
0.06445899418212994	4.074522210342389
0.08978739782215622	2.9343076111067354
0.12506829977668385	2.111334903933976
0.1742124172037266	1.5182193801397228
0.24266713757328426	1.0912231360742033
0.33802033519314284	0.7840601143647632
0.4708414503367984	0.5632249681896196
0.6558530605224882	0.40452008173527676
0.9135628069470679	0.29049909461612816
1.2725365672184565	0.20859842279796104
1.7725648445777418	0.14977854832797458
2.4690733525251423	0.1075395846282467
3.4392666868003943	0.07720987110066548
4.790686081010026	0.055432830514907064
6.673129831677762	0.039797329036503064
9.295257714118287	0.02857166264062261
12.947719908238692	0.02051225034247361
18.035374163706265	0.014726121504554494
25.12216232125243	0.010572105673228015
34.993620535214795	0.00758985025696825
48.74395215282419	0.005448838199464352
67.89731485731281	0.003911775233243367
94.57676616741007	0.002808299056178894
131.7395940838382	0.0020161017304296154
183.50511814554835	0.0014473756535125827
255.61129605562377	0.0010390821671448858
356.05074851053	0.0007459648809285046
495.9567025055164	0.0005355336606139039
690.8370556420026	0.0003844634808134144
962.2933514902992	0.0002760090757559775
1340.4152061036796	0.0001981488678950277
1867.1155962694836	0.00014225246529160263
2600.7767100510664	0.00010212404045652115
3622.7213296587834	7.331556111948654e-05
295	89
0.0009378601381500903	499.9999999999991
0.0009504043554081575	479.52972880642506
0.0009631163560917236	460.34332696530186
0.0009759983843645575	442.34521297798517
0.000989052714406925	425.44747056119655
0.0010022816508170743	409.5692112858008
0.0010156875290180856	394.6359905197909
0.001029272715670163	380.5792727491431
0.0010430396090884448	367.33594242214156
0.0010569906396663987	354.84785658934993
0.0010711282703048774	343.0614357821161
0.0010854549968469236	331.9272897767755
0.0010999733485183788	321.3998751196337
0.0011146858883743908	311.43718152985053
0.0011295952137518953	302.0004445452875
0.0011447039567281415	293.0538820227547
0.0011600147845853641	284.5644523427458
0.001175530400281657	276.5016323946611
0.001191253542928152	268.83721362777277
0.0012071869882725812	261.5451146431435
0.0012233335491893013	254.60120897070757
0.0012396960761758755	247.98316682315718
0.0012562774578563014	241.6703097444964
0.0012730806214909624	235.64347717720807
0.0012901085334934043	229.88490405968477
0.0013073641999540241	224.37810863714896
0.0013248506671707575	219.10778972729605
0.0013425710221868755	214.05973272902577
0.001360528393335965	209.22072370161763
0.001378725950794201	204.57847087505854
0.0013971669071400075	200.12153298223592
0.0014158545179212031	195.83925383228362
0.001434792082229728	191.72170257294968
0.00145398294328407	187.75961911951606
0.0014734304890194668	183.94436425912895
0.0014931381526860105	180.2678739725593
0.0015131094134547523	176.72261755030607
0.0015333477970319051	173.30155911611203
0.0015538568762812769	169.9981222077884
0.0015746402718550148	166.80615710202449
0.0015957016528327936	163.7199106057953
0.0016170447373695502	160.7339980713799
0.0016386732933518847	157.84337742419285
0.0016605911390632341	155.0433250220823
0.001682802143857956	152.329413191098
0.0023464379927787215	103.63741432803569
0.0032717876394743692	74.73725548806577
0.004562061469666444	54.81040038125787
0.00636117228450645	40.243631943645624
0.008869786850138959	29.44711003794372
0.012367707593538646	21.457368851981492
0.017245080823658925	15.576962476791968
0.02404591233786104	11.273611156070968
0.03352874399793152	8.1397569756345
0.046751258936795555	5.866483571705129
0.0651882519759806	4.222422557856501
0.09089612327721436	3.0361024256725475
0.12674224229652345	2.1815117576535688
0.17672476452444502	1.566645681753415
0.24641857229534936	1.1246541945987807
0.3435970784031183	0.8071385489435982
0.4790992464060582	0.5791503410647423
0.668038532148269	0.41550165467195843
0.9314885877665833	0.29806417389265566
1.298833745935492	0.21380353758512857
1.8110464494531773	0.1533546957418346
2.5252571796358714	0.10999243611921398
3.5211265979555333	0.07888905582437677
4.9097306281563355	0.05657990651282095
6.845949491010273	0.04057902577507905
9.545742522958522	0.02910292552721092
13.310235553778734	0.02087221564110203
18.559307468327532	0.014969187057420617
25.878422084433343	0.01073559870681521
36.083928817007624	0.007699334172033452
50.31411554470696	0.005521781818959081
70.15616940949411	0.0039600869521904235
97.82320632944979	0.0028400747829562226
136.4011145009736	0.0020368287871711933
190.19274398396544	0.001460760625757945
265.1978321180958	0.0010476191459265923
369.7821940361031	0.0007513247352305612
515.6108175321075	0.0005388301225780549
718.9489365466105	0.0003864345850316938
1002.4762006264817	0.00027714054573170326
1397.8162867167064	0.00019875777116188376
1949.0640976707791	0.00014254373913368426
2717.7039593323207	0.00010222854045246682
3789.467375340345	7.33155611194865e-05
