# Table format: T1D
# table_unit = barA
# axis1_unit = kJ/kg
# axis2_unit = null
# This file was automatically generated by generate_data_files.py
0.1	97
348.73624288332394	29.238020692991597
347.3431228052161	29.19496980601323
346.1635095253395	29.123859835489494
345.08043625324825	29.02519338727524
344.0376656831587	28.89946493951885
343.00531685502455	28.747175642354836
341.9661033818226	28.5688404041752
340.90935588939595	28.364993291613544
339.8281517503049	28.136192230548897
338.7178141188553	27.88302303339893
337.5750722260826	27.60610265551925
336.39756647203956	27.3060816178554
335.18354484723676	26.983645586011196
333.93167093409943	26.63951613847238
332.6408996011065	26.274450785299223
331.31039507800153	25.889242316199304
329.93947624675843	25.484717567061583
328.52757977260103	25.06173569963916
327.0742351217448	24.621186091549465
325.579047593893	24.163985933579035
324.04168679405734	23.691077628181432
322.46187879389	23.203426076835818
320.83940077119985	22.702015934404564
319.1740772771971	22.187848896166678
317.4657775304682	21.661941068621314
315.7144133147813	21.125320459478758
313.91993718841246	20.579024606748074
312.0823408101271	20.024098352630986
310.20165325989996	19.461591755874284
308.27793928648526	18.89255812690587
306.31129745293265	18.31805216364416
304.3018581781977	17.739128162199652
302.2497816905937	17.156838275462466
300.15525577764316	16.572230792871217
298.0184937552302	15.986348416983969
295.8397324779176	15.400226518859547
293.61923010441797	14.814891352024805
291.35726405142015	14.231358212116486
289.0541290312221	13.650629532936204
286.71013519219804	13.073692912940578
284.3256063762831	12.50151906937615
281.900878502908	11.935059720076637
279.43629808432433	11.37524539536697
276.932220873129	10.822983184498314
274.38901063914403	10.279154422717157
271.80703806964425	9.744612326416577
269.1866797843061	9.220179584952843
266.52831745416927	8.706645918634827
263.83233701237907	8.204765613217111
261.09912794351897	7.715255041959544
258.3290826379383	7.238790187071659
255.52256365813062	6.775969201609085
252.68007460922382	6.327498274793238
249.80188458008973	5.893772269580507
246.88845630572428	5.4753565829294395
243.94017770498746	5.072675521817998
240.95744717912942	4.686112336125577
237.94066242506673	4.3159936950605555
234.89022000308043	3.9625877450585474
231.8065149458167	3.626102324490107
228.68994042656155	3.306683362546833
225.54088750629714	3.004413492616105
222.35974497704106	2.7193109139458045
219.14689931232633	2.451328538730878
215.90273472440157	2.200353465395014
212.62763331256744	1.9662068216471926
209.32197276674975	1.7486439957440072
205.98612792552572	1.5473553834956337
202.62047370594757	1.3619676523636226
199.22538311700873	1.1920455067134812
195.80122722724695	1.0370940786110967
192.34837512894293	0.8965619559816348
188.86738145607796	0.7698632066093727
185.3580495394829	0.6562901280478296
181.82130659620617	0.5552016144747477
178.25733070445617	0.46584567674648386
174.66649000715606	0.38745756351281285
171.0491578926541	0.3192485687387625
167.40571614097354	0.2604137569838204
163.73655848221293	0.21014018806804172
160.0420944633947	0.16761551762675364
156.3227535432213	0.13203681628083375
152.5789893382548	0.1026194171177593
148.81128391296403	0.07860557167138861
145.02015194499324	0.059272671075975294
141.20614451968422	0.04394077414998915
137.36985223309884	0.031979181311498565
133.51190721972276	0.022811805265661133
129.63298365895756	0.015921118563004412
125.73379627076403	0.010850506776162363
121.81509628023736	0.00720492319473104
117.87725262186878	0.00465045147555175
113.92244398398186	0.0029079189874734656
109.9498059823614	0.00175771915066636
97.93722824340688	0.00030385773275576924
93.9036098678189	0.0001536398693986398
89.8561870777408	7.331556111948651e-05
0.2	97
349.24585284064835	29.238020692991597
348.2707567478232	29.19496980601323
347.4325032056529	29.123859835489494
346.64500512014916	29.02519338727524
345.86915961554996	28.89946493951885
345.0844119426541	28.747175642354836
344.27899232902024	28.5688404041752
343.4457521547425	28.364993291613544
342.5801543574572	28.136192230548897
341.67921515543605	27.88302303339893
340.74090924997836	27.60610265551925
339.7638188387137	27.3060816178554
338.74691891065305	26.983645586011196
337.68944246408114	26.63951613847238
336.5907944190992	26.274450785299223
335.45049612744384	25.889242316199304
334.2681496023139	25.484717567061583
333.0434147240432	25.06173569963916
331.7759951172453	24.621186091549465
330.4656298695778	24.163985933579035
329.112089172392	23.691077628181432
327.7151725391233	23.203426076835818
326.2747086347161	22.702015934404564
324.7905560097064	22.187848896166678
323.2626042234516	21.661941068621314
321.6907749891654	21.125320459478758
320.07502309264385	20.579024606748074
318.41533693337664	20.024098352630986
316.7117386139261	19.461591755874284
314.96428356255956	18.89255812690587
313.17305971660016	18.31805216364416
311.3381863218157	17.739128162199652
309.45981241874136	17.156838275462466
307.5381149617387	16.572230792871217
305.5732969992561	15.986348416983969
303.56558581431824	15.400226518859547
301.5152307804254	14.814891352024805
299.42250135478145	14.231358212116486
297.28768513643536	13.650629532936204
295.1110860212051	13.073692912940578
292.89302247617195	12.50151906937615
290.63382594843046	11.935059720076637
288.33383941570776	11.37524539536697
285.9934160804179	10.822983184498314
283.61291820367273	10.279154422717157
281.19271607162136	9.744612326416577
278.7331870831996	9.220179584952843
276.23471494584606	8.706645918634827
273.6976889639674	8.204765613217111
271.12250340389755	7.715255041959544
268.50955691881614	7.238790187071659
265.8592279795427	6.775969201609085
263.17200206954533	6.327498274793238
260.448193292593	5.893772269580507
257.68825933696587	5.4753565829294395
254.89260576613276	5.072675521817998
252.06164713508767	4.686112336125577
249.19579906337242	4.3159936950605555
246.295477863879	3.9625877450585474
243.36110025265208	3.626102324490107
240.3930831761814	3.306683362546833
237.39184379371193	3.004413492616105
234.35779964585868	2.7193109139458045
231.29136902517558	2.451328538730878
228.1929715391357	2.200353465395014
225.06302882285948	1.9662068216471926
221.90196219692584	1.7486439957440072
218.71019497758272	1.5473553834956337
215.48815649293806	1.3619676523636226
212.23627982928485	1.1920455067134812
208.9550018024005	1.0370940786110967
205.64476276127488	0.8965619559816348
202.30624672077982	0.7698632066093727
198.93918002596587	0.6562901280478296
195.54473507465343	0.5552016144747477
192.1231289333148	0.46584567674648386
188.67482731422177	0.38745756351281285
185.2003075977115	0.3192485687387625
181.70006277051334	0.2604137569838204
178.17460573779923	0.21014018806804172
174.62447380328263	0.16761551762675364
171.05023318542405	0.13203681628083375
167.452483483004	0.1026194171177593
163.83186199009322	0.07860557167138861
160.18904770075648	0.059272671075975294
156.52476476750334	0.04394077414998915
152.83978512376135	0.031979181311498565
149.13492996867166	0.022811805265661133
145.41106982198733	0.015921118563004412
141.6691229224028	0.010850506776162363
137.91005185098305	0.00720492319473104
134.1341951265094	0.00465045147555175
130.34481313175428	0.0029079189874734656
126.54026793046633	0.00175771915066636
115.05405247975136	0.00030385773275576924
111.20463041625044	0.0001536398693986398
107.34688650917127	7.331556111948651e-05
0.3	97
349.7554627979728	29.238020692991597
349.1983906904303	29.19496980601323
348.7014968859662	29.123859835489494
348.20957398705	29.02519338727524
347.7006535479412	28.89946493951885
347.1635070302836	28.747175642354836
346.5918812762179	28.5688404041752
345.98214842008906	28.364993291613544
345.33215696460957	28.136192230548897
344.640616192017	27.88302303339893
343.90674627387415	27.60610265551925
343.1300712053878	27.3060816178554
342.31029297406917	26.983645586011196
341.44721399406296	26.63951613847238
340.54068923709184	26.274450785299223
339.59059717688604	25.889242316199304
338.59682295786934	25.484717567061583
337.5592496754855	25.06173569963916
336.47775511274574	24.621186091549465
335.35221214526257	24.163985933579035
334.18249155072675	23.691077628181432
332.9684662843566	23.203426076835818
331.7100164982324	22.702015934404564
330.40703474221567	22.187848896166678
329.059430916435	21.661941068621314
327.66713666354946	21.125320459478758
326.2301089968752	20.579024606748074
324.74833305662617	20.024098352630986
323.2218239679523	19.461591755874284
321.6506278386339	18.89255812690587
320.03482198026774	18.31805216364416
318.37451446543366	17.739128162199652
316.66984314688904	17.156838275462466
314.92097414583424	16.572230792871217
313.1281002432821	15.986348416983969
311.2914391507188	15.400226518859547
309.41123145643286	14.814891352024805
307.48773865814275	14.231358212116486
305.5212412416487	13.650629532936204
303.5120368502122	13.073692912940578
301.46043857606077	12.50151906937615
299.366773393953	11.935059720076637
297.23138074709107	11.37524539536697
295.0546112877066	10.822983184498314
292.8368257682014	10.279154422717157
290.57839407359836	9.744612326416577
288.27969438209317	9.220179584952843
285.94111243752286	8.706645918634827
283.5630409155557	8.204765613217111
281.1458788642761	7.715255041959544
278.690031199694	7.238790187071659
276.19589230095465	6.775969201609085
273.66392952986683	6.327498274793238
271.0945020050962	5.893772269580507
268.48806236820735	5.4753565829294395
265.8450338272781	5.072675521817998
263.16584709104586	4.686112336125577
260.4509357016781	4.3159936950605555
257.70073572467754	3.9625877450585474
254.91568555948746	3.626102324490107
252.09622592580124	3.306683362546833
249.2428000811267	3.004413492616105
246.3558543146763	2.7193109139458045
243.43583873802476	2.451328538730878
240.48320835386994	2.200353465395014
237.49842433315158	1.9662068216471926
234.48195162710186	1.7486439957440072
231.43426202963977	1.5473553834956337
228.35583927992852	1.3619676523636226
225.247176541561	1.1920455067134812
222.10877637755402	1.0370940786110967
218.94115039360685	0.8965619559816348
215.74511198548166	0.7698632066093727
212.5203105124489	0.6562901280478296
209.26816355310072	0.5552016144747477
205.9889271621735	0.46584567674648386
202.68316462128743	0.38745756351281285
199.35145730276884	0.3192485687387625
195.99440940005317	0.2604137569838204
192.61265299338547	0.21014018806804172
189.20685314317058	0.16761551762675364
185.77771282762683	0.13203681628083375
182.32597762775322	0.1026194171177593
178.85244006722243	0.07860557167138861
175.35794345651965	0.059272671075975294
171.8433850153224	0.04394077414998915
168.30971801442385	0.031979181311498565
164.75795271762058	0.022811805265661133
161.18915598501715	0.015921118563004412
157.60444957404158	0.010850506776162363
154.00500742172875	0.00720492319473104
150.39113763115	0.00465045147555175
146.76718227952662	0.0029079189874734656
143.1307298785713	0.00175771915066636
132.17087671609585	0.00030385773275576924
128.50565096468196	0.0001536398693986398
124.83758594060174	7.331556111948651e-05
0.4	97
350.26507275529724	29.238020692991597
350.1260246330374	29.19496980601323
349.9704905662796	29.123859835489494
349.77414285395105	29.02519338727524
349.5321474803325	28.89946493951885
349.2426021179132	28.747175642354836
348.9047702234156	28.5688404041752
348.5185446854356	28.364993291613544
348.084159571762	28.136192230548897
347.60201722859784	27.88302303339893
347.0725832977699	27.60610265551925
346.496323572062	27.3060816178554
345.87366703748546	26.983645586011196
345.2049855240448	26.63951613847238
344.49058405508464	26.274450785299223
343.7306982263283	25.889242316199304
342.9254963134248	25.484717567061583
342.0750846269278	25.06173569963916
341.1795151082462	24.621186091549465
340.2387944209474	24.163985933579035
339.25289392906154	23.691077628181432
338.22176002958986	23.203426076835818
337.14532436174864	22.702015934404564
336.0235134747249	22.187848896166678
334.85625760941844	21.661941068621314
333.64349833793347	21.125320459478758
332.3851949011065	20.579024606748074
331.08132917987575	20.024098352630986
329.7319093219785	19.461591755874284
328.33697211470826	18.89255812690587
326.8965842439354	18.31805216364416
325.41084260905166	17.739128162199652
323.8798738750367	17.156838275462466
322.3038333299297	16.572230792871217
320.682903487308	15.986348416983969
319.01729248711933	15.400226518859547
317.3072321324403	14.814891352024805
315.5529759615041	14.231358212116486
313.75479734686195	13.650629532936204
311.91298767921927	13.073692912940578
310.0278546759495	12.50151906937615
308.0997208394756	11.935059720076637
306.12892207847455	11.37524539536697
304.1158064949955	10.822983184498314
302.06073333273	10.279154422717157
299.9640720755755	9.744612326416577
297.8262016809867	9.220179584952843
295.64750992919966	8.706645918634827
293.42839286714394	8.204765613217111
291.1692543246547	7.715255041959544
288.87050548057175	7.238790187071659
286.53255662236677	6.775969201609085
284.1558569901883	6.327498274793238
281.74081071759946	5.893772269580507
279.28786539944895	5.4753565829294395
276.7974618884234	5.072675521817998
274.2700470470041	4.686112336125577
271.7060723399838	4.3159936950605555
269.1059935854761	3.9625877450585474
266.47027086632283	3.626102324490107
263.79936867542114	3.306683362546833
261.09375636854145	3.004413492616105
258.3539089834939	2.7193109139458045
255.58030845087393	2.451328538730878
252.77344516860413	2.200353465395014
249.93381984344367	1.9662068216471926
247.06194105727792	1.7486439957440072
244.1583290816968	1.5473553834956337
241.223522066919	1.3619676523636226
238.25807325383718	1.1920455067134812
235.26255095270756	1.0370940786110967
232.2375380259388	0.8965619559816348
229.18397725018355	0.7698632066093727
226.1014409989319	0.6562901280478296
222.99159203154804	0.5552016144747477
219.85472539103216	0.46584567674648386
216.6915019283531	0.38745756351281285
213.50260700782619	0.3192485687387625
210.288756029593	0.2604137569838204
207.05070024897174	0.21014018806804172
203.78923248305853	0.16761551762675364
200.50519246982958	0.13203681628083375
197.19947177250248	0.1026194171177593
193.87301814435168	0.07860557167138861
190.5268392122829	0.059272671075975294
187.1620052631415	0.04394077414998915
183.77965090508636	0.031979181311498565
180.3809754665695	0.022811805265661133
176.96724214804698	0.015921118563004412
173.53977622568033	0.010850506776162363
170.0999629924745	0.00720492319473104
166.64808013579068	0.00465045147555175
163.18955142729908	0.0029079189874734656
159.7211918266762	0.00175771915066636
149.2877009524403	0.00030385773275576924
145.80667151311354	0.0001536398693986398
142.3282853720322	7.331556111948651e-05
0.5	97
350.7746827126217	29.238020692991597
351.0536585756445	29.19496980601323
351.239484246593	29.123859835489494
351.3387117208519	29.02519338727524
351.36364141272384	28.89946493951885
351.3216972055427	28.747175642354836
351.2176591706133	28.5688404041752
351.05494095078217	28.364993291613544
350.8361621789143	28.136192230548897
350.56341826517877	27.88302303339893
350.2384203216657	27.60610265551925
349.86257593873614	27.3060816178554
349.43704110090164	26.983645586011196
348.9627570540266	26.63951613847238
348.44047887307727	26.274450785299223
347.87079927577054	25.889242316199304
347.2541696689802	25.484717567061583
346.59091957837	25.06173569963916
345.8812751037467	24.621186091549465
345.1253766966322	24.163985933579035
344.3232963073962	23.691077628181432
343.47505377482315	23.203426076835818
342.58063222526494	22.702015934404564
341.63999220723423	22.187848896166678
340.6530843024018	21.661941068621314
339.61986001231753	21.125320459478758
338.54028080533783	20.579024606748074
337.4143253031253	20.024098352630986
336.24199467600465	19.461591755874284
335.0233163907826	18.89255812690587
333.75834650760294	18.31805216364416
332.4471707526697	17.739128162199652
331.08990460318444	17.156838275462466
329.6866925140253	16.572230792871217
328.2377067313339	15.986348416983969
326.74314582351997	15.400226518859547
325.20323280844775	14.814891352024805
323.61821326486535	14.231358212116486
321.9883534520753	13.650629532936204
320.31393850822633	13.073692912940578
318.5952707758384	12.50151906937615
316.832668284998	11.935059720076637
315.0264634098579	11.37524539536697
313.1770017022844	10.822983184498314
311.28464089725867	10.279154422717157
309.34975007755264	9.744612326416577
307.3727089798802	9.220179584952843
305.3539074208764	8.706645918634827
303.29374481873225	8.204765613217111
301.19262978503326	7.715255041959544
299.0509797614496	7.238790187071659
296.86922094377877	6.775969201609085
294.64778445050985	6.327498274793238
292.38711943010276	5.893772269580507
290.08766843069054	5.4753565829294395
287.74988994956874	5.072675521817998
285.37424700296236	4.686112336125577
282.9612089782895	4.3159936950605555
280.51125144627457	3.9625877450585474
278.02485617315824	3.626102324490107
275.50251142504095	3.306683362546833
272.9447126559562	3.004413492616105
270.3519636523116	2.7193109139458045
267.7247781637231	2.451328538730878
265.06368198333826	2.200353465395014
262.3692153537358	1.9662068216471926
259.641930487454	1.7486439957440072
256.8823961337538	1.5473553834956337
254.09120485390946	1.3619676523636226
251.2689699661133	1.1920455067134812
248.4163255278611	1.0370940786110967
245.5339256582707	0.8965619559816348
242.62284251488538	0.7698632066093727
239.68257148541494	0.6562901280478296
236.7150205099953	0.5552016144747477
233.7205236198908	0.46584567674648386
230.69983923541878	0.38745756351281285
227.65375671288356	0.3192485687387625
224.58310265913283	0.2604137569838204
221.488747504558	0.21014018806804172
218.37161182294648	0.16761551762675364
215.23267211203236	0.13203681628083375
212.07296591725168	0.1026194171177593
208.89359622148086	0.07860557167138861
205.6957349680461	0.059272671075975294
202.48062551096058	0.04394077414998915
199.2495837957489	0.031979181311498565
196.0039982155184	0.022811805265661133
192.74532831107675	0.015921118563004412
189.47510287731913	0.010850506776162363
186.19491856322017	0.00720492319473104
182.9050226404313	0.00465045147555175
179.6119205750715	0.0029079189874734656
176.31165377478118	0.00175771915066636
166.40452518878482	0.00030385773275576924
163.10769206154507	0.0001536398693986398
159.81898480346266	7.331556111948651e-05
0.6	97
351.2842926699461	29.238020692991597
351.98129251825156	29.19496980601323
352.5084779269064	29.123859835489494
352.9032805877528	29.02519338727524
353.1951353451151	28.89946493951885
353.4007922931723	28.747175642354836
353.53054811781084	28.5688404041752
353.5913372161287	28.364993291613544
353.5881647860666	28.136192230548897
353.5248193017596	27.88302303339893
353.4042573455614	27.60610265551925
353.2288283054103	27.3060816178554
353.0004151643179	26.983645586011196
352.7205285840083	26.63951613847238
352.39037369107	26.274450785299223
352.0109003252128	25.889242316199304
351.58284302453563	25.484717567061583
351.10675452981224	25.06173569963916
350.5830350992472	24.621186091549465
350.01195897231696	24.163985933579035
349.3936986857309	23.691077628181432
348.72834752005645	23.203426076835818
348.0159400887811	22.702015934404564
347.25647093974345	22.187848896166678
346.4499109953852	21.661941068621314
345.59622168670165	21.125320459478758
344.69536670956916	20.579024606748074
343.7473214263748	20.024098352630986
342.7520800300308	19.461591755874284
341.7096606668569	18.89255812690587
340.6201087712706	18.31805216364416
339.4834988962877	17.739128162199652
338.29993533133216	17.156838275462466
337.0695516981208	16.572230792871217
335.7925099753599	15.986348416983969
334.4689991599205	15.400226518859547
333.0992334844552	14.814891352024805
331.6834505682267	14.231358212116486
330.2219095572886	13.650629532936204
328.7148893372334	13.073692912940578
327.16268687572716	12.50151906937615
325.56561573052056	11.935059720076637
323.9240047412413	11.37524539536697
322.2381969095732	10.822983184498314
320.5085484617873	10.279154422717157
318.73542807952964	9.744612326416577
316.91921627877366	9.220179584952843
315.0603049125532	8.706645918634827
313.15909677032056	8.204765613217111
311.21600524541185	7.715255041959544
309.2314540423274	7.238790187071659
307.2058852651908	6.775969201609085
305.13971191083135	6.327498274793238
303.03342814260594	5.893772269580507
300.8874714619321	5.4753565829294395
298.702318010714	5.072675521817998
296.4784469589206	4.686112336125577
294.21634561659516	4.3159936950605555
291.91650930707317	3.9625877450585474
289.57944147999365	3.626102324490107
287.20565417466076	3.306683362546833
284.79566894337097	3.004413492616105
282.3500183211292	2.7193109139458045
279.8692478765724	2.451328538730878
277.3539187980724	2.200353465395014
274.80461086402784	1.9662068216471926
272.22191991763003	1.7486439957440072
269.60646318581075	1.5473553834956337
266.95888764089995	1.3619676523636226
264.2798666783895	1.1920455067134812
261.5701001030146	1.0370940786110967
258.8303132906027	0.8965619559816348
256.06170777958727	0.7698632066093727
253.26370197189794	0.6562901280478296
250.4384489884426	0.5552016144747477
247.58632184874946	0.46584567674648386
244.70817654248447	0.38745756351281285
241.80490641794094	0.3192485687387625
238.8774492886727	0.2604137569838204
235.92679476014428	0.21014018806804172
232.9539911628344	0.16761551762675364
229.9601517542351	0.13203681628083375
226.94646006200088	0.1026194171177593
223.91417429861008	0.07860557167138861
220.86463072380934	0.059272671075975294
217.79924575877973	0.04394077414998915
214.71951668641137	0.031979181311498565
211.6270209644673	0.022811805265661133
208.5234144741066	0.015921118563004412
205.4104295289579	0.010850506776162363
202.28987413396584	0.00720492319473104
199.16196514507192	0.00465045147555175
196.03428972284388	0.0029079189874734656
192.9021157228861	0.00175771915066636
183.52134942512927	0.00030385773275576924
180.40871260997662	0.0001536398693986398
177.30968423489313	7.331556111948651e-05
0.7	97
351.79390262727054	29.238020692991597
352.90892646085865	29.19496980601323
353.7774716072197	29.123859835489494
354.4678494546537	29.02519338727524
355.02662927750646	28.89946493951885
355.47988738080176	28.747175642354836
355.8434370650086	28.5688404041752
356.1277334814753	28.364993291613544
356.34016739321896	28.136192230548897
356.4862203383405	27.88302303339893
356.5700943694572	27.60610265551925
356.5950806720845	27.3060816178554
356.56378922773405	26.983645586011196
356.4783001139901	26.63951613847238
356.34026850906264	26.274450785299223
356.15100137465504	25.889242316199304
355.9115163800911	25.484717567061583
355.62258948125447	25.06173569963916
355.28479509474766	24.621186091549465
354.8985412480017	24.163985933579035
354.4641010640657	23.691077628181432
353.9816412652898	23.203426076835818
353.45124795229736	22.702015934404564
352.87294967225273	22.187848896166678
352.2467376883685	21.661941068621314
351.57258336108566	21.125320459478758
350.8504526138005	20.579024606748074
350.0803175496244	20.024098352630986
349.26216538405697	19.461591755874284
348.39600494293126	18.89255812690587
347.4818710349382	18.31805216364416
346.51982703990564	17.739128162199652
345.5099660594797	17.156838275462466
344.4524108822163	16.572230792871217
343.34731321938574	15.986348416983969
342.19485249632106	15.400226518859547
340.99523416046264	14.814891352024805
339.748687871588	14.231358212116486
338.45546566250187	13.650629532936204
337.1158401662404	13.073692912940578
335.730102975616	12.50151906937615
334.2985631760431	11.935059720076637
332.8215460726247	11.37524539536697
331.29939211686207	10.822983184498314
329.7324560263159	10.279154422717157
328.12110608150675	9.744612326416577
326.4657235776672	9.220179584952843
324.76670240422993	8.706645918634827
323.0244487219088	8.204765613217111
321.2393807057904	7.715255041959544
319.41192832320525	7.238790187071659
317.54254958660283	6.775969201609085
315.6316393711528	6.327498274793238
313.6797368551092	5.893772269580507
311.68727449317356	5.4753565829294395
309.65474607185934	5.072675521817998
307.5826469148788	4.686112336125577
305.4714822549008	4.3159936950605555
303.32176716787166	3.9625877450585474
301.134026786829	3.626102324490107
298.9087969242806	3.306683362546833
296.64662523078573	3.004413492616105
294.3480729899468	2.7193109139458045
292.0137175894215	2.451328538730878
289.64415561280674	2.200353465395014
287.2400063743199	1.9662068216471926
284.8019093478061	1.7486439957440072
282.3305302378679	1.5473553834956337
279.8265704278904	1.3619676523636226
277.29076339066563	1.1920455067134812
274.7238746781682	1.0370940786110967
272.1267009229346	0.8965619559816348
269.50057304428907	0.7698632066093727
266.84483245838095	0.6562901280478296
264.16187746688985	0.5552016144747477
261.4521200776082	0.46584567674648386
258.71651384955015	0.38745756351281285
255.95605612299826	0.3192485687387625
253.17179591821247	0.2604137569838204
250.36484201573055	0.21014018806804172
247.53637050272232	0.16761551762675364
244.68763139643787	0.13203681628083375
241.8199542067501	0.1026194171177593
238.93475237573927	0.07860557167138861
236.03352647957254	0.059272671075975294
233.11786600659883	0.04394077414998915
230.18944957707387	0.031979181311498565
227.25004371341623	0.022811805265661133
224.3015006371364	0.015921118563004412
221.34575618059662	0.010850506776162363
218.38482970471156	0.00720492319473104
215.41890764971254	0.00465045147555175
212.45665887061625	0.0029079189874734656
209.49257767099104	0.00175771915066636
200.63817366147376	0.00030385773275576924
197.70973315840814	0.0001536398693986398
194.8003836663236	7.331556111948651e-05
0.8	97
352.30351258459496	29.238020692991597
353.83656040346574	29.19496980601323
355.0464652875331	29.123859835489494
356.0324183215546	29.02519338727524
356.85812320989766	28.89946493951885
357.55898246843134	28.747175642354836
358.15632601220625	28.5688404041752
358.6641297468218	28.364993291613544
359.0921700003713	28.136192230548897
359.4476213749214	27.88302303339893
359.735931393353	27.60610265551925
359.96133303875865	27.3060816178554
360.1271632911503	26.983645586011196
360.23607164397197	26.63951613847238
360.2901633270554	26.274450785299223
360.2911024240973	25.889242316199304
360.24018973564654	25.484717567061583
360.13842443269675	25.06173569963916
359.9865550902481	24.621186091549465
359.7851235236865	24.163985933579035
359.5345034424004	23.691077628181432
359.2349350105231	23.203426076835818
358.8865558158137	22.702015934404564
358.489428404762	22.187848896166678
358.043564381352	21.661941068621314
357.5489450354698	21.125320459478758
357.0055385180318	20.579024606748074
356.4133136728739	20.024098352630986
355.7722507380832	19.461591755874284
355.0823492190056	18.89255812690587
354.34363329860577	18.31805216364416
353.5561551835237	17.739128162199652
352.71999678762745	17.156838275462466
351.83527006631186	16.572230792871217
350.90211646341174	15.986348416983969
349.9207058327216	15.400226518859547
348.8912348364701	14.814891352024805
347.8139251749494	14.231358212116486
346.6890217677152	13.650629532936204
345.51679099524756	13.073692912940578
344.2975190755048	12.50151906937615
343.03151062156564	11.935059720076637
341.71908740400806	11.37524539536697
340.36058732415086	10.822983184498314
338.95636359084455	10.279154422717157
337.50678408348386	9.744612326416577
336.01223087656075	9.220179584952843
334.47309989590667	8.706645918634827
332.8898006734971	8.204765613217111
331.2627561661689	7.715255041959544
329.59240260408313	7.238790187071659
327.8792139080149	6.775969201609085
326.1235668314743	6.327498274793238
324.32604556761237	5.893772269580507
322.48707752441516	5.4753565829294395
320.6071741330046	5.072675521817998
318.6868468708371	4.686112336125577
316.72661889320653	4.3159936950605555
314.72702502867025	3.9625877450585474
312.6886120936644	3.626102324490107
310.6119396739005	3.306683362546833
308.4975815182005	3.004413492616105
306.34612765876443	2.7193109139458045
304.15818730227073	2.451328538730878
301.9343924275409	2.200353465395014
299.675401884612	1.9662068216471926
297.3818987779821	1.7486439957440072
295.05459728992486	1.5473553834956337
292.6942532148809	1.3619676523636226
290.30166010294175	1.1920455067134812
287.87764925332175	1.0370940786110967
285.4230885552666	0.8965619559816348
282.939438308991	0.7698632066093727
280.425962944864	0.6562901280478296
277.88530594533717	0.5552016144747477
275.3179183064668	0.46584567674648386
272.72485115661584	0.38745756351281285
270.10720582805567	0.3192485687387625
267.4661425477523	0.2604137569838204
264.8028892713168	0.21014018806804172
262.11874984261027	0.16761551762675364
259.4151110386407	0.13203681628083375
256.69344835149934	0.1026194171177593
253.95533045286848	0.07860557167138861
251.2024222353358	0.059272671075975294
248.4364862544179	0.04394077414998915
245.6593824677364	0.031979181311498565
242.87306646236516	0.022811805265661133
240.0795868001662	0.015921118563004412
237.28108283223543	0.010850506776162363
234.47978527545732	0.00720492319473104
231.67585015435318	0.00465045147555175
228.87902801838865	0.0029079189874734656
226.08303961909598	0.00175771915066636
217.75499789781824	0.00030385773275576924
215.01075370683972	0.0001536398693986398
212.29108309775407	7.331556111948651e-05
0.9	97
352.8131225419194	29.238020692991597
354.7641943460728	29.19496980601323
356.31545896784655	29.123859835489494
357.5969871884555	29.02519338727524
358.68961714228897	28.89946493951885
359.6380775560609	28.747175642354836
360.4692149594039	28.5688404041752
361.2005260121683	28.364993291613544
361.8441726075236	28.136192230548897
362.40902241150224	27.88302303339893
362.9017684172487	27.60610265551925
363.3275854054328	27.3060816178554
363.69053735456646	26.983645586011196
363.9938431739537	26.63951613847238
364.240058145048	26.274450785299223
364.43120347353954	25.889242316199304
364.568863091202	25.484717567061583
364.654259384139	25.06173569963916
364.68831508574857	24.621186091549465
364.6717057993713	24.163985933579035
364.60490582073515	23.691077628181432
364.4882287557563	23.203426076835818
364.3218636793299	22.702015934404564
364.10590713727123	22.187848896166678
363.8403910743354	21.661941068621314
363.5253067098538	21.125320459478758
363.16062442226314	20.579024606748074
362.7463097961235	20.024098352630986
362.28233609210946	19.461591755874284
361.76869349508	18.89255812690587
361.2053955622734	18.31805216364416
360.5924833271417	17.739128162199652
359.9300275157752	17.156838275462466
359.21812925040746	16.572230792871217
358.45691970743763	15.986348416983969
357.6465591691222	15.400226518859547
356.7872355124776	14.814891352024805
355.87916247831066	14.231358212116486
354.92257787292846	13.650629532936204
353.91774182425456	13.073692912940578
352.8649351753936	12.50151906937615
351.7644580670881	11.935059720076637
350.6166287353915	11.37524539536697
349.42178253143976	10.822983184498314
348.18027115537313	10.279154422717157
346.8924620854609	9.744612326416577
345.55873817545427	9.220179584952843
344.1794973875835	8.706645918634827
342.75515262508543	8.204765613217111
341.2861316265475	7.715255041959544
339.7728768849609	7.238790187071659
338.2158782294269	6.775969201609085
336.61549429179576	6.327498274793238
334.97235428011567	5.893772269580507
333.28688055565675	5.4753565829294395
331.55960219415	5.072675521817998
329.79104682679525	4.686112336125577
327.98175553151225	4.3159936950605555
326.13228288946885	3.9625877450585474
324.24319740049975	3.626102324490107
322.3150824235203	3.306683362546833
320.3485378056153	3.004413492616105
318.3441823275821	2.7193109139458045
316.30265701511996	2.451328538730878
314.22462924227506	2.200353465395014
312.110797394904	1.9662068216471926
309.9618882081582	1.7486439957440072
307.7786643419819	1.5473553834956337
305.5619360018713	1.3619676523636226
303.31255681521793	1.1920455067134812
301.0314238284753	1.0370940786110967
298.7194761875986	0.8965619559816348
296.3783035736928	0.7698632066093727
294.007093431347	0.6562901280478296
291.6087344237844	0.5552016144747477
289.1837165353255	0.46584567674648386
286.7331884636815	0.38745756351281285
284.25835553311305	0.3192485687387625
281.7604891772922	0.2604137569838204
279.24093652690306	0.21014018806804172
276.7011291824983	0.16761551762675364
274.14259068084345	0.13203681628083375
271.5669424962486	0.1026194171177593
268.9759085299977	0.07860557167138861
266.37131799109903	0.059272671075975294
263.755106502237	0.04394077414998915
261.12931535839897	0.031979181311498565
258.49608921131403	0.022811805265661133
255.85767296319597	0.015921118563004412
253.21640948387414	0.010850506776162363
250.57474084620296	0.00720492319473104
247.9327926589938	0.00465045147555175
245.30139716616105	0.0029079189874734656
242.67350156720087	0.00175771915066636
234.87182213416276	0.00030385773275576924
232.31177425527125	0.0001536398693986398
229.7817825291845	7.331556111948651e-05
