# Table format: T1D
# table_unit = barA
# axis1_unit = kJ/kg
# axis2_unit = null
# This file was automatically generated by generate_data_files.py
0.1	99
11.687257640373081	2.274044675461061
11.451817506630876	2.2723921688330044
11.221624963245198	2.269642341050292
10.997143313728934	2.2658015152451223
10.778583779952832	2.26087817937323
10.565934833852399	2.2548826986582453
10.359012338433894	2.24782702703608
10.157511114807857	2.239724443999328
9.961050310263754	2.230589330789349
9.769209584545552	2.2204369895954
9.581555877965288	2.209283502837584
9.397661938296121	2.1971456264525684
9.217118288013806	2.184040710304986
9.039540301875846	2.169986639362913
8.864571820472353	2.155001790326238
8.691886416908098	2.1391049995369107
8.521187144283477	2.122315539020305
8.352205352632456	2.1046530983356053
8.184698980420517	2.0861377705417667
8.018450591201857	2.0667900410666027
7.85326533069968	2.0466307785969837
7.6889689134460735	2.025681227364928
7.52540570362998	2.003963000369871
7.36243692507167	1.9814980732047842
7.199939016018547	1.958308778248865
7.03780213246005	1.9344177990366471
6.875928796154449	1.9098481646728789
6.714232679451401	1.8846232441865776
6.5526375167806625	1.8587667407411206
6.391076131858787	1.8323026856365774
6.229489569591555	1.8052554320479672
6.067826322114153	1.7776496484552147
5.906041639104279	1.7495103117249684
5.744096908679454	1.7208626998477201
5.581959116466971	1.6917323841814191
5.419600361344226	1.6621452212450278
5.256997415614845	1.6321273441177098
5.094131338519341	1.6017051532962976
4.930987132359232	1.5709053070216714
4.767553436884348	1.5397547110485097
4.603822258149806	1.5082805078298396
4.43978872857077	1.476510065089195
4.275450895368525	1.4444709637531612
4.1108095350057035	1.4121909852159786
3.9458679915831376	1.379698097906313
3.780632037509261	1.3470204431283972
3.615109755044776	1.3141863201452813
3.4493114376116583	1.2812241704750098
3.2832495099881025	1.2481625613659857
3.116938466749655	1.2150301684190588
2.9503948285131747	1.1818557573216832
2.783637115731719	1.1486681646586459
2.616685839946729	1.1154962777610775
2.4495635125627886	1.0823690135561312
2.282294671318797	1.049315296374858
2.1149059247408823	1.016364034676131
1.947426014917104	0.9835440966403013
1.7798858989643114	0.9508842845838487
1.6123188495334368	0.9184133081442739
1.4447605745912755	0.8861597561776972
1.2772493565527174	0.8541520673113271
1.1098262100439926	0.8224184990847747
0.9425350608565572	0.7909870956105755
0.7754229351019465	0.7598856536771014
0.6085401722577964	0.7291416872110489
0.44194064269390626	0.6987823900065944
0.27568196818766455	0.6688345965276089
0.10982574990526792	0.6393247409049012
-0.05556221333820599	0.6102788139376057
-0.22041174511814687	0.5817223177063696
-0.3846481539601638	0.5536802179174726
-0.5481921708004109	0.5261768937327228
-0.710959992580839	0.49923608491564525
-0.8728635228960999	0.4728808360953088
-1.0338107523356894	0.44713343793851207
-1.1937065733388814	0.4220153650001087
-1.3524539400860558	0.3975472100074898
-1.509955653419681	0.37374861431733647
-1.6661169355760135	0.35063819427180554
-1.8208490743305878	0.32823346317235047
-1.97407449953904	0.3065507485875026
-2.125733774107425	0.28560510471905715
-2.2757951404644263	0.26541021957337996
-2.424267476708892	0.2459783167241207
-2.571217803123695	0.2273200515207889
-2.7167948663868065	0.2094444016999364
-2.861260852635224	0.19235855250737227
-3.0050339932522236	0.17606777665656645
-3.1487458013862883	0.16057530975731385
-3.2933180151814683	0.14588222227908285
-3.4400661708666553	0.13198728971838453
-3.59083929270107	0.11888686348713053
-3.748208773097456	0.10657474623472923
-3.9157245184213845	0.09504207702348938
-4.098263615252614	0.08427723423317744
-4.302506793848794	0.07426576765891554
-4.537592571273524	0.06499037655454372
-4.816019853000254	0.05643095822911244
-5.154900276981313	0.04856476347738591
0.2	99
11.747629547827412	2.274044675461061
11.572304998821581	2.2723921688330044
11.401668854555968	2.269642341050292
11.235954892854352	2.2658015152451223
11.075184076364327	2.26087817937323
10.919201036498588	2.2548826986582453
10.767723582225507	2.24782702703608
10.620389495247041	2.239724443999328
10.476794966026308	2.230589330789349
10.336523224661185	2.2204369895954
10.199164174278698	2.209283502837584
10.064326772209293	2.1971456264525684
9.931646042985422	2.184040710304986
9.80078636414709	2.169986639362913
9.67144230300748	2.155001790326238
9.543337932671896	2.1391049995369107
9.416225269012102	2.122315539020305
9.289882255068548	2.1046530983356053
9.164110566235921	2.0861377705417667
9.0387334046293	2.0667900410666027
8.913593381232861	2.0466307785969837
8.788550538819674	2.025681227364928
8.66348054003743	2.003963000369871
8.538273027224278	1.9814980732047842
8.412830149958664	1.958308778248865
8.287065250777014	1.9344177990366471
8.160901696359446	1.9098481646728789
8.03427184060956	1.8846232441865776
7.907116106020824	1.8587667407411206
7.779382170415781	1.8323026856365774
7.651024247100344	1.8052554320479672
7.522002447613929	1.7776496484552147
7.392282217390675	1.7495103117249684
7.26183383529925	1.7208626998477201
7.130631971824808	1.6917323841814191
6.998655295705203	1.6621452212450278
6.865886124364654	1.6321273441177098
6.73231011481822	1.6017051532962976
6.5979159896847435	1.5709053070216714
6.46269529459495	1.5397547110485097
6.326642183793312	1.5082805078298396
6.189753231202285	1.476510065089195
6.052027264631547	1.4444709637531612
5.913465221170414	1.4121909852159786
5.774070022128666	1.379698097906313
5.633846466183133	1.3470204431283972
5.492801139639096	1.3141863201452813
5.350942342960482	1.2812241704750098
5.208280032921951	1.2481625613659857
5.0648257799392145	1.2150301684190588
4.920592740301554	1.1818557573216832
4.775595643193666	1.1486681646586459
4.629850792528797	1.1154962777610775
4.483376083750696	1.0823690135561312
4.336191035854335	1.049315296374858
4.188316838970204	1.016364034676131
4.039776417902781	0.9835440966403013
3.890594512038041	0.9508842845838487
3.7407977720120296	0.9184133081442739
3.5904148734349066	0.8861597561776972
3.4394766478190233	0.8541520673113271
3.2880162301541054	0.8224184990847747
3.136069225488971	0.7909870956105755
2.983673884836424	0.7598856536771014
2.8308713026589785	0.7291416872110489
2.677705618772215	0.6987823900065944
2.524224224125502	0.6688345965276089
2.3704779718842537	0.6393247409049012
2.2165213813622153	0.6102788139376057
2.062412810213245	0.5817223177063696
1.9082145888509001	0.5536802179174726
1.753993089424728	0.5261768937327228
1.5998187082589468	0.49923608491564525
1.445765635360182	0.4728808360953088
1.2919115996496067	0.44713343793851207
1.138337098682932	0.4220153650001087
0.985124422452131	0.3975472100074898
0.8323560845673801	0.37374861431733647
0.6801125609584492	0.35063819427180554
0.5284690814034543	0.32823346317235047
0.3774911518535305	0.3065507485875026
0.22722837983574845	0.28560510471905715
0.07770603404076928	0.26541021957337996
-0.07108641997896847	0.2459783167241207
-0.21921082043836418	0.2273200515207889
-0.36680120199037153	0.2094444016999364
-0.514091901252876	0.19235855250737227
-0.6614553288734459	0.17606777665656645
-0.8094527268829768	0.16057530975731385
-0.9589024183759403	0.14588222227908285
-1.1109716972495858	0.13198728971838453
-1.2673007833045298	0.11888686348713053
-1.4301704543640914	0.10657474623472923
-1.6027294121489872	0.09504207702348938
-1.7893038197235103	0.08427723423317744
-1.9958203581899578	0.07426576765891554
-2.230387138970071	0.06499037655454372
-2.504095397095237	0.05643095822911244
-2.8321320381682775	0.04856476347738591
0.3	99
11.808001455281737	2.274044675461061
11.692792491012286	2.2723921688330044
11.581712745866737	2.269642341050292
11.474766471979768	2.2658015152451223
11.371784372775826	2.26087817937323
11.272467239144781	2.2548826986582453
11.176434826017122	2.24782702703608
11.08326787568623	2.239724443999328
10.992539621788863	2.230589330789349
10.903836864776816	2.2204369895954
10.816772470592108	2.209283502837584
10.730991606122465	2.1971456264525684
10.646173797957038	2.184040710304986
10.562032426418332	2.169986639362913
10.478312785542606	2.155001790326238
10.394789448435692	2.1391049995369107
10.311263393740726	2.122315539020305
10.227559157504638	2.1046530983356053
10.143522152051323	2.0861377705417667
10.059016218056744	2.0667900410666027
9.97392143176604	2.0466307785969837
9.888132164193276	2.025681227364928
9.80155537644488	2.003963000369871
9.714109129376885	1.9814980732047842
9.625721283898779	1.958308778248865
9.536328369093981	1.9344177990366471
9.44587459656444	1.9098481646728789
9.354311001767716	1.8846232441865776
9.261594695260989	1.8587667407411206
9.167688208972775	1.8323026856365774
9.072558924609131	1.8052554320479672
8.976178573113707	1.7776496484552147
8.878522795677073	1.7495103117249684
8.779570761919047	1.7208626998477201
8.679304827182644	1.6917323841814191
8.57771023006618	1.6621452212450278
8.474774833114466	1.6321273441177098
8.3704888911171	1.6017051532962976
8.264844847010252	1.5709053070216714
8.157837152305552	1.5397547110485097
8.049462109436817	1.5082805078298396
7.9397177338338025	1.476510065089195
7.828603633894567	1.4444709637531612
7.716120907335124	1.4121909852159786
7.602272052674194	1.379698097906313
7.487060894857	1.3470204431283972
7.3704925242334145	1.3141863201452813
7.2525732483093055	1.2812241704750098
7.1333105558558	1.2481625613659857
7.01271309312877	1.2150301684190588
6.8907906520899305	1.1818557573216832
6.767554170655614	1.1486681646586459
6.643015745110865	1.1154962777610775
6.517188654938602	1.0823690135561312
6.3900874003898736	1.049315296374858
6.261727753199525	1.016364034676131
6.132126820888455	0.9835440966403013
6.001303125111769	0.9508842845838487
5.8692766944906225	0.9184133081442739
5.736069172278536	0.8861597561776972
5.601703939085332	0.8541520673113271
5.466206250264216	0.8224184990847747
5.329603390121385	0.7909870956105755
5.191924834570902	0.7598856536771014
5.05320243306016	0.7291416872110489
4.91347059485052	0.6987823900065944
4.772766480063343	0.6688345965276089
4.631130193863241	0.6393247409049012
4.488604976062637	0.6102788139376057
4.3452373655446355	0.5817223177063696
4.201077331661964	0.5536802179174726
4.0561783496498665	0.5261768937327228
3.9105974090987297	0.49923608491564525
3.7643947936164626	0.4728808360953088
3.6176339516349008	0.44713343793851207
3.4703807707047436	0.4220153650001087
3.322702784990317	0.3975472100074898
3.1746678225544422	0.37374861431733647
3.026342057492911	0.35063819427180554
2.877787237137495	0.32823346317235047
2.7290568032461016	0.3065507485875026
2.5801905337789215	0.28560510471905715
2.4312072085459624	0.26541021957337996
2.282094636750956	0.2459783167241207
2.1327961622469656	0.2273200515207889
1.9831924624060606	0.2094444016999364
1.8330770501294729	0.19235855250737227
1.6821233355053304	0.17606777665656645
1.529840347620333	0.16057530975731385
1.3755131784295873	0.14588222227908285
1.2181227763674844	0.13198728971838453
1.0562377260920126	0.11888686348713053
0.887867864369272	0.10657474623472923
0.7102656941234081	0.09504207702348938
0.5196559758055928	0.08427723423317744
0.3108660774688785	0.07426576765891554
0.07681829333338419	0.06499037655454372
-0.19217094119022	0.05643095822911244
-0.5093637993552431	0.04856476347738591
0.4	99
11.868373362736062	2.274044675461061
11.81327998320299	2.2723921688330044
11.761756637177507	2.269642341050292
11.713578051105188	2.2658015152451223
11.66838466918732	2.26087817937323
11.625733441790972	2.2548826986582453
11.585146069808737	2.24782702703608
11.546146256125413	2.239724443999328
11.508284277551414	2.230589330789349
11.471150504892448	2.2204369895954
11.434380766905521	2.209283502837584
11.397656440035634	2.1971456264525684
11.360701552928653	2.184040710304986
11.323278488689574	2.169986639362913
11.285183268077734	2.155001790326238
11.246240964199492	2.1391049995369107
11.206301518469354	2.122315539020305
11.16523605994073	2.1046530983356053
11.122933737866724	2.0861377705417667
11.079299031484188	2.0667900410666027
11.034249482299224	2.0466307785969837
10.987713789566877	2.025681227364928
10.939630212852329	2.003963000369871
10.88994523152949	1.9814980732047842
10.838612417838895	1.958308778248865
10.785591487410944	1.9344177990366471
10.73084749676944	1.9098481646728789
10.674350162925872	1.8846232441865776
10.616073284501148	1.8587667407411206
10.555994247529771	1.8323026856365774
10.49409360211792	1.8052554320479672
10.430354698613483	1.7776496484552147
10.364763373963472	1.7495103117249684
10.297307688538844	1.7208626998477201
10.22797768254048	1.6917323841814191
10.156765164427158	1.6621452212450278
10.083663541864276	1.6321273441177098
10.00866766741598	1.6017051532962976
9.931773704335761	1.5709053070216714
9.852979010016155	1.5397547110485097
9.772282035080325	1.5082805078298396
9.689682236465316	1.476510065089195
9.605180003157589	1.4444709637531612
9.518776593499835	1.4121909852159786
9.430474083219721	1.379698097906313
9.340275323530873	1.3470204431283972
9.248183908827736	1.3141863201452813
9.154204153658128	1.2812241704750098
9.05834107878965	1.2481625613659857
8.96060040631833	1.2150301684190588
8.860988563878308	1.1818557573216832
8.75951269811756	1.1486681646586459
8.656180697692934	1.1154962777610775
8.551001226126509	1.0823690135561312
8.443983764925411	1.049315296374858
8.335138667428845	1.016364034676131
8.224477223874132	0.9835440966403013
8.112011738185497	0.9508842845838487
7.997755616969218	0.9184133081442739
7.881723471122167	0.8861597561776972
7.763931230351636	0.8541520673113271
7.644396270374329	0.8224184990847747
7.5231375547537995	0.7909870956105755
7.400175784305381	0.7598856536771014
7.275533563461342	0.7291416872110489
7.1492355709288296	0.6987823900065944
7.021308736001179	0.6688345965276089
6.89178241584223	0.6393247409049012
6.76068857076306	0.6102788139376057
6.628061920876025	0.5817223177063696
6.493940074473032	0.5536802179174726
6.3583636098750045	0.5261768937327228
6.221376109938515	0.49923608491564525
6.083023951872743	0.4728808360953088
5.943356303620195	0.44713343793851207
5.802424442726559	0.4220153650001087
5.6602811475285035	0.3975472100074898
5.516979560541502	0.37374861431733647
5.372571554027375	0.35063819427180554
5.227105392871537	0.32823346317235047
5.0806224546386725	0.3065507485875026
4.933152687722095	0.28560510471905715
4.784708383051157	0.26541021957337996
4.635275693480879	0.2459783167241207
4.484803144932298	0.2273200515207889
4.333186126802493	0.2094444016999364
4.180246001511821	0.19235855250737227
4.0257019998841095	0.17606777665656645
3.869133422123647	0.16057530975731385
3.709928775235116	0.14588222227908285
3.5472172499845525	0.13198728971838453
3.3797762354885528	0.11888686348713053
3.2059061831026385	0.10657474623472923
3.023260800395805	0.09504207702348938
2.8286157713346967	0.08427723423317744
2.6175525131277126	0.07426576765891554
2.3840237256368373	0.06499037655454372
2.1197535147147986	0.05643095822911244
1.8134044394577922	0.04856476347738591
0.5	99
11.928745270190388	2.274044675461061
11.933767475393696	2.2723921688330044
11.941800528488276	2.269642341050292
11.952389630230604	2.2658015152451223
11.964984965598822	2.26087817937323
11.978999644437158	2.2548826986582453
11.99385731360035	2.24782702703608
12.0090246365646	2.239724443999328
12.024028933313966	2.230589330789349
12.038464145008083	2.2204369895954
12.05198906321893	2.209283502837584
12.06432127394881	2.1971456264525684
12.075229307900267	2.184040710304986
12.08452455096082	2.169986639362913
12.09205375061286	2.155001790326238
12.097692479963293	2.1391049995369107
12.10133964319798	2.122315539020305
12.102912962376822	2.1046530983356053
12.10234532368213	2.0861377705417667
12.099581844911631	2.0667900410666027
12.094577532832403	2.0466307785969837
12.087295414940476	2.025681227364928
12.077705049259777	2.003963000369871
12.065781333682098	1.9814980732047842
12.051503551779009	1.958308778248865
12.03485460572791	1.9344177990366471
12.015820396974435	1.9098481646728789
11.994389324084029	1.8846232441865776
11.97055187374131	1.8587667407411206
11.944300286086762	1.8323026856365774
11.91562827962671	1.8052554320479672
11.884530824113261	1.7776496484552147
11.851003952249863	1.7495103117249684
11.815044615158643	1.7208626998477201
11.77665053789832	1.6917323841814191
11.735820098788134	1.6621452212450278
11.692552250614089	1.6321273441177098
11.646846443714857	1.6017051532962976
11.598702561661268	1.5709053070216714
11.548120867726757	1.5397547110485097
11.495101960723831	1.5082805078298396
11.439646739096833	1.476510065089195
11.381756372420611	1.4444709637531612
11.321432279664542	1.4121909852159786
11.258676113765251	1.379698097906313
11.193489752204739	1.3470204431283972
11.125875293422057	1.3141863201452813
11.055835059006952	1.2812241704750098
10.983371601723494	1.2481625613659857
10.908487719507885	1.2150301684190588
10.831186475666687	1.1818557573216832
10.751471225579504	1.1486681646586459
10.669345650275002	1.1154962777610775
10.584813797314416	1.0823690135561312
10.497880129460949	1.049315296374858
10.408549581658168	1.016364034676131
10.316827626859805	0.9835440966403013
10.22272035125923	0.9508842845838487
10.12623453944781	0.9184133081442739
10.027377769965799	0.8861597561776972
9.926158521617944	0.8541520673113271
9.82258629048444	0.8224184990847747
9.716671719386213	0.7909870956105755
9.608426734039854	0.7598856536771014
9.497864693862521	0.7291416872110489
9.385000547007133	0.6987823900065944
9.269850991939018	0.6688345965276089
9.152434637821216	0.6393247409049012
9.032772165463482	0.6102788139376057
8.91088647620742	0.5817223177063696
8.78680281728409	0.5536802179174726
8.660548870100145	0.5261768937327228
8.5321548107783	0.49923608491564525
8.401653110129025	0.4728808360953088
8.26907865560549	0.44713343793851207
8.134468114748373	0.4220153650001087
7.997859510066688	0.3975472100074898
7.85929129852856	0.37374861431733647
7.718801050561837	0.35063819427180554
7.576423548605578	0.32823346317235047
7.4321881060312425	0.3065507485875026
7.286114841665267	0.28560510471905715
7.138209557556353	0.26541021957337996
6.988456750210806	0.2459783167241207
6.8368101276176265	0.2273200515207889
6.683179791198928	0.2094444016999364
6.527414952894167	0.19235855250737227
6.369280664262887	0.17606777665656645
6.2084264966269584	0.16057530975731385
6.044344372040645	0.14588222227908285
5.876311723601623	0.13198728971838453
5.703314744885091	0.11888686348713053
5.5239445018360005	0.10657474623472923
5.336255906668201	0.09504207702348938
5.137575566863801	0.08427723423317744
4.92423894878655	0.07426576765891554
4.691229157940292	0.06499037655454372
4.431677970619817	0.05643095822911244
4.136172678270825	0.04856476347738591
0.6	99
11.989117177644713	2.274044675461061
12.0542549675844	2.2723921688330044
12.121844419799045	2.269642341050292
12.191201209356025	2.2658015152451223
12.261585262010314	2.26087817937323
12.332265847083352	2.2548826986582453
12.402568557391966	2.24782702703608
12.471903017003784	2.239724443999328
12.539773589076518	2.230589330789349
12.605777785123713	2.2204369895954
12.66959735953234	2.209283502837584
12.730986107861982	2.1971456264525684
12.789757062871884	2.184040710304986
12.845770613232062	2.169986639362913
12.898924233147987	2.155001790326238
12.949143995727088	2.1391049995369107
12.996377767926605	2.122315539020305
13.040589864812912	2.1046530983356053
13.081756909497534	2.0861377705417667
13.119864658339075	2.0667900410666027
13.154905583365581	2.0466307785969837
13.186877040314076	2.025681227364928
13.21577988566723	2.003963000369871
13.241617435834701	1.9814980732047842
13.264394685719127	1.958308778248865
13.284117724044869	1.9344177990366471
13.300793297179432	1.9098481646728789
13.314428485242184	1.8846232441865776
13.325030462981472	1.8587667407411206
13.332606324643756	1.8323026856365774
13.337162957135497	1.8052554320479672
13.338706949613035	1.7776496484552147
13.337244530536264	1.7495103117249684
13.332781541778438	1.7208626998477201
13.32532339325615	1.6917323841814191
13.31487503314911	1.6621452212450278
13.3014409593639	1.6321273441177098
13.285025220013736	1.6017051532962976
13.265631418986779	1.5709053070216714
13.24326272543736	1.5397547110485097
13.21792188636734	1.5082805078298396
13.18961124172835	1.476510065089195
13.158332741683632	1.4444709637531612
13.124087965829252	1.4121909852159786
13.08687814431078	1.379698097906313
13.046704180878608	1.3470204431283972
13.003566678016371	1.3141863201452813
12.957465964355775	1.2812241704750098
12.908402124657346	1.2481625613659857
12.856375032697446	1.2150301684190588
12.801384387455066	1.1818557573216832
12.743429753041454	1.1486681646586459
12.682510602857066	1.1154962777610775
12.618626368502321	1.0823690135561312
12.551776493996487	1.049315296374858
12.481960495887488	1.016364034676131
12.40917802984548	0.9835440966403013
12.333428964332958	0.9508842845838487
12.254713461926404	0.9184133081442739
12.173032068809427	0.8861597561776972
12.088385812884248	0.8541520673113271
12.000776310594551	0.8224184990847747
11.910205884018628	0.7909870956105755
11.816677683774339	0.7598856536771014
11.720195824263708	0.7291416872110489
11.620765523085442	0.6987823900065944
11.518393247876858	0.6688345965276089
11.4130868598002	0.6393247409049012
11.3048557601639	0.6102788139376057
11.193711031538808	0.5817223177063696
11.07966556009516	0.5536802179174726
10.962734130325282	0.5261768937327228
10.842933511618087	0.49923608491564525
10.720282268385308	0.4728808360953088
10.594801007590783	0.44713343793851207
10.466511786770186	0.4220153650001087
10.335437872604873	0.3975472100074898
10.201603036515623	0.37374861431733647
10.065030547096299	0.35063819427180554
9.925741704339623	0.32823346317235047
9.783753757423812	0.3065507485875026
9.639076995608445	0.28560510471905715
9.491710732061547	0.26541021957337996
9.341637806940728	0.2459783167241207
9.188817110302958	0.2273200515207889
9.033173455595358	0.2094444016999364
8.874583904276518	0.19235855250737227
8.712859328641661	0.17606777665656645
8.54771957113027	0.16057530975731385
8.378759968846172	0.14588222227908285
8.20540619721869	0.13198728971838453
8.026853254281633	0.11888686348713053
7.841982820569369	0.10657474623472923
7.6492510129405975	0.09504207702348938
7.446535362392906	0.08427723423317744
7.230925384445385	0.07426576765891554
6.998434590243744	0.06499037655454372
6.74360242652483	0.05643095822911244
6.4589409170838605	0.04856476347738591
0.7	99
12.049489085099038	2.274044675461061
12.174742459775105	2.2723921688330044
12.301888311109813	2.269642341050292
12.430012788481445	2.2658015152451223
12.55818555842181	2.26087817937323
12.685532049729543	2.2548826986582453
12.811279801183579	2.24782702703608
12.93478139744297	2.239724443999328
13.05551824483907	2.230589330789349
13.173091425239349	2.2204369895954
13.28720565584575	2.209283502837584
13.397650941775153	2.1971456264525684
13.504284817843502	2.184040710304986
13.607016675503306	2.169986639362913
13.705794715683114	2.155001790326238
13.800595511490886	2.1391049995369107
13.891415892655232	2.122315539020305
13.978266767249002	2.1046530983356053
14.061168495312938	2.0861377705417667
14.140147471766518	2.0667900410666027
14.215233633898766	2.0466307785969837
14.286458665687679	2.025681227364928
14.353854722074681	2.003963000369871
14.417453537987308	1.9814980732047842
14.47728581965924	1.958308778248865
14.533380842361835	1.9344177990366471
14.58576619738443	1.9098481646728789
14.634467646400342	1.8846232441865776
14.679509052221634	1.8587667407411206
14.72091236320075	1.8323026856365774
14.758697634644278	1.8052554320479672
14.79288307511281	1.7776496484552147
14.823485108822657	1.7495103117249684
14.850518468398235	1.7208626998477201
14.873996248613992	1.6917323841814191
14.893929967510084	1.6621452212450278
14.910329668113707	1.6321273441177098
14.923203996312616	1.6017051532962976
14.932560276312287	1.5709053070216714
14.938404583147964	1.5397547110485097
14.940741812010842	1.5082805078298396
14.939575744359866	1.476510065089195
14.93490911094665	1.4444709637531612
14.92674365199396	1.4121909852159786
14.915080174856307	1.379698097906313
14.89991860955248	1.3470204431283972
14.881258062610696	1.3141863201452813
14.859096869704597	1.2812241704750098
14.833432647591192	1.2481625613659857
14.804262345886997	1.2150301684190588
14.771582299243441	1.1818557573216832
14.735388280503399	1.1486681646586459
14.695675555439138	1.1154962777610775
14.65243893969023	1.0823690135561312
14.605672858532023	1.049315296374858
14.555371410116807	1.016364034676131
14.501528432831154	0.9835440966403013
14.444137577406684	0.9508842845838487
14.383192384404998	0.9184133081442739
14.318686367653056	0.8861597561776972
14.25061310415055	0.8541520673113271
14.178966330704661	0.8224184990847747
14.103740048651044	0.7909870956105755
14.024928633508814	0.7598856536771014
13.942526954664888	0.7291416872110489
13.856530499163748	0.6987823900065944
13.766935503814693	0.6688345965276089
13.673739081779186	0.6393247409049012
13.57693935486432	0.6102788139376057
13.476535586870199	0.5817223177063696
13.372528302906224	0.5536802179174726
13.264919390550416	0.5261768937327228
13.15371221245787	0.49923608491564525
13.038911426641588	0.4728808360953088
12.920523359576077	0.44713343793851207
12.798555458791999	0.4220153650001087
12.67301623514306	0.3975472100074898
12.543914774502685	0.37374861431733647
12.411260043630765	0.35063819427180554
12.275059860073663	0.32823346317235047
12.135319408816384	0.3065507485875026
11.992039149551616	0.28560510471905715
11.845211906566739	0.26541021957337996
11.694818863670653	0.2459783167241207
11.540824092988284	0.2273200515207889
11.383167119991796	0.2094444016999364
11.221752855658861	0.19235855250737227
11.056437993020443	0.17606777665656645
10.887012645633579	0.16057530975731385
10.713175565651703	0.14588222227908285
10.534500670835763	0.13198728971838453
10.350391763678171	0.11888686348713053
10.160021139302728	0.10657474623472923
9.962246119212994	0.09504207702348938
9.755495157922008	0.08427723423317744
9.537611820104221	0.07426576765891554
9.3056400225472	0.06499037655454372
9.055526882429847	0.05643095822911244
8.781709155896891	0.04856476347738591
0.8	99
12.109860992553362	2.274044675461061
12.295229951965812	2.2723921688330044
12.481932202420584	2.269642341050292
12.668824367606863	2.2658015152451223
12.85478585483331	2.26087817937323
13.038798252375733	2.2548826986582453
13.219991044975192	2.24782702703608
13.397659777882156	2.239724443999328
13.571262900601623	2.230589330789349
13.740405065354981	2.2204369895954
13.904813952159161	2.209283502837584
14.064315775688327	2.1971456264525684
14.218812572815114	2.184040710304986
14.368262737774549	2.169986639362913
14.512665198218246	2.155001790326238
14.652047027254687	2.1391049995369107
14.786454017383855	2.122315539020305
14.915943669685094	2.1046530983356053
15.040580081128338	2.0861377705417667
15.160430285193966	2.0667900410666027
15.275561684431947	2.0466307785969837
15.38604029106128	2.025681227364928
15.491929558482127	2.003963000369871
15.593289640139917	1.9814980732047842
15.690176953599357	1.958308778248865
15.7826439606788	1.9344177990366471
15.870739097589427	1.9098481646728789
15.9545068075585	1.8846232441865776
16.033987641461795	1.8587667407411206
16.109218401757747	1.8323026856365774
16.180232312153073	1.8052554320479672
16.24705920061259	1.7776496484552147
16.309725687109054	1.7495103117249684
16.36825539501803	1.7208626998477201
16.422669103971828	1.6917323841814191
16.472984901871065	1.6621452212450278
16.51921837686352	1.6321273441177098
16.561382772611495	1.6017051532962976
16.5994891336378	1.5709053070216714
16.63354644085857	1.5397547110485097
16.663561737654348	1.5082805078298396
16.689540246991378	1.476510065089195
16.711485480209674	1.4444709637531612
16.72939933815867	1.4121909852159786
16.743282205401837	1.379698097906313
16.753133038226352	1.3470204431283972
16.75894944720502	1.3141863201452813
16.76072777505342	1.2812241704750098
16.758463170525044	1.2481625613659857
16.752149659076565	1.2150301684190588
16.74178021103182	1.1818557573216832
16.727346807965347	1.1486681646586459
16.7088405080212	1.1154962777610775
16.686251510878133	1.0823690135561312
16.659569223067567	1.049315296374858
16.628782324346133	1.016364034676131
16.59387883581683	0.9835440966403013
16.55484619048042	0.9508842845838487
16.51167130688359	0.9184133081442739
16.46434066649669	0.8861597561776972
16.41284039541686	0.8541520673113271
16.357156350814776	0.8224184990847747
16.29727421328346	0.7909870956105755
16.233179583243295	0.7598856536771014
16.164858085066072	0.7291416872110489
16.09229547524206	0.6987823900065944
16.015477759752535	0.6688345965276089
15.934391303758176	0.6393247409049012
15.849022949564745	0.6102788139376057
15.759360142201588	0.5817223177063696
15.66539104571729	0.5536802179174726
15.567104650775558	0.5261768937327228
15.464490913297661	0.49923608491564525
15.357540584897867	0.4728808360953088
15.246245711561375	0.44713343793851207
15.130599130813815	0.4220153650001087
15.010594597681246	0.3975472100074898
14.886226512489744	0.37374861431733647
14.757489540165228	0.35063819427180554
14.624378015807709	0.32823346317235047
14.486885060208953	0.3065507485875026
14.345001303494792	0.28560510471905715
14.19871308107194	0.26541021957337996
14.047999920400574	0.2459783167241207
13.892831075673621	0.2273200515207889
13.733160784388227	0.2094444016999364
13.568921807041217	0.19235855250737227
13.40001665739922	0.17606777665656645
13.226305720136894	0.16057530975731385
13.047591162457229	0.14588222227908285
12.863595144452832	0.13198728971838453
12.673930273074715	0.11888686348713053
12.478059458036098	0.10657474623472923
12.275241225485392	0.09504207702348938
12.064454953451111	0.08427723423317744
11.844298255763055	0.07426576765891554
11.612845454850651	0.06499037655454372
11.367451338334867	0.05643095822911244
11.104477394709932	0.04856476347738591
0.9	99
12.17023290000769	2.274044675461061
12.415717444156513	2.2723921688330044
12.66197609373135	2.269642341050292
12.90763594673228	2.2658015152451223
13.151386151244806	2.26087817937323
13.392064455021922	2.2548826986582453
13.628702288766807	2.24782702703608
13.86053815832134	2.239724443999328
14.087007556364172	2.230589330789349
14.307718705470615	2.2204369895954
14.52242224847257	2.209283502837584
14.730980609601499	2.1971456264525684
14.933340327786732	2.184040710304986
15.129508800045794	2.169986639362913
15.319535680753372	2.155001790326238
15.503498543018482	2.1391049995369107
15.681492142112482	2.122315539020305
15.853620572121185	2.1046530983356053
16.019991666943742	2.0861377705417667
16.18071309862141	2.0667900410666027
16.33588973496513	2.0466307785969837
16.48562191643488	2.025681227364928
16.63000439488958	2.003963000369871
16.769125742292523	1.9814980732047842
16.903068087539474	1.958308778248865
17.03190707899576	1.9344177990366471
17.155711997794423	1.9098481646728789
17.27454596871666	1.8846232441865776
17.388466230701958	1.8587667407411206
17.497524440314738	1.8323026856365774
17.60176698966186	1.8052554320479672
17.701235326112364	1.7776496484552147
17.795966265395457	1.7495103117249684
17.88599232163783	1.7208626998477201
17.97134195932966	1.6917323841814191
18.052039836232044	1.6621452212450278
18.128107085613337	1.6321273441177098
18.199561548910374	1.6017051532962976
18.26641799096331	1.5709053070216714
18.32868829856917	1.5397547110485097
18.386381663297858	1.5082805078298396
18.439504749622902	1.476510065089195
18.488061849472693	1.4444709637531612
18.53205502432338	1.4121909852159786
18.571484235947363	1.379698097906313
18.606347466900218	1.3470204431283972
18.636640831799337	1.3141863201452813
18.66235868040225	1.2812241704750098
18.68349369345889	1.2481625613659857
18.70003697226612	1.2150301684190588
18.711978122820202	1.1818557573216832
18.719305335427297	1.1486681646586459
18.722005460603267	1.1154962777610775
18.720064082066045	1.0823690135561312
18.713465587603103	1.049315296374858
18.70219323857545	1.016364034676131
18.6862292388025	0.9835440966403013
18.665554803554144	0.9508842845838487
18.64015022936218	0.9184133081442739
18.60999496534032	0.8861597561776972
18.57506768668317	0.8541520673113271
18.53534637092489	0.8224184990847747
18.49080837791587	0.7909870956105755
18.441430532977765	0.7598856536771014
18.387189215467252	0.7291416872110489
18.32806045132037	0.6987823900065944
18.26402001569037	0.6688345965276089
18.195043525737162	0.6393247409049012
18.121106544265167	0.6102788139376057
18.04218469753298	0.5817223177063696
17.95825378852835	0.5536802179174726
17.8692899110007	0.5261768937327228
17.775269614137446	0.49923608491564525
17.676169743154155	0.4728808360953088
17.571968063546674	0.44713343793851207
17.462642802835628	0.4220153650001087
17.348172960219433	0.3975472100074898
17.228538250476806	0.37374861431733647
17.10371903669969	0.35063819427180554
16.973696171541746	0.32823346317235047
16.838450711601524	0.3065507485875026
16.697963457437965	0.28560510471905715
16.552214255577127	0.26541021957337996
16.401180977130497	0.2459783167241207
16.24483805835895	0.2273200515207889
16.083154448784665	0.2094444016999364
15.916090758423563	0.19235855250737227
15.743595321778	0.17606777665656645
15.565598794640202	0.16057530975731385
15.38200675926276	0.14588222227908285
15.192689618069897	0.13198728971838453
14.997468782471254	0.11888686348713053
14.796097776769454	0.10657474623472923
14.588236331757784	0.09504207702348938
14.373414748980217	0.08427723423317744
14.150984691421895	0.07426576765891554
13.920050887154105	0.06499037655454372
13.679375794239885	0.05643095822911244
13.427245633522965	0.04856476347738591
