# Table format: 1D
# table_unit = degC
# axis1_unit = kJ/kg/K
# This file was automatically generated by generate_data_files.py
-0.4999558449669621	-212.4352652062493
-0.4701961794444391	-211.47709605522166
-0.44108859024241703	-210.5253118832424
-0.4126122287055523	-209.58004048059186
-0.3847451186388156	-208.64133436169425
-0.35746148061078464	-207.70907578480347
-0.33074082074009314	-206.78328452821142
-0.30456564860053104	-205.86404979358724
-0.27891484711821457	-204.95129989422747
-0.25376928399123905	-204.0449973511732
-0.2291144429264181	-203.1452399346977
-0.20493281814025577	-202.25198871718283
-0.1812070377939042	-201.36517895129896
-0.15792467461530377	-200.48490303942333
-0.1350710432274556	-199.61114469205734
-0.11263061494806607	-198.74382933029602
-0.0905947156763926	-197.88313525831904
-0.06894432411519988	-197.02877439704818
-0.04767216663166346	-196.18094848981653
-0.026766613670577956	-195.33964807782246
-0.006216598952972032	-194.50486256608858
0.013989670945050194	-193.676536431481
0.03386082027932298	-192.85472551982727
0.05340655640579039	-192.03942537379078
0.07263710884621287	-191.23059315687578
0.09156028502347863	-190.42827172943555
0.11018466099878715	-189.63245760617627
0.12851914504870865	-188.84311866753393
0.1465708318908521	-188.06028670847584
0.16434732452392686	-187.2839592506941
0.18185638793225475	-186.51411411233877
0.19910456443516386	-185.75077045874139
0.21609853676275784	-184.9939302486849
0.23284511009325903	-184.24357895811184
0.2493503800547976	-183.499722981986
0.265620179826338	-182.76237052376263
0.2816605343141927	-182.03151149403473
0.29747707273850665	-181.30714427990844
0.31307494669822344	-180.5892799968169
0.3284595071552686	-179.87791214450706
0.3436359210212709	-179.17303435412822
0.3586087802906766	-178.47465859346147
0.37338285208594385	-177.78278118485073
0.38796285880496156	-177.0973932061602
0.4023529233437122	-176.41850624728357
0.41655730503645233	-175.74611879203144
0.43058030693913407	-175.08022083739428
0.44442564245899896	-174.4208233127238
0.458097154687198	-173.7679250780563
0.47159872862260094	-173.12151724909265
0.4849337332912651	-172.48160922480906
0.49810569999736093	-171.8481997050844
0.5111184363443423	-171.22128475335842
0.536676168891759	-169.98694393503092
0.5492283631250044	-169.37951641850498
0.5616331402265896	-168.77858735484108
0.5738933430389298	-168.1841565694873
0.5860118273245143	-167.59621917859604
0.5979911592180104	-167.01477957534027
0.6098339123702755	-166.43983802610018
0.6215426635170155	-165.87139098492506
0.6331197876431731	-165.30944056761123
0.6445675986023744	-164.75398830799784
0.6558884340249955	-164.20503143450742
0.6670844941161644	-163.6625703326205
0.6781578673944277	-163.1266074136782
0.6891106823976557	-162.59714050509746
0.6999449781352454	-162.07416887136617
0.7106626532268676	-161.55769533893607
0.7212656543051117	-161.04771824783097
0.7317558756826457	-160.54423618504995
0.7421350580598235	-160.04725207813496
0.752404992908987	-159.556764698666
0.7625674487932677	-159.07277227529568
0.7726240379421239	-158.59527762909988
0.782576424562795	-158.12427988257858
0.7924262710726974	-157.65977714438844
0.8021750897774912	-157.20177200713258
0.8118244462782863	-156.7502638166127
0.8213759172266795	-156.30525079550907
0.8308309449163276	-155.86673514832836
0.8401910206879248	-155.4347165121039
0.849457661345614	-155.00919323292555
0.8586322678491751	-154.59016705331138
0.8677162817457686	-154.17763797630448
0.8944392539430481	-152.97902821357167
0.9031753105568934	-152.5924844827166
0.9203985903869862	-151.83888722623573
0.9288887313930998	-151.4718332260457
0.9456333417398037	-150.75721501523213
0.9538908130020041	-150.4096506976981
0.9701837798390855	-149.73401158055833
0.9782224320381206	-149.40593690991244
0.9940923182475214	-148.76927692160183
1.001926946330589	-148.46069187162544
1.0174045993796061	-147.86301103737202
1.0250513595269046	-147.57391558927998
1.0476478121554893	-146.74560806744
1.0697756009759858	-145.97576930925652
1.0915040493097945	-145.2643993168202
1.112916760041069	-144.61149809142688
1.1341181621172096	-144.01706563377894
1.1411606332298179	-143.83191452264717
1.1552439810704611	-143.48110194413923
1.162299121040251	-143.31544043745538
1.1764786908311369	-143.00360702245064
1.18362351240312	-142.85743511221904
1.1980859388568914	-142.5845808684311
1.205434390628244	-142.45789854929157
1.2204640355770278	-142.22402348164493
1.2281946922876597	-142.1168307503352
1.2442500237729903	-141.92193486153917
1.2526574169385294	-141.8342317165169
1.2705021655940396	-141.6783150074019
1.2800692384510461	-141.61010144871597
1.3008405322444228	-141.49316391829427
1.3121299046345103	-141.4444404553809
1.3488697144917405	-141.3372472119606
1.385887612896888	-141.28852324101322
1.397556432816892	-141.28527497628554
1.408856157044603	-141.28852324101322
1.4409196673783589	-141.3372472119606
1.4706399321766142	-141.44443923513091
1.4801062395053188	-141.49316391829427
1.4984492306102775	-141.61010144871597
1.5073490092545203	-141.6783150074019
1.524677972767826	-141.8342317165169
1.533132318512305	-141.92193486153917
1.5496821360755542	-142.1168307503352
1.5577974179859941	-142.22402348164493
1.5737534582802755	-142.45789854929157
1.5816085843698904	-142.5845808684311
1.5971047315489961	-142.85743511221904
1.604756144558818	-143.00360702245064
1.6198883639883936	-143.31544043745538
1.6273768772938941	-143.48110194413923
1.642215464675529	-143.83191452264717
1.6495714778500652	-144.01706563377894
1.6714168761741586	-144.61149809142688
1.6929746032400144	-145.2643993168202
1.7142964701718928	-145.97576930925652
1.7354284516537675	-146.74560806744
1.7564133610879116	-147.57391558927998
1.7633828103733566	-147.86301103737202
1.7772927071770162	-148.46069187162544
1.7842361716602004	-148.76927692160183
1.7981079975988496	-149.40593690991244
1.805039481252739	-149.73401158055833
1.8189016761191126	-150.4096506976981
1.8258356594633636	-150.75721501523213
1.839717826737193	-151.4718332260457
1.8466694671805155	-151.83888722623573
1.8606027420716673	-152.5924844827166
1.8675880458614174	-152.97902821357167
1.8886414127762239	-154.17763797630448
1.909882960120248	-155.4347165121039
1.9313699955347048	-156.7502638166127
1.9531643544351998	-158.12427988257858
1.9753331105563443	-159.556764698666
1.9828183727963578	-160.04725207813496
1.9979494097444632	-161.04771824783097
2.0056012922943425	-161.55769533893607
2.0210934529320546	-162.59714050509746
2.0289404430603892	-163.1266074136782
2.044853657248545	-164.20503143450742
2.052927269317977	-164.75398830799784
2.0693280293675547	-165.87139098492506
2.0776633142024883	-166.43983802610018
2.1032619411857225	-168.1841565694873
2.129850380327041	-169.98694393503092
2.138957072611925	-170.60085218788453
2.148192557763206	-171.22128475335842
2.157571875190938	-171.8481997050844
2.186590077700076	-173.7679250780563
2.217089627994763	-175.74611879203144
2.2276216651097616	-176.41850624728357
2.2492833565253623	-177.78278118485073
2.2604327286920394	-178.47465859346147
2.2834160000241694	-179.87791214450706
2.2952724203032724	-180.5892799968169
2.3197708442134815	-182.03151149403473
2.3324384660806707	-182.76237052376263
2.358677539608025	-184.24357895811184
2.372277910621272	-184.9939302486849
2.4005217777327843	-186.51411411233877
2.4151974910714658	-187.2839592506941
2.4616765612729337	-189.63245760617627
2.5122832729308575	-192.03942537379078
2.5676949340557202	-194.50486256608858
2.628718198709342	-197.02877439704818
2.650444560503754	-197.88313525831904
2.696349575717563	-199.61114469205734
2.7205650641416375	-200.48490303942333
2.7717617897371984	-202.25198871718283
2.798880659930245	-203.1452399346977
2.827081611241192	-204.04495350133863
2.8564134061488544	-204.95129989422747
2.8869871371622553	-205.86404979358724
2.9188642547306847	-206.7832243971746
2.952091590458065	-207.70907578480347
2.986798425481688	-208.64133436169425
3.023092352461954	-209.57996103409644
3.0610108996591956	-210.5253118832424
3.1006890476414632	-211.47709605522166
3.142326382917605	-212.43516383020008
