# Table format: XY
# axis1_unit = null
# axis2_unit = m
# axis3_unit = m**2
# axis4_unit = m
# axis5_unit = m
#C	hfl/Ref			Awet1			z barWet1/Ref	Diam Hydro1	
# Orientation 1 : pitch = -20.0 degree ;   roll = -20.0 degree
1	3.651956E-01	3.140674E-02	2.705335E-01	1.999461E-01	
2	3.451956E-01	2.963829E-02	2.655854E-01	1.915703E-01	
3	3.251956E-01	2.657431E-02	2.576114E-01	1.769941E-01	
4	3.051956E-01	2.286183E-02	2.482954E-01	1.589653E-01	
5	2.851956E-01	1.879555E-02	2.381729E-01	1.384851E-01	
6	2.651956E-01	1.458301E-02	2.274940E-01	1.160545E-01	
7	2.451956E-01	1.042402E-02	2.164022E-01	9.208994E-02	
8	2.251956E-01	6.517147E-03	2.050153E-01	6.684233E-02	
9	2.051956E-01	3.103849E-03	1.932786E-01	4.046876E-02	
10	1.851956E-01	5.798367E-04	1.814434E-01	1.313022E-02	
11	1.758065E-01	0.000000E+00	1.758065E-01	0.000000E+00	
# Orientation 2 : pitch = -16.0 degree ;   roll = -20.0 degree
1	4.082675E-01	3.140808E-02	3.138559E-01	1.999550E-01	
2	3.882675E-01	2.963128E-02	3.089057E-01	1.915370E-01	
3	3.682675E-01	2.655578E-02	3.009250E-01	1.769053E-01	
4	3.482675E-01	2.283016E-02	2.916025E-01	1.588091E-01	
5	3.282675E-01	1.875027E-02	2.814694E-01	1.382507E-01	
6	3.082675E-01	1.452781E-02	2.707937E-01	1.157541E-01	
7	2.882675E-01	1.035806E-02	2.596901E-01	9.168882E-02	
8	2.682675E-01	6.446320E-03	2.482717E-01	6.634334E-02	
9	2.482675E-01	3.038291E-03	2.365624E-01	3.989050E-02	
10	2.282675E-01	5.361022E-04	2.247029E-01	1.245950E-02	
11	2.193856E-01	0.000000E+00	2.193856E-01	0.000000E+00	
# Orientation 3 : pitch = -12.0 degree ;   roll = -20.0 degree
1	4.498612E-01	3.140933E-02	3.556525E-01	1.999614E-01	
2	4.298612E-01	2.962578E-02	3.506982E-01	1.915112E-01	
3	4.098612E-01	2.654086E-02	3.427121E-01	1.768338E-01	
4	3.898612E-01	2.280466E-02	3.333842E-01	1.586833E-01	
5	3.698612E-01	1.871474E-02	3.232261E-01	1.380683E-01	
6	3.498612E-01	1.448273E-02	3.125571E-01	1.155059E-01	
7	3.298612E-01	1.030699E-02	3.014616E-01	9.138339E-02	
8	3.098612E-01	6.390914E-03	2.900693E-01	6.595746E-02	
9	2.898612E-01	2.985845E-03	2.783239E-01	3.942507E-02	
10	2.698612E-01	5.016934E-04	2.664603E-01	1.191885E-02	
11	2.613853E-01	0.000000E+00	2.613853E-01	0.000000E+00	
# Orientation 4 : pitch = -8.0 degree ;   roll = -20.0 degree
1	4.897770E-01	3.140314E-02	3.956872E-01	1.999250E-01	
2	4.697770E-01	2.962163E-02	3.907590E-01	1.914915E-01	
3	4.497770E-01	2.652994E-02	3.827690E-01	1.767815E-01	
4	4.297770E-01	2.278598E-02	3.734373E-01	1.585912E-01	
5	4.097770E-01	1.868531E-02	3.632890E-01	1.379099E-01	
6	3.897770E-01	1.444724E-02	3.525969E-01	1.153046E-01	
7	3.697770E-01	1.026713E-02	3.415163E-01	9.113749E-02	
8	3.497770E-01	6.348234E-03	3.301175E-01	6.565152E-02	
9	3.297770E-01	2.947607E-03	3.183619E-01	3.908409E-02	
10	3.097770E-01	4.769589E-04	3.064959E-01	1.152264E-02	
11	3.015975E-01	0.000000E+00	3.015975E-01	0.000000E+00	
# Orientation 5 : pitch = -4.0 degree ;   roll = -20.0 degree
1	5.278231E-01	3.140926E-02	4.338530E-01	1.999610E-01	
2	5.078231E-01	2.961916E-02	4.288931E-01	1.914799E-01	
3	4.878231E-01	2.652324E-02	4.209008E-01	1.767494E-01	
4	4.678231E-01	2.277456E-02	4.115667E-01	1.585348E-01	
5	4.478231E-01	1.866915E-02	4.014162E-01	1.378264E-01	
6	4.278231E-01	1.442793E-02	3.906939E-01	1.152002E-01	
7	4.078231E-01	1.024440E-02	3.796291E-01	9.100137E-02	
8	3.878231E-01	6.322853E-03	3.682484E-01	6.547170E-02	
9	3.678231E-01	2.924330E-03	3.564814E-01	3.887590E-02	
10	3.478231E-01	4.620565E-04	3.446145E-01	1.128066E-02	
11	3.398240E-01	0.000000E+00	3.398240E-01	0.000000E+00	
# Orientation 6 : pitch = 0.0 degree ;   roll = -20.0 degree
1	5.638155E-01	3.140914E-02	4.698744E-01	1.999602E-01	
2	5.438155E-01	2.961829E-02	4.649151E-01	1.914757E-01	
3	5.238155E-01	2.652100E-02	4.569219E-01	1.767386E-01	
4	5.038155E-01	2.277073E-02	4.475870E-01	1.585159E-01	
5	4.838155E-01	1.866372E-02	4.374357E-01	1.377984E-01	
6	4.638155E-01	1.442086E-02	4.267142E-01	1.151606E-01	
7	4.438155E-01	1.023646E-02	4.156484E-01	9.095282E-02	
8	4.238155E-01	6.316800E-03	4.042472E-01	6.543707E-02	
9	4.038155E-01	2.916596E-03	3.924939E-01	3.880692E-02	
10	3.838155E-01	4.571090E-04	3.806216E-01	1.119997E-02	
11	3.758770E-01	0.000000E+00	3.758770E-01	0.000000E+00	
# Orientation 7 : pitch = 4.0 degree ;   roll = -20.0 degree
1	5.975795E-01	3.140314E-02	5.035800E-01	1.999250E-01	
2	5.775795E-01	2.961917E-02	4.986493E-01	1.914799E-01	
3	5.575795E-01	2.652326E-02	4.906568E-01	1.767495E-01	
4	5.375795E-01	2.277459E-02	4.813227E-01	1.585349E-01	
5	5.175795E-01	1.866917E-02	4.711721E-01	1.378265E-01	
6	4.975795E-01	1.442771E-02	4.604769E-01	1.151991E-01	
7	4.775795E-01	1.024405E-02	4.493880E-01	9.099812E-02	
8	4.575795E-01	6.324935E-03	4.379939E-01	6.549352E-02	
9	4.375795E-01	2.924342E-03	4.262380E-01	3.887599E-02	
10	4.175795E-01	4.620666E-04	4.143712E-01	1.128083E-02	
11	4.095805E-01	0.000000E+00	4.095805E-01	0.000000E+00	
# Orientation 8 : pitch = 8.0 degree ;   roll = -20.0 degree
1	6.289501E-01	3.140931E-02	5.348886E-01	1.999613E-01	
2	6.089501E-01	2.962160E-02	5.299312E-01	1.914913E-01	
3	5.889501E-01	2.652991E-02	5.219411E-01	1.767814E-01	
4	5.689501E-01	2.278596E-02	5.126092E-01	1.585911E-01	
5	5.489501E-01	1.868529E-02	5.024607E-01	1.379098E-01	
6	5.289501E-01	1.444970E-02	4.917776E-01	1.153250E-01	
7	5.089501E-01	1.026723E-02	4.806895E-01	9.113833E-02	
8	4.889501E-01	6.350388E-03	4.692777E-01	6.567423E-02	
9	4.689501E-01	2.946532E-03	4.576176E-01	3.907017E-02	
10	4.489501E-01	4.769509E-04	4.456690E-01	1.152251E-02	
11	4.407706E-01	0.000000E+00	4.407706E-01	0.000000E+00	
# Orientation 9 : pitch = 12.0 degree ;   roll = -20.0 degree
1	6.577729E-01	3.140790E-02	5.635617E-01	1.999531E-01	
2	6.377729E-01	2.962575E-02	5.586085E-01	1.915110E-01	
3	6.177729E-01	2.654086E-02	5.506223E-01	1.768338E-01	
4	5.977729E-01	2.280466E-02	5.412942E-01	1.586834E-01	
5	5.777729E-01	1.871161E-02	5.311492E-01	1.380455E-01	
6	5.577729E-01	1.448227E-02	5.204661E-01	1.155027E-01	
7	5.377729E-01	1.030655E-02	5.093515E-01	9.137949E-02	
8	5.177729E-01	6.391067E-03	4.979837E-01	6.595902E-02	
9	4.977729E-01	2.985803E-03	4.862367E-01	3.942450E-02	
10	4.777729E-01	5.016935E-04	4.743724E-01	1.191885E-02	
11	4.692970E-01	0.000000E+00	4.692970E-01	0.000000E+00	
# Orientation 10 : pitch = 16.0 degree ;   roll = -20.0 degree
1	6.839048E-01	3.140858E-02	5.895036E-01	1.999566E-01	
2	6.639048E-01	2.963129E-02	5.845413E-01	1.915371E-01	
3	6.439048E-01	2.655575E-02	5.765604E-01	1.769052E-01	
4	6.239048E-01	2.283016E-02	5.672375E-01	1.588091E-01	
5	6.039048E-01	1.874975E-02	5.571050E-01	1.382470E-01	
6	5.839048E-01	1.452737E-02	5.464165E-01	1.157505E-01	
7	5.639048E-01	1.035871E-02	5.353353E-01	9.169495E-02	
8	5.439048E-01	6.446879E-03	5.239508E-01	6.634965E-02	
9	5.239048E-01	3.038226E-03	5.122025E-01	3.988967E-02	
10	5.039048E-01	5.360937E-04	5.003405E-01	1.245936E-02	
11	4.950229E-01	0.000000E+00	4.950229E-01	0.000000E+00	
# Orientation 11 : pitch = 20.0 degree ;   roll = -20.0 degree
1	7.072157E-01	3.140686E-02	6.125468E-01	1.999469E-01	
2	6.872157E-01	2.963830E-02	6.076032E-01	1.915704E-01	
3	6.672157E-01	2.657430E-02	5.996291E-01	1.769941E-01	
4	6.472157E-01	2.286182E-02	5.903127E-01	1.589653E-01	
5	6.272157E-01	1.879621E-02	5.801981E-01	1.384908E-01	
6	6.072157E-01	1.458381E-02	5.695028E-01	1.160614E-01	
7	5.872157E-01	1.042389E-02	5.584341E-01	9.208917E-02	
8	5.672157E-01	6.516297E-03	5.470604E-01	6.683367E-02	
9	5.472157E-01	3.103837E-03	5.352979E-01	4.046865E-02	
10	5.272157E-01	5.798649E-04	5.234461E-01	1.313091E-02	
11	5.178266E-01	0.000000E+00	5.178266E-01	0.000000E+00	
# Orientation 12 : pitch = -20.0 degree ;   roll = -16.0 degree
1	3.772225E-01	3.140673E-02	2.806681E-01	1.999461E-01	
2	3.572225E-01	2.968895E-02	2.757602E-01	1.918101E-01	
3	3.372225E-01	2.670896E-02	2.678375E-01	1.776392E-01	
4	3.172225E-01	2.309227E-02	2.585710E-01	1.601004E-01	
5	2.972225E-01	1.912001E-02	2.484872E-01	1.401510E-01	
6	2.772225E-01	1.499898E-02	2.378158E-01	1.183441E-01	
7	2.572225E-01	1.090283E-02	2.268053E-01	9.496850E-02	
8	2.372225E-01	7.027481E-03	2.154753E-01	7.034876E-02	
9	2.172225E-01	3.593487E-03	2.037480E-01	4.467067E-02	
10	1.972225E-01	9.301951E-04	1.919365E-01	1.801638E-02	
11	1.840478E-01	0.000000E+00	1.840478E-01	0.000000E+00	
# Orientation 13 : pitch = -16.0 degree ;   roll = -16.0 degree
1	4.206193E-01	3.140314E-02	3.241934E-01	1.999250E-01	
2	4.006193E-01	2.968469E-02	3.193153E-01	1.917898E-01	
3	3.806193E-01	2.669773E-02	3.113885E-01	1.775854E-01	
4	3.606193E-01	2.307304E-02	3.021178E-01	1.600058E-01	
5	3.406193E-01	1.909398E-02	2.920380E-01	1.400203E-01	
6	3.206193E-01	1.496452E-02	2.813976E-01	1.181570E-01	
7	3.006193E-01	1.086475E-02	2.703505E-01	9.474682E-02	
8	2.806193E-01	6.985652E-03	2.589873E-01	7.006842E-02	
9	2.606193E-01	3.550799E-03	2.473561E-01	4.430873E-02	
10	2.406193E-01	8.989172E-04	2.354618E-01	1.760835E-02	
11	2.277674E-01	0.000000E+00	2.277674E-01	0.000000E+00	
# Orientation 14 : pitch = -12.0 degree ;   roll = -16.0 degree
1	4.624689E-01	3.140932E-02	3.662020E-01	1.999613E-01	
2	4.424689E-01	2.968134E-02	3.612915E-01	1.917741E-01	
3	4.224689E-01	2.668869E-02	3.533613E-01	1.775421E-01	
4	4.024689E-01	2.305757E-02	3.440875E-01	1.599296E-01	
5	3.824689E-01	1.907408E-02	3.339756E-01	1.399219E-01	
6	3.624689E-01	1.493626E-02	3.233573E-01	1.180010E-01	
7	3.424689E-01	1.083058E-02	3.123026E-01	9.453697E-02	
8	3.224689E-01	6.950409E-03	3.009352E-01	6.982569E-02	
9	3.024689E-01	3.518297E-03	2.892347E-01	4.403768E-02	
10	2.824689E-01	8.740451E-04	2.774172E-01	1.728054E-02	
11	2.698752E-01	0.000000E+00	2.698752E-01	0.000000E+00	
# Orientation 15 : pitch = -8.0 degree ;   roll = -16.0 degree
1	5.025695E-01	3.140934E-02	4.063984E-01	1.999616E-01	
2	4.825695E-01	2.967889E-02	4.014844E-01	1.917625E-01	
3	4.625695E-01	2.668209E-02	3.935517E-01	1.775105E-01	
4	4.425695E-01	2.304627E-02	3.842754E-01	1.598740E-01	
5	4.225695E-01	1.905401E-02	3.741782E-01	1.398106E-01	
6	4.025695E-01	1.491302E-02	3.635294E-01	1.178666E-01	
7	3.825695E-01	1.080898E-02	3.524474E-01	9.441253E-02	
8	3.625695E-01	6.925366E-03	3.411245E-01	6.965555E-02	
9	3.425695E-01	3.493936E-03	3.294116E-01	4.383179E-02	
10	3.225695E-01	8.560049E-04	3.175960E-01	1.704083E-02	
11	3.101641E-01	0.000000E+00	3.101641E-01	0.000000E+00	
# Orientation 16 : pitch = -4.0 degree ;   roll = -16.0 degree
1	5.407272E-01	3.140926E-02	4.446121E-01	1.999610E-01	
2	5.207272E-01	2.967744E-02	4.396979E-01	1.917557E-01	
3	5.007272E-01	2.667808E-02	4.317641E-01	1.774913E-01	
4	4.807272E-01	2.303940E-02	4.224863E-01	1.598402E-01	
5	4.607272E-01	1.904424E-02	4.123876E-01	1.397603E-01	
6	4.407272E-01	1.490199E-02	4.017434E-01	1.178096E-01	
7	4.207272E-01	1.079404E-02	3.906910E-01	9.432213E-02	
8	4.007272E-01	6.911748E-03	3.793242E-01	6.956868E-02	
9	3.807272E-01	3.479080E-03	3.676192E-01	4.370581E-02	
10	3.607272E-01	8.451278E-04	3.557875E-01	1.689584E-02	
11	3.484365E-01	0.000000E+00	3.484365E-01	0.000000E+00	
# Orientation 17 : pitch = 0.0 degree ;   roll = -16.0 degree
1	5.767571E-01	3.140914E-02	4.806597E-01	1.999602E-01	
2	5.567571E-01	2.967691E-02	4.757465E-01	1.917532E-01	
3	5.367571E-01	2.667674E-02	4.678120E-01	1.774849E-01	
4	5.167571E-01	2.303709E-02	4.585337E-01	1.598288E-01	
5	4.967571E-01	1.904098E-02	4.484346E-01	1.397435E-01	
6	4.767571E-01	1.489754E-02	4.377697E-01	1.177842E-01	
7	4.567571E-01	1.078985E-02	4.267385E-01	9.429890E-02	
8	4.367571E-01	6.904665E-03	4.153860E-01	6.951379E-02	
9	4.167571E-01	3.474138E-03	4.036629E-01	4.366399E-02	
10	3.967571E-01	8.414207E-04	3.918458E-01	1.684587E-02	
11	3.845047E-01	0.000000E+00	3.845047E-01	0.000000E+00	
# Orientation 18 : pitch = 4.0 degree ;   roll = -16.0 degree
1	6.104838E-01	3.140314E-02	5.143384E-01	1.999250E-01	
2	5.904838E-01	2.967744E-02	5.094541E-01	1.917557E-01	
3	5.704838E-01	2.667809E-02	5.015201E-01	1.774914E-01	
4	5.504838E-01	2.303941E-02	4.922422E-01	1.598402E-01	
5	5.304838E-01	1.904425E-02	4.821435E-01	1.397604E-01	
6	5.104838E-01	1.490192E-02	4.714953E-01	1.178091E-01	
7	4.904838E-01	1.079236E-02	4.604439E-01	9.430729E-02	
8	4.704838E-01	6.909962E-03	4.490527E-01	6.954995E-02	
9	4.504838E-01	3.479105E-03	4.373740E-01	4.370609E-02	
10	4.304838E-01	8.450864E-04	4.255569E-01	1.689498E-02	
11	4.181930E-01	0.000000E+00	4.181930E-01	0.000000E+00	
# Orientation 19 : pitch = 8.0 degree ;   roll = -16.0 degree
1	6.417427E-01	3.140314E-02	5.455400E-01	1.999250E-01	
2	6.217427E-01	2.967896E-02	5.406564E-01	1.917629E-01	
3	6.017427E-01	2.668211E-02	5.327240E-01	1.775106E-01	
4	5.817427E-01	2.304629E-02	5.234475E-01	1.598741E-01	
5	5.617427E-01	1.905402E-02	5.133500E-01	1.398106E-01	
6	5.417427E-01	1.491431E-02	5.027038E-01	1.178770E-01	
7	5.217427E-01	1.080672E-02	4.916533E-01	9.439340E-02	
8	5.017427E-01	6.927302E-03	4.802910E-01	6.967549E-02	
9	4.817427E-01	3.493922E-03	4.685859E-01	4.383155E-02	
10	4.617427E-01	8.560121E-04	4.567706E-01	1.704092E-02	
11	4.493373E-01	0.000000E+00	4.493373E-01	0.000000E+00	
# Orientation 20 : pitch = 12.0 degree ;   roll = -16.0 degree
1	6.703807E-01	3.140314E-02	5.740839E-01	1.999250E-01	
2	6.503807E-01	2.968138E-02	5.692019E-01	1.917743E-01	
3	6.303807E-01	2.668871E-02	5.612717E-01	1.775422E-01	
4	6.103807E-01	2.305759E-02	5.519975E-01	1.599297E-01	
5	5.903807E-01	1.906994E-02	5.419021E-01	1.398922E-01	
6	5.703807E-01	1.493572E-02	5.312657E-01	1.179971E-01	
7	5.503807E-01	1.083083E-02	5.202035E-01	9.453902E-02	
8	5.303807E-01	6.952694E-03	5.088525E-01	6.984922E-02	
9	5.103807E-01	3.518333E-03	4.971444E-01	4.403810E-02	
10	4.903807E-01	8.740468E-04	4.853331E-01	1.728050E-02	
11	4.777870E-01	0.000000E+00	4.777870E-01	0.000000E+00	
# Orientation 21 : pitch = 16.0 degree ;   roll = -16.0 degree
1	6.962568E-01	3.140860E-02	5.998713E-01	1.999568E-01	
2	6.762568E-01	2.968470E-02	5.949510E-01	1.917899E-01	
3	6.562568E-01	2.669770E-02	5.870240E-01	1.775853E-01	
4	6.362568E-01	2.307303E-02	5.777530E-01	1.600057E-01	
5	6.162568E-01	1.909392E-02	5.676683E-01	1.400200E-01	
6	5.962568E-01	1.496294E-02	5.570241E-01	1.181447E-01	
7	5.762568E-01	1.086418E-02	5.459803E-01	9.474182E-02	
8	5.562568E-01	6.986706E-03	5.346309E-01	7.007933E-02	
9	5.362568E-01	3.551666E-03	5.229182E-01	4.431892E-02	
10	5.162568E-01	8.989165E-04	5.111002E-01	1.760836E-02	
11	5.034048E-01	0.000000E+00	5.034048E-01	0.000000E+00	
# Orientation 22 : pitch = 20.0 degree ;   roll = -16.0 degree
1	7.192427E-01	3.140314E-02	6.226554E-01	1.999250E-01	
2	6.992427E-01	2.968897E-02	6.177782E-01	1.918102E-01	
3	6.792427E-01	2.670896E-02	6.098554E-01	1.776392E-01	
4	6.592427E-01	2.309228E-02	6.005884E-01	1.601004E-01	
5	6.392427E-01	1.912127E-02	5.905080E-01	1.401605E-01	
6	6.192427E-01	1.499732E-02	5.798654E-01	1.183321E-01	
7	5.992427E-01	1.090451E-02	5.688348E-01	9.498308E-02	
8	5.792427E-01	7.030152E-03	5.574783E-01	7.037597E-02	
9	5.592427E-01	3.593536E-03	5.457652E-01	4.467126E-02	
10	5.392427E-01	9.302071E-04	5.339550E-01	1.801657E-02	
11	5.260680E-01	0.000000E+00	5.260680E-01	0.000000E+00	
# Orientation 23 : pitch = -20.0 degree ;   roll = -12.0 degree
1	3.866419E-01	3.140314E-02	2.885691E-01	1.999250E-01	
2	3.666419E-01	2.972705E-02	2.837253E-01	1.919904E-01	
3	3.466419E-01	2.681036E-02	2.758422E-01	1.781246E-01	
4	3.266419E-01	2.326609E-02	2.666139E-01	1.609550E-01	
5	3.066419E-01	1.936688E-02	2.565655E-01	1.414174E-01	
6	2.866419E-01	1.531156E-02	2.459725E-01	1.200481E-01	
7	2.666419E-01	1.126943E-02	2.349475E-01	9.715184E-02	
8	2.466419E-01	7.423611E-03	2.235866E-01	7.302924E-02	
9	2.266419E-01	3.976658E-03	2.120036E-01	4.783114E-02	
10	2.066419E-01	1.227919E-03	2.001534E-01	2.170080E-02	
11	1.904961E-01	0.000000E+00	1.904961E-01	0.000000E+00	
# Orientation 24 : pitch = -16.0 degree ;   roll = -12.0 degree
1	4.302917E-01	3.140679E-02	3.323412E-01	1.999465E-01	
2	4.102917E-01	2.972473E-02	3.274640E-01	1.919793E-01	
3	3.902917E-01	2.680428E-02	3.195787E-01	1.780955E-01	
4	3.702917E-01	2.325567E-02	3.103481E-01	1.609038E-01	
5	3.502917E-01	1.935335E-02	3.003022E-01	1.413512E-01	
6	3.302917E-01	1.529280E-02	2.896909E-01	1.199457E-01	
7	3.102917E-01	1.124893E-02	2.786833E-01	9.703483E-02	
8	2.902917E-01	7.398557E-03	2.673499E-01	7.285768E-02	
9	2.702917E-01	3.951745E-03	2.558093E-01	4.762223E-02	
10	2.502917E-01	1.209332E-03	2.438776E-01	2.148000E-02	
11	2.343267E-01	0.000000E+00	2.343267E-01	0.000000E+00	
# Orientation 25 : pitch = -12.0 degree ;   roll = -12.0 degree
1	4.723408E-01	3.140932E-02	3.744610E-01	1.999613E-01	
2	4.523408E-01	2.972295E-02	3.695840E-01	1.919710E-01	
3	4.323408E-01	2.679944E-02	3.616969E-01	1.780723E-01	
4	4.123408E-01	2.324735E-02	3.524646E-01	1.608629E-01	
5	3.923408E-01	1.933981E-02	3.424044E-01	1.412781E-01	
6	3.723408E-01	1.527734E-02	3.317753E-01	1.198602E-01	
7	3.523408E-01	1.122958E-02	3.207857E-01	9.691507E-02	
8	3.323408E-01	7.379870E-03	3.094601E-01	7.273344E-02	
9	3.123408E-01	3.935398E-03	2.977737E-01	4.749752E-02	
10	2.923408E-01	1.194519E-03	2.859871E-01	2.130320E-02	
11	2.765204E-01	0.000000E+00	2.765204E-01	0.000000E+00	
# Orientation 26 : pitch = -8.0 degree ;   roll = -12.0 degree
1	5.125853E-01	3.140935E-02	4.147593E-01	1.999616E-01	
2	4.925853E-01	2.972166E-02	4.098802E-01	1.919649E-01	
3	4.725853E-01	2.679588E-02	4.019918E-01	1.780553E-01	
4	4.525853E-01	2.324126E-02	3.927581E-01	1.608330E-01	
5	4.325853E-01	1.933092E-02	3.827003E-01	1.412321E-01	
6	4.125853E-01	1.526439E-02	3.720878E-01	1.197856E-01	
7	3.925853E-01	1.121694E-02	3.610678E-01	9.684065E-02	
8	3.725853E-01	7.364571E-03	3.497624E-01	7.262657E-02	
9	3.525853E-01	3.921788E-03	3.380621E-01	4.738646E-02	
10	3.325853E-01	1.183755E-03	3.262703E-01	2.117435E-02	
11	3.168702E-01	0.000000E+00	3.168702E-01	0.000000E+00	
# Orientation 27 : pitch = -4.0 degree ;   roll = -12.0 degree
1	5.508298E-01	3.140926E-02	4.530350E-01	1.999610E-01	
2	5.308298E-01	2.972089E-02	4.481557E-01	1.919613E-01	
3	5.108298E-01	2.679372E-02	4.402668E-01	1.780449E-01	
4	4.908298E-01	2.323754E-02	4.310324E-01	1.608147E-01	
5	4.708298E-01	1.932563E-02	4.209738E-01	1.412050E-01	
6	4.508298E-01	1.525885E-02	4.103669E-01	1.197586E-01	
7	4.308298E-01	1.121079E-02	3.993480E-01	9.680905E-02	
8	4.108298E-01	7.357013E-03	3.880220E-01	7.257840E-02	
9	3.908298E-01	3.913524E-03	3.763315E-01	4.731909E-02	
10	3.708298E-01	1.177195E-03	3.645442E-01	2.109559E-02	
11	3.551788E-01	0.000000E+00	3.551788E-01	0.000000E+00	
# Orientation 28 : pitch = 0.0 degree ;   roll = -12.0 degree
1	5.868887E-01	3.140914E-02	4.891033E-01	1.999602E-01	
2	5.668887E-01	2.972060E-02	4.842252E-01	1.919600E-01	
3	5.468887E-01	2.679300E-02	4.763358E-01	1.780415E-01	
4	5.268887E-01	2.323631E-02	4.671010E-01	1.608087E-01	
5	5.068887E-01	1.932388E-02	4.570422E-01	1.411960E-01	
6	4.868887E-01	1.525476E-02	4.464203E-01	1.197318E-01	
7	4.668887E-01	1.120735E-02	4.354166E-01	9.678638E-02	
8	4.468887E-01	7.354102E-03	4.240915E-01	7.255859E-02	
9	4.268887E-01	3.910791E-03	4.123976E-01	4.729688E-02	
10	4.068887E-01	1.175011E-03	4.006118E-01	2.106935E-02	
11	3.912592E-01	0.000000E+00	3.912592E-01	0.000000E+00	
# Orientation 29 : pitch = 4.0 degree ;   roll = -12.0 degree
1	6.205862E-01	3.140314E-02	5.227607E-01	1.999250E-01	
2	6.005862E-01	2.972091E-02	5.179119E-01	1.919614E-01	
3	5.805862E-01	2.679373E-02	5.100228E-01	1.780450E-01	
4	5.605862E-01	2.323756E-02	5.007883E-01	1.608148E-01	
5	5.405862E-01	1.932565E-02	4.907296E-01	1.412051E-01	
6	5.205862E-01	1.525900E-02	4.801178E-01	1.197597E-01	
7	5.005862E-01	1.121012E-02	4.690873E-01	9.680327E-02	
8	4.805862E-01	7.357229E-03	4.577708E-01	7.258041E-02	
9	4.605862E-01	3.911320E-03	4.462187E-01	4.729295E-02	
10	4.405862E-01	1.177207E-03	4.343016E-01	2.109572E-02	
11	4.249352E-01	0.000000E+00	4.249352E-01	0.000000E+00	
# Orientation 30 : pitch = 8.0 degree ;   roll = -12.0 degree
1	6.517583E-01	3.140314E-02	5.539008E-01	1.999250E-01	
2	6.317583E-01	2.972164E-02	5.490524E-01	1.919649E-01	
3	6.117583E-01	2.679588E-02	5.411639E-01	1.780553E-01	
4	5.917583E-01	2.324126E-02	5.319301E-01	1.608330E-01	
5	5.717583E-01	1.933092E-02	5.218720E-01	1.412321E-01	
6	5.517583E-01	1.526442E-02	5.112592E-01	1.197859E-01	
7	5.317583E-01	1.121629E-02	5.002501E-01	9.683519E-02	
8	5.117583E-01	7.366689E-03	4.889191E-01	7.264731E-02	
9	4.917583E-01	3.921790E-03	4.772346E-01	4.738653E-02	
10	4.717583E-01	1.183762E-03	4.654451E-01	2.117448E-02	
11	4.560432E-01	0.000000E+00	4.560432E-01	0.000000E+00	
# Orientation 31 : pitch = 12.0 degree ;   roll = -12.0 degree
1	6.802525E-01	3.141593E-02	5.823422E-01	2.000000E-01	
2	6.602525E-01	2.972945E-02	5.774645E-01	1.920097E-01	
3	6.402525E-01	2.680583E-02	5.695764E-01	1.781118E-01	
4	6.202525E-01	2.325374E-02	5.603416E-01	1.609043E-01	
5	6.002525E-01	1.934595E-02	5.502814E-01	1.413205E-01	
6	5.802525E-01	1.528112E-02	5.396563E-01	1.198884E-01	
7	5.602525E-01	1.123428E-02	5.286194E-01	9.695419E-02	
8	5.402525E-01	7.383011E-03	5.172692E-01	7.276340E-02	
9	5.202525E-01	3.935564E-03	5.056728E-01	4.749949E-02	
10	5.002525E-01	1.194598E-03	4.938783E-01	2.130461E-02	
11	4.844320E-01	0.000000E+00	4.844320E-01	0.000000E+00	
# Orientation 32 : pitch = 16.0 degree ;   roll = -12.0 degree
1	7.059291E-01	3.140862E-02	6.079877E-01	1.999569E-01	
2	6.859291E-01	2.972474E-02	6.030996E-01	1.919794E-01	
3	6.659291E-01	2.680427E-02	5.952141E-01	1.780954E-01	
4	6.459291E-01	2.325567E-02	5.859832E-01	1.609038E-01	
5	6.259291E-01	1.935337E-02	5.759356E-01	1.413513E-01	
6	6.059291E-01	1.529243E-02	5.653259E-01	1.199433E-01	
7	5.859291E-01	1.124721E-02	5.543081E-01	9.701969E-02	
8	5.659291E-01	7.400102E-03	5.429738E-01	7.287305E-02	
9	5.459291E-01	3.954157E-03	5.313581E-01	4.765138E-02	
10	5.259291E-01	1.209332E-03	5.195171E-01	2.148000E-02	
11	5.099641E-01	0.000000E+00	5.099641E-01	0.000000E+00	
# Orientation 33 : pitch = 20.0 degree ;   roll = -12.0 degree
1	7.286620E-01	3.140314E-02	6.305891E-01	1.999250E-01	
2	7.086620E-01	2.972707E-02	6.257432E-01	1.919905E-01	
3	6.886620E-01	2.681037E-02	6.178599E-01	1.781247E-01	
4	6.686620E-01	2.326609E-02	6.086312E-01	1.609550E-01	
5	6.486620E-01	1.936691E-02	5.985868E-01	1.414176E-01	
6	6.286620E-01	1.531092E-02	5.879760E-01	1.200430E-01	
7	6.086620E-01	1.127084E-02	5.769750E-01	9.716439E-02	
8	5.886620E-01	7.424929E-03	5.656471E-01	7.304320E-02	
9	5.686620E-01	3.977390E-03	5.539607E-01	4.783930E-02	
10	5.486620E-01	1.227882E-03	5.421806E-01	2.170014E-02	
11	5.325162E-01	0.000000E+00	5.325162E-01	0.000000E+00	
# Orientation 34 : pitch = -20.0 degree ;   roll = -8.0 degree
1	3.934048E-01	3.140673E-02	2.942970E-01	1.999461E-01	
2	3.734048E-01	2.975357E-02	2.894421E-01	1.921159E-01	
3	3.534048E-01	2.688104E-02	2.815869E-01	1.784628E-01	
4	3.334048E-01	2.338739E-02	2.723859E-01	1.615506E-01	
5	3.134048E-01	1.954147E-02	2.623638E-01	1.423151E-01	
6	2.934048E-01	1.553112E-02	2.517943E-01	1.212400E-01	
7	2.734048E-01	1.152778E-02	2.407961E-01	9.868011E-02	
8	2.534048E-01	7.702340E-03	2.294653E-01	7.488511E-02	
9	2.334048E-01	4.251635E-03	2.178946E-01	5.004156E-02	
10	2.134048E-01	1.451068E-03	2.060566E-01	2.427213E-02	
11	1.951225E-01	0.000000E+00	1.951225E-01	0.000000E+00	
# Orientation 35 : pitch = -16.0 degree ;   roll = -8.0 degree
1	4.372357E-01	3.140314E-02	3.381346E-01	1.999250E-01	
2	4.172357E-01	2.975257E-02	3.333126E-01	1.921111E-01	
3	3.972357E-01	2.687843E-02	3.254567E-01	1.784503E-01	
4	3.772357E-01	2.338291E-02	3.162546E-01	1.615286E-01	
5	3.572357E-01	1.953417E-02	3.062366E-01	1.422761E-01	
6	3.372357E-01	1.552336E-02	2.956489E-01	1.211983E-01	
7	3.172357E-01	1.151764E-02	2.846449E-01	9.861855E-02	
8	2.972357E-01	7.690995E-03	2.733507E-01	7.480712E-02	
9	2.772357E-01	4.241144E-03	2.617692E-01	4.995727E-02	
10	2.572357E-01	1.442604E-03	2.499158E-01	2.417714E-02	
11	2.390336E-01	0.000000E+00	2.390336E-01	0.000000E+00	
# Orientation 36 : pitch = -12.0 degree ;   roll = -8.0 degree
1	4.794274E-01	3.140314E-02	3.803583E-01	1.999250E-01	
2	4.594274E-01	2.975183E-02	3.755358E-01	1.921076E-01	
3	4.394274E-01	2.687634E-02	3.676792E-01	1.784403E-01	
4	4.194274E-01	2.337933E-02	3.584763E-01	1.615110E-01	
5	3.994274E-01	1.952734E-02	3.484467E-01	1.422374E-01	
6	3.794274E-01	1.551632E-02	3.378681E-01	1.211590E-01	
7	3.594274E-01	1.150909E-02	3.268767E-01	9.856601E-02	
8	3.394274E-01	7.683249E-03	3.155650E-01	7.475750E-02	
9	3.194274E-01	4.231778E-03	3.040273E-01	4.987810E-02	
10	2.994274E-01	1.435843E-03	2.921326E-01	2.410110E-02	
11	2.812892E-01	0.000000E+00	2.812892E-01	0.000000E+00	
# Orientation 37 : pitch = -8.0 degree ;   roll = -8.0 degree
1	5.197746E-01	3.140314E-02	4.207289E-01	1.999250E-01	
2	4.997746E-01	2.975129E-02	4.159059E-01	1.921051E-01	
3	4.797746E-01	2.687481E-02	4.080488E-01	1.784329E-01	
4	4.597746E-01	2.337670E-02	3.988454E-01	1.614981E-01	
5	4.397746E-01	1.952358E-02	3.888156E-01	1.422182E-01	
6	4.197746E-01	1.551145E-02	3.782276E-01	1.211325E-01	
7	3.997746E-01	1.150399E-02	3.672322E-01	9.853714E-02	
8	3.797746E-01	7.676664E-03	3.559211E-01	7.471228E-02	
9	3.597746E-01	4.227585E-03	3.443062E-01	4.985175E-02	
10	3.397746E-01	1.430877E-03	3.325026E-01	2.404498E-02	
11	3.216831E-01	0.000000E+00	3.216831E-01	0.000000E+00	
# Orientation 38 : pitch = -4.0 degree ;   roll = -8.0 degree
1	5.580812E-01	3.140926E-02	4.590807E-01	1.999610E-01	
2	5.380812E-01	2.975093E-02	4.542263E-01	1.921034E-01	
3	5.180812E-01	2.687387E-02	4.463689E-01	1.784284E-01	
4	4.980812E-01	2.337509E-02	4.371652E-01	1.614902E-01	
5	4.780812E-01	1.952131E-02	4.271351E-01	1.422066E-01	
6	4.580812E-01	1.550756E-02	4.165572E-01	1.211094E-01	
7	4.380812E-01	1.150257E-02	4.055599E-01	9.853447E-02	
8	4.180812E-01	7.675047E-03	3.942343E-01	7.470809E-02	
9	3.980812E-01	4.224299E-03	3.825847E-01	4.982634E-02	
10	3.780812E-01	1.427866E-03	3.708200E-01	2.401102E-02	
11	3.600181E-01	0.000000E+00	3.600181E-01	0.000000E+00	
# Orientation 39 : pitch = 0.0 degree ;   roll = -8.0 degree
1	5.941608E-01	3.140314E-02	4.951339E-01	1.999250E-01	
2	5.741608E-01	2.975085E-02	4.903104E-01	1.921031E-01	
3	5.541608E-01	2.687356E-02	4.824529E-01	1.784270E-01	
4	5.341608E-01	2.337457E-02	4.732490E-01	1.614876E-01	
5	5.141608E-01	1.952056E-02	4.632188E-01	1.422027E-01	
6	4.941608E-01	1.550500E-02	4.526232E-01	1.210916E-01	
7	4.741608E-01	1.150111E-02	4.416290E-01	9.852489E-02	
8	4.541608E-01	7.671319E-03	4.303476E-01	7.467553E-02	
9	4.341608E-01	4.223093E-03	4.186682E-01	4.981671E-02	
10	4.141608E-01	1.426856E-03	4.069052E-01	2.399955E-02	
11	3.961071E-01	0.000000E+00	3.961071E-01	0.000000E+00	
# Orientation 40 : pitch = 4.0 degree ;   roll = -8.0 degree
1	6.278377E-01	3.140948E-02	5.288367E-01	1.999629E-01	
2	6.078377E-01	2.975100E-02	5.239824E-01	1.921038E-01	
3	5.878377E-01	2.687388E-02	5.161250E-01	1.784285E-01	
4	5.678377E-01	2.337510E-02	5.069211E-01	1.614903E-01	
5	5.478377E-01	1.952132E-02	4.968910E-01	1.422066E-01	
6	5.278377E-01	1.550797E-02	4.863051E-01	1.211124E-01	
7	5.078377E-01	1.150149E-02	4.753018E-01	9.852529E-02	
8	4.878377E-01	7.674750E-03	4.639999E-01	7.470525E-02	
9	4.678377E-01	4.223564E-03	4.523971E-01	4.981822E-02	
10	4.478377E-01	1.427915E-03	4.405696E-01	2.401181E-02	
11	4.297745E-01	0.000000E+00	4.297745E-01	0.000000E+00	
# Orientation 41 : pitch = 8.0 degree ;   roll = -8.0 degree
1	6.589477E-01	3.140314E-02	5.599020E-01	1.999250E-01	
2	6.389477E-01	2.975127E-02	5.550782E-01	1.921050E-01	
3	6.189477E-01	2.687482E-02	5.472210E-01	1.784330E-01	
4	5.989477E-01	2.337671E-02	5.380175E-01	1.614982E-01	
5	5.789477E-01	1.952360E-02	5.279874E-01	1.422183E-01	
6	5.589477E-01	1.550960E-02	5.174001E-01	1.211179E-01	
7	5.389477E-01	1.150449E-02	5.063749E-01	9.854139E-02	
8	5.189477E-01	7.678074E-03	4.951029E-01	7.472608E-02	
9	4.989477E-01	4.227957E-03	4.834403E-01	4.985544E-02	
10	4.789477E-01	1.430833E-03	4.716835E-01	2.404421E-02	
11	4.608562E-01	0.000000E+00	4.608562E-01	0.000000E+00	
# Orientation 42 : pitch = 12.0 degree ;   roll = -8.0 degree
1	6.873390E-01	3.140804E-02	5.882982E-01	1.999540E-01	
2	6.673390E-01	2.975185E-02	5.834460E-01	1.921078E-01	
3	6.473390E-01	2.687633E-02	5.755894E-01	1.784402E-01	
4	6.273390E-01	2.337932E-02	5.663863E-01	1.615110E-01	
5	6.073390E-01	1.952726E-02	5.563567E-01	1.422369E-01	
6	5.873390E-01	1.551713E-02	5.457826E-01	1.211660E-01	
7	5.673390E-01	1.150991E-02	5.347756E-01	9.857348E-02	
8	5.473390E-01	7.682989E-03	5.234634E-01	7.475497E-02	
9	5.273390E-01	4.233940E-03	5.118125E-01	4.990313E-02	
10	5.073390E-01	1.435811E-03	5.000473E-01	2.410060E-02	
11	4.892009E-01	0.000000E+00	4.892009E-01	0.000000E+00	
# Orientation 43 : pitch = 16.0 degree ;   roll = -8.0 degree
1	7.128730E-01	3.140706E-02	6.138010E-01	1.999481E-01	
2	6.928730E-01	2.975257E-02	6.089482E-01	1.921111E-01	
3	6.728730E-01	2.687840E-02	6.010921E-01	1.784501E-01	
4	6.528730E-01	2.338290E-02	5.918896E-01	1.615285E-01	
5	6.328730E-01	1.953439E-02	5.818683E-01	1.422776E-01	
6	6.128730E-01	1.552291E-02	5.712835E-01	1.211954E-01	
7	5.928730E-01	1.151705E-02	5.602863E-01	9.861368E-02	
8	5.728730E-01	7.692550E-03	5.489770E-01	7.482242E-02	
9	5.528730E-01	4.242209E-03	5.373185E-01	4.996914E-02	
10	5.328730E-01	1.442589E-03	5.255536E-01	2.417695E-02	
11	5.146709E-01	0.000000E+00	5.146709E-01	0.000000E+00	
# Orientation 44 : pitch = 20.0 degree ;   roll = -8.0 degree
1	7.354250E-01	3.140314E-02	6.362838E-01	1.999250E-01	
2	7.154250E-01	2.975361E-02	6.314600E-01	1.921161E-01	
3	6.954250E-01	2.688104E-02	6.236048E-01	1.784628E-01	
4	6.754250E-01	2.338741E-02	6.144033E-01	1.615507E-01	
5	6.554250E-01	1.953954E-02	6.043840E-01	1.423009E-01	
6	6.354250E-01	1.553067E-02	5.937965E-01	1.212364E-01	
7	6.154250E-01	1.152666E-02	5.828069E-01	9.867033E-02	
8	5.954250E-01	7.702588E-03	5.714784E-01	7.488772E-02	
9	5.754250E-01	4.252493E-03	5.598384E-01	5.005092E-02	
10	5.554250E-01	1.451077E-03	5.480744E-01	2.427224E-02	
11	5.371427E-01	0.000000E+00	5.371427E-01	0.000000E+00	
# Orientation 45 : pitch = -20.0 degree ;   roll = -4.0 degree
1	3.974766E-01	3.140673E-02	2.977253E-01	1.999461E-01	
2	3.774766E-01	2.976924E-02	2.928832E-01	1.921900E-01	
3	3.574766E-01	2.692278E-02	2.850450E-01	1.786624E-01	
4	3.374766E-01	2.345907E-02	2.758600E-01	1.619022E-01	
5	3.174766E-01	1.964350E-02	2.658537E-01	1.428360E-01	
6	2.974766E-01	1.566127E-02	2.552975E-01	1.219445E-01	
7	2.774766E-01	1.167968E-02	2.443035E-01	9.956984E-02	
8	2.574766E-01	7.869390E-03	2.330031E-01	7.599073E-02	
9	2.374766E-01	4.416743E-03	2.214381E-01	5.134694E-02	
10	2.174766E-01	1.588563E-03	2.095967E-01	2.579262E-02	
11	1.979067E-01	0.000000E+00	1.979067E-01	0.000000E+00	
# Orientation 46 : pitch = -16.0 degree ;   roll = -4.0 degree
1	4.414163E-01	3.140314E-02	3.416413E-01	1.999250E-01	
2	4.214163E-01	2.976895E-02	3.368331E-01	1.921886E-01	
3	4.014163E-01	2.692215E-02	3.289947E-01	1.786594E-01	
4	3.814163E-01	2.345800E-02	3.198097E-01	1.618970E-01	
5	3.614163E-01	1.964098E-02	3.098085E-01	1.428214E-01	
6	3.414163E-01	1.565977E-02	2.992350E-01	1.219371E-01	
7	3.214163E-01	1.167687E-02	2.882556E-01	9.955217E-02	
8	3.014163E-01	7.866585E-03	2.769413E-01	7.597131E-02	
9	2.814163E-01	4.412718E-03	2.654433E-01	5.130956E-02	
10	2.614163E-01	1.586420E-03	2.535466E-01	2.576919E-02	
11	2.418664E-01	0.000000E+00	2.418664E-01	0.000000E+00	
# Orientation 47 : pitch = -12.0 degree ;   roll = -4.0 degree
1	4.836935E-01	3.140932E-02	3.839575E-01	1.999613E-01	
2	4.636935E-01	2.976882E-02	3.791183E-01	1.921880E-01	
3	4.436935E-01	2.692163E-02	3.712799E-01	1.786569E-01	
4	4.236935E-01	2.345710E-02	3.620946E-01	1.618926E-01	
5	4.036935E-01	1.963812E-02	3.520815E-01	1.428033E-01	
6	3.836935E-01	1.565601E-02	3.415135E-01	1.219116E-01	
7	3.636935E-01	1.167832E-02	3.305083E-01	9.956959E-02	
8	3.436935E-01	7.864166E-03	3.192230E-01	7.595409E-02	
9	3.236935E-01	4.412023E-03	3.076757E-01	5.130936E-02	
10	3.036935E-01	1.584747E-03	2.958204E-01	2.575126E-02	
11	2.841596E-01	0.000000E+00	2.841596E-01	0.000000E+00	
# Orientation 48 : pitch = -8.0 degree ;   roll = -4.0 degree
1	5.241025E-01	3.140314E-02	4.243414E-01	1.999250E-01	
2	5.041025E-01	2.976872E-02	4.195331E-01	1.921876E-01	
3	4.841025E-01	2.692125E-02	4.116946E-01	1.786551E-01	
4	4.641025E-01	2.345646E-02	4.025093E-01	1.618895E-01	
5	4.441025E-01	1.963721E-02	3.924963E-01	1.427987E-01	
6	4.241025E-01	1.565615E-02	3.819247E-01	1.219158E-01	
7	4.041025E-01	1.167599E-02	3.709485E-01	9.955369E-02	
8	3.841025E-01	7.863315E-03	3.596519E-01	7.595095E-02	
9	3.641025E-01	4.410190E-03	3.480666E-01	5.129333E-02	
10	3.441025E-01	1.583441E-03	3.362438E-01	2.573668E-02	
11	3.245802E-01	0.000000E+00	3.245802E-01	0.000000E+00	
# Orientation 49 : pitch = -4.0 degree ;   roll = -4.0 degree
1	5.624463E-01	3.140926E-02	4.627200E-01	1.999610E-01	
2	5.424463E-01	2.976862E-02	4.578804E-01	1.921871E-01	
3	5.224463E-01	2.692102E-02	4.500419E-01	1.786540E-01	
4	5.024463E-01	2.345606E-02	4.408564E-01	1.618875E-01	
5	4.824463E-01	1.963664E-02	4.308433E-01	1.427958E-01	
6	4.624463E-01	1.565453E-02	4.202431E-01	1.219047E-01	
7	4.424463E-01	1.167528E-02	4.092984E-01	9.954999E-02	
8	4.224463E-01	7.861347E-03	3.980131E-01	7.593476E-02	
9	4.024463E-01	4.410701E-03	3.863480E-01	5.130234E-02	
10	3.824463E-01	1.582671E-03	3.745907E-01	2.572827E-02	
11	3.629311E-01	0.000000E+00	3.629311E-01	0.000000E+00	
# Orientation 50 : pitch = 0.0 degree ;   roll = -4.0 degree
1	5.985384E-01	3.140314E-02	4.987820E-01	1.999250E-01	
2	5.785384E-01	2.976863E-02	4.939733E-01	1.921873E-01	
3	5.585384E-01	2.692096E-02	4.861348E-01	1.786537E-01	
4	5.385384E-01	2.345595E-02	4.769494E-01	1.618870E-01	
5	5.185384E-01	1.963647E-02	4.669363E-01	1.427949E-01	
6	4.985384E-01	1.565274E-02	4.563566E-01	1.218917E-01	
7	4.785384E-01	1.167349E-02	4.453855E-01	9.953540E-02	
8	4.585384E-01	7.861274E-03	4.340504E-01	7.593460E-02	
9	4.385384E-01	4.410411E-03	4.224411E-01	5.130006E-02	
10	4.185384E-01	1.582416E-03	4.106856E-01	2.572542E-02	
11	3.990256E-01	0.000000E+00	3.990256E-01	0.000000E+00	
# Orientation 51 : pitch = 4.0 degree ;   roll = -4.0 degree
1	6.322027E-01	3.140939E-02	5.324757E-01	1.999623E-01	
2	6.122027E-01	2.976868E-02	5.276363E-01	1.921875E-01	
3	5.922027E-01	2.692102E-02	5.197978E-01	1.786540E-01	
4	5.722027E-01	2.345606E-02	5.106123E-01	1.618875E-01	
5	5.522027E-01	1.963664E-02	5.005991E-01	1.427958E-01	
6	5.322027E-01	1.565494E-02	4.900287E-01	1.219083E-01	
7	5.122027E-01	1.167342E-02	4.790576E-01	9.953414E-02	
8	4.922027E-01	7.862532E-03	4.677512E-01	7.594625E-02	
9	4.722027E-01	4.408332E-03	4.562235E-01	5.127533E-02	
10	4.522027E-01	1.582678E-03	4.443454E-01	2.572841E-02	
11	4.326875E-01	0.000000E+00	4.326875E-01	0.000000E+00	
# Orientation 52 : pitch = 8.0 degree ;   roll = -4.0 degree
1	6.632755E-01	3.140932E-02	5.635444E-01	1.999613E-01	
2	6.432755E-01	2.976867E-02	5.587052E-01	1.921874E-01	
3	6.232755E-01	2.692124E-02	5.508666E-01	1.786550E-01	
4	6.032755E-01	2.345646E-02	5.416812E-01	1.618894E-01	
5	5.832755E-01	1.963719E-02	5.316679E-01	1.427986E-01	
6	5.632755E-01	1.565564E-02	5.210980E-01	1.219120E-01	
7	5.432755E-01	1.167417E-02	5.100845E-01	9.953786E-02	
8	5.232755E-01	7.861172E-03	4.988271E-01	7.593020E-02	
9	5.032755E-01	4.411249E-03	4.872383E-01	5.130602E-02	
10	4.832755E-01	1.583507E-03	4.754067E-01	2.573778E-02	
11	4.637532E-01	0.000000E+00	4.637532E-01	0.000000E+00	
# Orientation 53 : pitch = 12.0 degree ;   roll = -4.0 degree
1	6.916051E-01	3.140806E-02	5.918665E-01	1.999541E-01	
2	6.716051E-01	2.976884E-02	5.870285E-01	1.921882E-01	
3	6.516051E-01	2.692162E-02	5.791901E-01	1.786568E-01	
4	6.316051E-01	2.345709E-02	5.700046E-01	1.618925E-01	
5	6.116051E-01	1.963807E-02	5.599913E-01	1.428030E-01	
6	5.916051E-01	1.565846E-02	5.494328E-01	1.219315E-01	
7	5.716051E-01	1.167569E-02	5.384387E-01	9.954771E-02	
8	5.516051E-01	7.864403E-03	5.271556E-01	7.595688E-02	
9	5.316051E-01	4.413070E-03	5.155007E-01	5.132087E-02	
10	5.116051E-01	1.584688E-03	5.037402E-01	2.575034E-02	
11	4.920712E-01	0.000000E+00	4.920712E-01	0.000000E+00	
# Orientation 54 : pitch = 16.0 degree ;   roll = -4.0 degree
1	7.170535E-01	3.140706E-02	6.173078E-01	1.999481E-01	
2	6.970535E-01	2.976897E-02	6.124686E-01	1.921887E-01	
3	6.770535E-01	2.692210E-02	6.046300E-01	1.786592E-01	
4	6.570535E-01	2.345798E-02	5.954447E-01	1.618969E-01	
5	6.370535E-01	1.964134E-02	5.854391E-01	1.428239E-01	
6	6.170535E-01	1.565928E-02	5.748692E-01	1.219338E-01	
7	5.970535E-01	1.167708E-02	5.638844E-01	9.955402E-02	
8	5.770535E-01	7.864347E-03	5.526156E-01	7.595002E-02	
9	5.570535E-01	4.415151E-03	5.409412E-01	5.133736E-02	
10	5.370535E-01	1.586413E-03	5.291820E-01	2.576916E-02	
11	5.175036E-01	0.000000E+00	5.175036E-01	0.000000E+00	
# Orientation 55 : pitch = 20.0 degree ;   roll = -4.0 degree
1	7.394966E-01	3.140689E-02	6.397385E-01	1.999471E-01	
2	7.194966E-01	2.976925E-02	6.349010E-01	1.921901E-01	
3	6.994966E-01	2.692277E-02	6.270626E-01	1.786624E-01	
4	6.794966E-01	2.345908E-02	6.178773E-01	1.619023E-01	
5	6.594966E-01	1.964163E-02	6.078731E-01	1.428224E-01	
6	6.394966E-01	1.566085E-02	5.972997E-01	1.219412E-01	
7	6.194966E-01	1.167947E-02	5.863221E-01	9.956807E-02	
8	5.994966E-01	7.868767E-03	5.750076E-01	7.598469E-02	
9	5.794966E-01	4.416502E-03	5.634964E-01	5.134410E-02	
10	5.594966E-01	1.588540E-03	5.516218E-01	2.579221E-02	
11	5.399267E-01	0.000000E+00	5.399267E-01	0.000000E+00	
# Orientation 56 : pitch = -20.0 degree ;   roll = 0.0 degree
1	3.988361E-01	3.140673E-02	2.988696E-01	1.999461E-01	
2	3.788361E-01	2.977441E-02	2.940321E-01	1.922145E-01	
3	3.588361E-01	2.693657E-02	2.861993E-01	1.787283E-01	
4	3.388361E-01	2.348278E-02	2.770199E-01	1.620185E-01	
5	3.188361E-01	1.967726E-02	2.670188E-01	1.430083E-01	
6	2.988361E-01	1.570435E-02	2.564669E-01	1.221774E-01	
7	2.788361E-01	1.173036E-02	2.454770E-01	9.986680E-02	
8	2.588361E-01	7.924471E-03	2.341865E-01	7.635245E-02	
9	2.388361E-01	4.471768E-03	2.226210E-01	5.177854E-02	
10	2.188361E-01	1.634915E-03	2.107810E-01	2.629541E-02	
11	1.988361E-01	0.000000E+00	1.988361E-01	0.000000E+00	
# Orientation 57 : pitch = -16.0 degree ;   roll = 0.0 degree
1	4.428121E-01	3.140314E-02	3.428121E-01	1.999250E-01	
2	4.228121E-01	2.977436E-02	3.380084E-01	1.922142E-01	
3	4.028121E-01	2.693659E-02	3.301759E-01	1.787284E-01	
4	3.828121E-01	2.348281E-02	3.209964E-01	1.620187E-01	
5	3.628121E-01	1.967629E-02	3.110009E-01	1.430015E-01	
6	3.428121E-01	1.570491E-02	3.004321E-01	1.221812E-01	
7	3.228121E-01	1.172996E-02	2.894557E-01	9.986345E-02	
8	3.028121E-01	7.924403E-03	2.781482E-01	7.635157E-02	
9	2.828121E-01	4.471718E-03	2.666023E-01	5.177787E-02	
10	2.628121E-01	1.634921E-03	2.547586E-01	2.629542E-02	
11	2.428121E-01	0.000000E+00	2.428121E-01	0.000000E+00	
# Orientation 58 : pitch = -12.0 degree ;   roll = 0.0 degree
1	4.851179E-01	3.140314E-02	3.851179E-01	1.999250E-01	
2	4.651179E-01	2.977444E-02	3.803143E-01	1.922146E-01	
3	4.451179E-01	2.693659E-02	3.724819E-01	1.787285E-01	
4	4.251179E-01	2.348282E-02	3.633027E-01	1.620187E-01	
5	4.051179E-01	1.967477E-02	3.532950E-01	1.429904E-01	
6	3.851179E-01	1.570267E-02	3.427310E-01	1.221638E-01	
7	3.651179E-01	1.173334E-02	3.317320E-01	9.989214E-02	
8	3.451179E-01	7.923446E-03	3.204644E-01	7.634219E-02	
9	3.251179E-01	4.471696E-03	3.089087E-01	5.177760E-02	
10	3.051179E-01	1.634968E-03	2.970567E-01	2.629617E-02	
11	2.851179E-01	0.000000E+00	2.851179E-01	0.000000E+00	
# Orientation 59 : pitch = -8.0 degree ;   roll = 0.0 degree
1	5.255473E-01	3.140314E-02	4.255473E-01	1.999250E-01	
2	5.055473E-01	2.977446E-02	4.207438E-01	1.922148E-01	
3	4.855473E-01	2.693658E-02	4.129117E-01	1.787284E-01	
4	4.655473E-01	2.348280E-02	4.037323E-01	1.620186E-01	
5	4.455473E-01	1.967475E-02	3.937248E-01	1.429903E-01	
6	4.255473E-01	1.570493E-02	3.831398E-01	1.221813E-01	
7	4.055473E-01	1.173225E-02	3.721872E-01	9.988333E-02	
8	3.855473E-01	7.924877E-03	3.608929E-01	7.635643E-02	
9	3.655473E-01	4.471289E-03	3.493198E-01	5.177257E-02	
10	3.455473E-01	1.634905E-03	3.374939E-01	2.629522E-02	
11	3.255473E-01	0.000000E+00	3.255473E-01	0.000000E+00	
# Orientation 60 : pitch = -4.0 degree ;   roll = 0.0 degree
1	5.639036E-01	3.140926E-02	4.639350E-01	1.999610E-01	
2	5.439036E-01	2.977444E-02	4.591002E-01	1.922147E-01	
3	5.239036E-01	2.693657E-02	4.512681E-01	1.787283E-01	
4	5.039036E-01	2.348279E-02	4.420887E-01	1.620186E-01	
5	4.839036E-01	1.967472E-02	4.320812E-01	1.429901E-01	
6	4.639036E-01	1.570462E-02	4.214924E-01	1.221792E-01	
7	4.439036E-01	1.173245E-02	4.105465E-01	9.988519E-02	
8	4.239036E-01	7.923805E-03	3.992626E-01	7.634612E-02	
9	4.039036E-01	4.471613E-03	3.876981E-01	5.177674E-02	
10	3.839036E-01	1.634895E-03	3.758504E-01	2.629509E-02	
11	3.639037E-01	0.000000E+00	3.639037E-01	0.000000E+00	
# Orientation 61 : pitch = 0.0 degree ;   roll = 0.0 degree
1	6.000000E-01	3.141593E-02	5.000000E-01	2.000000E-01	
2	5.800000E-01	2.978092E-02	4.951648E-01	1.922533E-01	
3	5.600000E-01	2.694298E-02	4.873313E-01	1.787679E-01	
4	5.400000E-01	2.348920E-02	4.781497E-01	1.620600E-01	
5	5.200000E-01	1.968115E-02	4.681386E-01	1.430342E-01	
6	5.000000E-01	1.570798E-02	4.575588E-01	1.222032E-01	
7	4.800000E-01	1.173481E-02	4.465632E-01	9.990321E-02	
8	4.600000E-01	7.926741E-03	4.352510E-01	7.637306E-02	
9	4.400000E-01	4.472961E-03	4.236895E-01	5.179148E-02	
10	4.200000E-01	1.635020E-03	4.119272E-01	2.629700E-02	
11	4.000000E-01	0.000000E+00	4.000000E-01	0.000000E+00	
# Orientation 62 : pitch = 4.0 degree ;   roll = 0.0 degree
1	6.336603E-01	3.141593E-02	5.336603E-01	2.000000E-01	
2	6.136603E-01	2.978092E-02	5.288250E-01	1.922533E-01	
3	5.936603E-01	2.694297E-02	5.209915E-01	1.787678E-01	
4	5.736603E-01	2.348919E-02	5.118099E-01	1.620599E-01	
5	5.536603E-01	1.968114E-02	5.017988E-01	1.430341E-01	
6	5.336603E-01	1.570796E-02	4.912190E-01	1.222031E-01	
7	5.136603E-01	1.173479E-02	4.802235E-01	9.990312E-02	
8	4.936603E-01	7.926737E-03	4.689112E-01	7.637303E-02	
9	4.736603E-01	4.472948E-03	4.573497E-01	5.179137E-02	
10	4.536603E-01	1.635010E-03	4.455875E-01	2.629689E-02	
11	4.336603E-01	0.000000E+00	4.336603E-01	0.000000E+00	
# Orientation 63 : pitch = 8.0 degree ;   roll = 0.0 degree
1	6.647205E-01	3.141593E-02	5.647206E-01	2.000000E-01	
2	6.447205E-01	2.978091E-02	5.598852E-01	1.922533E-01	
3	6.247205E-01	2.694297E-02	5.520517E-01	1.787678E-01	
4	6.047205E-01	2.348919E-02	5.428701E-01	1.620599E-01	
5	5.847205E-01	1.968113E-02	5.328590E-01	1.430341E-01	
6	5.647205E-01	1.570795E-02	5.222792E-01	1.222030E-01	
7	5.447205E-01	1.173478E-02	5.112837E-01	9.990308E-02	
8	5.247205E-01	7.926731E-03	4.999715E-01	7.637299E-02	
9	5.047205E-01	4.472943E-03	4.884099E-01	5.179133E-02	
10	4.847205E-01	1.635006E-03	4.766477E-01	2.629685E-02	
11	4.647206E-01	0.000000E+00	4.647206E-01	0.000000E+00	
# Orientation 64 : pitch = 12.0 degree ;   roll = 0.0 degree
1	6.930297E-01	3.141593E-02	5.930297E-01	2.000000E-01	
2	6.730297E-01	2.978091E-02	5.881943E-01	1.922533E-01	
3	6.530297E-01	2.694298E-02	5.803610E-01	1.787679E-01	
4	6.330297E-01	2.348919E-02	5.711792E-01	1.620599E-01	
5	6.130297E-01	1.968113E-02	5.611683E-01	1.430341E-01	
6	5.930297E-01	1.570796E-02	5.505883E-01	1.222031E-01	
7	5.730297E-01	1.173480E-02	5.395929E-01	9.990314E-02	
8	5.530297E-01	7.926729E-03	5.282807E-01	7.637298E-02	
9	5.330297E-01	4.472951E-03	5.167192E-01	5.179139E-02	
10	5.130297E-01	1.635012E-03	5.049569E-01	2.629691E-02	
11	4.930297E-01	0.000000E+00	4.930297E-01	0.000000E+00	
# Orientation 65 : pitch = 16.0 degree ;   roll = 0.0 degree
1	7.184495E-01	3.141593E-02	6.184494E-01	2.000000E-01	
2	6.984495E-01	2.978092E-02	6.136142E-01	1.922533E-01	
3	6.784495E-01	2.694298E-02	6.057808E-01	1.787679E-01	
4	6.584495E-01	2.348920E-02	5.965991E-01	1.620599E-01	
5	6.384495E-01	1.968113E-02	5.865881E-01	1.430341E-01	
6	6.184495E-01	1.570797E-02	5.760082E-01	1.222031E-01	
7	5.984495E-01	1.173480E-02	5.650127E-01	9.990317E-02	
8	5.784495E-01	7.926734E-03	5.537004E-01	7.637301E-02	
9	5.584495E-01	4.472955E-03	5.421390E-01	5.179143E-02	
10	5.384495E-01	1.635015E-03	5.303767E-01	2.629695E-02	
11	5.184495E-01	0.000000E+00	5.184495E-01	0.000000E+00	
# Orientation 66 : pitch = 20.0 degree ;   roll = 0.0 degree
1	7.408563E-01	3.141593E-02	6.408563E-01	2.000000E-01	
2	7.208563E-01	2.978091E-02	6.360210E-01	1.922533E-01	
3	7.008563E-01	2.694297E-02	6.281876E-01	1.787679E-01	
4	6.808563E-01	2.348919E-02	6.190059E-01	1.620599E-01	
5	6.608563E-01	1.968113E-02	6.089949E-01	1.430341E-01	
6	6.408563E-01	1.570796E-02	5.984150E-01	1.222031E-01	
7	6.208563E-01	1.173478E-02	5.874195E-01	9.990308E-02	
8	6.008563E-01	7.926730E-03	5.761073E-01	7.637299E-02	
9	5.808563E-01	4.472952E-03	5.645458E-01	5.179140E-02	
10	5.608563E-01	1.635006E-03	5.527835E-01	2.629684E-02	
11	5.408563E-01	0.000000E+00	5.408563E-01	0.000000E+00	
# Orientation 67 : pitch = -20.0 degree ;   roll = 4.0 degree
1	3.974766E-01	3.141593E-02	2.976916E-01	2.000000E-01	
2	3.774766E-01	2.977574E-02	2.928520E-01	1.922288E-01	
3	3.574766E-01	2.692918E-02	2.850130E-01	1.787019E-01	
4	3.374766E-01	2.346547E-02	2.758260E-01	1.619436E-01	
5	3.174766E-01	1.964734E-02	2.658098E-01	1.428616E-01	
6	2.974766E-01	1.566486E-02	2.552255E-01	1.219701E-01	
7	2.774766E-01	1.168412E-02	2.442257E-01	9.960621E-02	
8	2.574766E-01	7.871461E-03	2.329095E-01	7.600955E-02	
9	2.374766E-01	4.417866E-03	2.213445E-01	5.135920E-02	
10	2.174766E-01	1.588654E-03	2.095789E-01	2.579406E-02	
11	1.979067E-01	0.000000E+00	1.979067E-01	0.000000E+00	
# Orientation 68 : pitch = -16.0 degree ;   roll = 4.0 degree
1	4.414162E-01	3.141593E-02	3.416414E-01	2.000000E-01	
2	4.214162E-01	2.977549E-02	3.368015E-01	1.922276E-01	
3	4.014162E-01	2.692852E-02	3.289623E-01	1.786988E-01	
4	3.814162E-01	2.346437E-02	3.197749E-01	1.619382E-01	
5	3.614162E-01	1.964575E-02	3.097586E-01	1.428535E-01	
6	3.414162E-01	1.566284E-02	2.991739E-01	1.219592E-01	
7	3.214162E-01	1.168176E-02	2.881740E-01	9.959238E-02	
8	3.014162E-01	7.868878E-03	2.768575E-01	7.599254E-02	
9	2.814162E-01	4.415295E-03	2.652923E-01	5.133899E-02	
10	2.614162E-01	1.586504E-03	2.535266E-01	2.577063E-02	
11	2.418664E-01	0.000000E+00	2.418664E-01	0.000000E+00	
# Orientation 69 : pitch = -12.0 degree ;   roll = 4.0 degree
1	4.836935E-01	3.140931E-02	3.839576E-01	1.999613E-01	
2	4.636935E-01	2.976881E-02	3.791183E-01	1.921880E-01	
3	4.436935E-01	2.692162E-02	3.712799E-01	1.786568E-01	
4	4.236935E-01	2.345709E-02	3.620947E-01	1.618926E-01	
5	4.036935E-01	1.963812E-02	3.520815E-01	1.428033E-01	
6	3.836935E-01	1.565599E-02	3.415134E-01	1.219116E-01	
7	3.636935E-01	1.167832E-02	3.305083E-01	9.956957E-02	
8	3.436935E-01	7.864163E-03	3.192230E-01	7.595407E-02	
9	3.236935E-01	4.412010E-03	3.076755E-01	5.130926E-02	
10	3.036935E-01	1.584745E-03	2.958204E-01	2.575123E-02	
11	2.841596E-01	0.000000E+00	2.841596E-01	0.000000E+00	
# Orientation 70 : pitch = -8.0 degree ;   roll = 4.0 degree
1	5.241024E-01	3.140314E-02	4.243413E-01	1.999250E-01	
2	5.041024E-01	2.976871E-02	4.195331E-01	1.921876E-01	
3	4.841024E-01	2.692124E-02	4.116946E-01	1.786551E-01	
4	4.641024E-01	2.345646E-02	4.025093E-01	1.618894E-01	
5	4.441024E-01	1.963719E-02	3.924962E-01	1.427986E-01	
6	4.241024E-01	1.565615E-02	3.819247E-01	1.219158E-01	
7	4.041024E-01	1.167599E-02	3.709485E-01	9.955366E-02	
8	3.841024E-01	7.863311E-03	3.596519E-01	7.595092E-02	
9	3.641024E-01	4.410186E-03	3.480666E-01	5.129329E-02	
10	3.441024E-01	1.583437E-03	3.362437E-01	2.573665E-02	
11	3.245802E-01	0.000000E+00	3.245802E-01	0.000000E+00	
# Orientation 71 : pitch = -4.0 degree ;   roll = 4.0 degree
1	5.624463E-01	3.140314E-02	4.626886E-01	1.999250E-01	
2	5.424463E-01	2.976862E-02	4.578803E-01	1.921871E-01	
3	5.224463E-01	2.692103E-02	4.500418E-01	1.786540E-01	
4	5.024463E-01	2.345607E-02	4.408564E-01	1.618875E-01	
5	4.824463E-01	1.963664E-02	4.308433E-01	1.427958E-01	
6	4.624463E-01	1.565455E-02	4.202431E-01	1.219047E-01	
7	4.424463E-01	1.167530E-02	4.092985E-01	9.955005E-02	
8	4.224463E-01	7.861346E-03	3.980131E-01	7.593475E-02	
9	4.024463E-01	4.410709E-03	3.863480E-01	5.130241E-02	
10	3.824463E-01	1.582677E-03	3.745907E-01	2.572833E-02	
11	3.629311E-01	0.000000E+00	3.629311E-01	0.000000E+00	
# Orientation 72 : pitch = 0.0 degree ;   roll = 4.0 degree
1	5.985383E-01	3.140314E-02	4.987819E-01	1.999250E-01	
2	5.785383E-01	2.976863E-02	4.939732E-01	1.921872E-01	
3	5.585383E-01	2.692095E-02	4.861349E-01	1.786537E-01	
4	5.385383E-01	2.345594E-02	4.769493E-01	1.618869E-01	
5	5.185383E-01	1.963646E-02	4.669362E-01	1.427949E-01	
6	4.985383E-01	1.565273E-02	4.563566E-01	1.218917E-01	
7	4.785383E-01	1.167348E-02	4.453854E-01	9.953534E-02	
8	4.585383E-01	7.861265E-03	4.340503E-01	7.593454E-02	
9	4.385383E-01	4.410403E-03	4.224410E-01	5.129999E-02	
10	4.185383E-01	1.582410E-03	4.106855E-01	2.572535E-02	
11	3.990255E-01	0.000000E+00	3.990255E-01	0.000000E+00	
# Orientation 73 : pitch = 4.0 degree ;   roll = 4.0 degree
1	6.322027E-01	3.140889E-02	5.324720E-01	1.999590E-01	
2	6.122027E-01	2.976868E-02	5.276362E-01	1.921875E-01	
3	5.922027E-01	2.692102E-02	5.197977E-01	1.786540E-01	
4	5.722027E-01	2.345606E-02	5.106123E-01	1.618875E-01	
5	5.522027E-01	1.963663E-02	5.005991E-01	1.427957E-01	
6	5.322027E-01	1.565494E-02	4.900287E-01	1.219082E-01	
7	5.122027E-01	1.167342E-02	4.790577E-01	9.953418E-02	
8	4.922027E-01	7.862528E-03	4.677512E-01	7.594622E-02	
9	4.722027E-01	4.408328E-03	4.562234E-01	5.127530E-02	
10	4.522027E-01	1.582682E-03	4.443455E-01	2.572845E-02	
11	4.326875E-01	0.000000E+00	4.326875E-01	0.000000E+00	
# Orientation 74 : pitch = 8.0 degree ;   roll = 4.0 degree
1	6.632755E-01	3.140314E-02	5.635143E-01	1.999250E-01	
2	6.432755E-01	2.976868E-02	5.587052E-01	1.921874E-01	
3	6.232755E-01	2.692126E-02	5.508667E-01	1.786551E-01	
4	6.032755E-01	2.345646E-02	5.416812E-01	1.618894E-01	
5	5.832755E-01	1.963721E-02	5.316679E-01	1.427987E-01	
6	5.632755E-01	1.565565E-02	5.210980E-01	1.219121E-01	
7	5.432755E-01	1.167418E-02	5.100845E-01	9.953789E-02	
8	5.232755E-01	7.861187E-03	4.988271E-01	7.593030E-02	
9	5.032755E-01	4.411263E-03	4.872383E-01	5.130612E-02	
10	4.832755E-01	1.583509E-03	4.754068E-01	2.573781E-02	
11	4.637532E-01	0.000000E+00	4.637532E-01	0.000000E+00	
# Orientation 75 : pitch = 12.0 degree ;   roll = 4.0 degree
1	6.916051E-01	3.140314E-02	5.918381E-01	1.999250E-01	
2	6.716051E-01	2.976885E-02	5.870285E-01	1.921883E-01	
3	6.516051E-01	2.692162E-02	5.791900E-01	1.786569E-01	
4	6.316051E-01	2.345710E-02	5.700046E-01	1.618926E-01	
5	6.116051E-01	1.963809E-02	5.599913E-01	1.428031E-01	
6	5.916051E-01	1.565846E-02	5.494328E-01	1.219315E-01	
7	5.716051E-01	1.167571E-02	5.384387E-01	9.954780E-02	
8	5.516051E-01	7.864417E-03	5.271557E-01	7.595697E-02	
9	5.316051E-01	4.413073E-03	5.155006E-01	5.132089E-02	
10	5.116051E-01	1.584697E-03	5.037402E-01	2.575043E-02	
11	4.920712E-01	0.000000E+00	4.920712E-01	0.000000E+00	
# Orientation 76 : pitch = 16.0 degree ;   roll = 4.0 degree
1	7.170535E-01	3.140314E-02	6.172785E-01	1.999250E-01	
2	6.970535E-01	2.976898E-02	6.124685E-01	1.921887E-01	
3	6.770535E-01	2.692211E-02	6.046300E-01	1.786592E-01	
4	6.570535E-01	2.345798E-02	5.954446E-01	1.618969E-01	
5	6.370535E-01	1.964135E-02	5.854391E-01	1.428239E-01	
6	6.170535E-01	1.565929E-02	5.748692E-01	1.219339E-01	
7	5.970535E-01	1.167708E-02	5.638844E-01	9.955403E-02	
8	5.770535E-01	7.864349E-03	5.526156E-01	7.595003E-02	
9	5.570535E-01	4.415162E-03	5.409412E-01	5.133745E-02	
10	5.370535E-01	1.586421E-03	5.291820E-01	2.576924E-02	
11	5.175036E-01	0.000000E+00	5.175036E-01	0.000000E+00	
# Orientation 77 : pitch = 20.0 degree ;   roll = 4.0 degree
1	7.394966E-01	3.140314E-02	6.397116E-01	1.999250E-01	
2	7.194966E-01	2.976925E-02	6.349009E-01	1.921901E-01	
3	6.994966E-01	2.692277E-02	6.270626E-01	1.786624E-01	
4	6.794966E-01	2.345908E-02	6.178773E-01	1.619023E-01	
5	6.594966E-01	1.964164E-02	6.078731E-01	1.428225E-01	
6	6.394966E-01	1.566085E-02	5.972996E-01	1.219412E-01	
7	6.194966E-01	1.167947E-02	5.863221E-01	9.956806E-02	
8	5.994966E-01	7.868777E-03	5.750076E-01	7.598476E-02	
9	5.794966E-01	4.416501E-03	5.634963E-01	5.134410E-02	
10	5.594966E-01	1.588539E-03	5.516218E-01	2.579221E-02	
11	5.399267E-01	0.000000E+00	5.399267E-01	0.000000E+00	
# Orientation 78 : pitch = -20.0 degree ;   roll = 8.0 degree
1	3.934047E-01	3.140673E-02	2.942970E-01	1.999461E-01	
2	3.734047E-01	2.975357E-02	2.894421E-01	1.921159E-01	
3	3.534047E-01	2.688104E-02	2.815869E-01	1.784628E-01	
4	3.334047E-01	2.338739E-02	2.723858E-01	1.615506E-01	
5	3.134047E-01	1.954147E-02	2.623637E-01	1.423151E-01	
6	2.934047E-01	1.553112E-02	2.517941E-01	1.212400E-01	
7	2.734047E-01	1.152778E-02	2.407961E-01	9.868010E-02	
8	2.534047E-01	7.702339E-03	2.294652E-01	7.488510E-02	
9	2.334047E-01	4.251634E-03	2.178945E-01	5.004155E-02	
10	2.134047E-01	1.451067E-03	2.060566E-01	2.427212E-02	
11	1.951224E-01	0.000000E+00	1.951224E-01	0.000000E+00	
# Orientation 79 : pitch = -16.0 degree ;   roll = 8.0 degree
1	4.372356E-01	3.140679E-02	3.381667E-01	1.999465E-01	
2	4.172356E-01	2.975255E-02	3.333125E-01	1.921110E-01	
3	3.972356E-01	2.687841E-02	3.254564E-01	1.784502E-01	
4	3.772356E-01	2.338289E-02	3.162544E-01	1.615285E-01	
5	3.572356E-01	1.953414E-02	3.062363E-01	1.422759E-01	
6	3.372356E-01	1.552333E-02	2.956488E-01	1.211981E-01	
7	3.172356E-01	1.151762E-02	2.846446E-01	9.861843E-02	
8	2.972356E-01	7.690965E-03	2.733505E-01	7.480692E-02	
9	2.772356E-01	4.241118E-03	2.617691E-01	4.995706E-02	
10	2.572356E-01	1.442591E-03	2.499156E-01	2.417700E-02	
11	2.390334E-01	0.000000E+00	2.390334E-01	0.000000E+00	
# Orientation 80 : pitch = -12.0 degree ;   roll = 8.0 degree
1	4.794273E-01	3.140931E-02	3.803890E-01	1.999613E-01	
2	4.594273E-01	2.975182E-02	3.755357E-01	1.921076E-01	
3	4.394273E-01	2.687632E-02	3.676791E-01	1.784402E-01	
4	4.194273E-01	2.337930E-02	3.584762E-01	1.615109E-01	
5	3.994273E-01	1.952731E-02	3.484466E-01	1.422373E-01	
6	3.794273E-01	1.551630E-02	3.378680E-01	1.211588E-01	
7	3.594273E-01	1.150906E-02	3.268765E-01	9.856585E-02	
8	3.394273E-01	7.683223E-03	3.155649E-01	7.475732E-02	
9	3.194273E-01	4.231755E-03	3.040271E-01	4.987791E-02	
10	2.994273E-01	1.435826E-03	2.921324E-01	2.410091E-02	
11	2.812891E-01	0.000000E+00	2.812891E-01	0.000000E+00	
# Orientation 81 : pitch = -8.0 degree ;   roll = 8.0 degree
1	5.197746E-01	3.140935E-02	4.207608E-01	1.999616E-01	
2	4.997746E-01	2.975128E-02	4.159059E-01	1.921051E-01	
3	4.797746E-01	2.687480E-02	4.080488E-01	1.784329E-01	
4	4.597746E-01	2.337669E-02	3.988454E-01	1.614981E-01	
5	4.397746E-01	1.952357E-02	3.888156E-01	1.422182E-01	
6	4.197746E-01	1.551144E-02	3.782275E-01	1.211325E-01	
7	3.997746E-01	1.150398E-02	3.672321E-01	9.853708E-02	
8	3.797746E-01	7.676654E-03	3.559211E-01	7.471220E-02	
9	3.597746E-01	4.227576E-03	3.443061E-01	4.985167E-02	
10	3.397746E-01	1.430870E-03	3.325025E-01	2.404490E-02	
11	3.216831E-01	0.000000E+00	3.216831E-01	0.000000E+00	
# Orientation 82 : pitch = -4.0 degree ;   roll = 8.0 degree
1	5.580812E-01	3.140926E-02	4.590807E-01	1.999610E-01	
2	5.380812E-01	2.975093E-02	4.542264E-01	1.921034E-01	
3	5.180812E-01	2.687387E-02	4.463689E-01	1.784285E-01	
4	4.980812E-01	2.337509E-02	4.371651E-01	1.614902E-01	
5	4.780812E-01	1.952131E-02	4.271351E-01	1.422066E-01	
6	4.580812E-01	1.550758E-02	4.165572E-01	1.211095E-01	
7	4.380812E-01	1.150257E-02	4.055599E-01	9.853449E-02	
8	4.180812E-01	7.675049E-03	3.942343E-01	7.470810E-02	
9	3.980812E-01	4.224310E-03	3.825847E-01	4.982642E-02	
10	3.780812E-01	1.427867E-03	3.708200E-01	2.401103E-02	
11	3.600181E-01	0.000000E+00	3.600181E-01	0.000000E+00	
# Orientation 83 : pitch = 0.0 degree ;   roll = 8.0 degree
1	5.941607E-01	3.140314E-02	4.951339E-01	1.999250E-01	
2	5.741607E-01	2.975085E-02	4.903103E-01	1.921031E-01	
3	5.541607E-01	2.687356E-02	4.824529E-01	1.784270E-01	
4	5.341607E-01	2.337456E-02	4.732490E-01	1.614876E-01	
5	5.141607E-01	1.952055E-02	4.632187E-01	1.422027E-01	
6	4.941607E-01	1.550500E-02	4.526232E-01	1.210916E-01	
7	4.741607E-01	1.150111E-02	4.416290E-01	9.852484E-02	
8	4.541607E-01	7.671311E-03	4.303476E-01	7.467548E-02	
9	4.341607E-01	4.223086E-03	4.186682E-01	4.981665E-02	
10	4.141607E-01	1.426851E-03	4.069052E-01	2.399949E-02	
11	3.961071E-01	0.000000E+00	3.961071E-01	0.000000E+00	
# Orientation 84 : pitch = 4.0 degree ;   roll = 8.0 degree
1	6.278377E-01	3.140940E-02	5.288365E-01	1.999624E-01	
2	6.078377E-01	2.975098E-02	5.239823E-01	1.921038E-01	
3	5.878377E-01	2.687386E-02	5.161249E-01	1.784284E-01	
4	5.678377E-01	2.337509E-02	5.069211E-01	1.614902E-01	
5	5.478377E-01	1.952130E-02	4.968909E-01	1.422066E-01	
6	5.278377E-01	1.550794E-02	4.863050E-01	1.211123E-01	
7	5.078377E-01	1.150148E-02	4.753018E-01	9.852521E-02	
8	4.878377E-01	7.674737E-03	4.640000E-01	7.470516E-02	
9	4.678377E-01	4.223543E-03	4.523970E-01	4.981805E-02	
10	4.478377E-01	1.427907E-03	4.405696E-01	2.401171E-02	
11	4.297746E-01	0.000000E+00	4.297746E-01	0.000000E+00	
# Orientation 85 : pitch = 8.0 degree ;   roll = 8.0 degree
1	6.589477E-01	3.140314E-02	5.599019E-01	1.999250E-01	
2	6.389477E-01	2.975126E-02	5.550782E-01	1.921050E-01	
3	6.189477E-01	2.687480E-02	5.472210E-01	1.784329E-01	
4	5.989477E-01	2.337669E-02	5.380174E-01	1.614981E-01	
5	5.789477E-01	1.952359E-02	5.279874E-01	1.422182E-01	
6	5.589477E-01	1.550958E-02	5.174001E-01	1.211178E-01	
7	5.389477E-01	1.150447E-02	5.063749E-01	9.854128E-02	
8	5.189477E-01	7.678067E-03	4.951030E-01	7.472603E-02	
9	4.989477E-01	4.227942E-03	4.834402E-01	4.985532E-02	
10	4.789477E-01	1.430821E-03	4.716835E-01	2.404408E-02	
11	4.608562E-01	0.000000E+00	4.608562E-01	0.000000E+00	
# Orientation 86 : pitch = 12.0 degree ;   roll = 8.0 degree
1	6.873390E-01	3.140804E-02	5.882982E-01	1.999540E-01	
2	6.673390E-01	2.975185E-02	5.834460E-01	1.921078E-01	
3	6.473390E-01	2.687632E-02	5.755894E-01	1.784402E-01	
4	6.273390E-01	2.337931E-02	5.663863E-01	1.615109E-01	
5	6.073390E-01	1.952726E-02	5.563566E-01	1.422369E-01	
6	5.873390E-01	1.551712E-02	5.457825E-01	1.211659E-01	
7	5.673390E-01	1.150990E-02	5.347756E-01	9.857343E-02	
8	5.473390E-01	7.682991E-03	5.234633E-01	7.475499E-02	
9	5.273390E-01	4.233933E-03	5.118124E-01	4.990306E-02	
10	5.073390E-01	1.435805E-03	5.000473E-01	2.410053E-02	
11	4.892009E-01	0.000000E+00	4.892009E-01	0.000000E+00	
# Orientation 87 : pitch = 16.0 degree ;   roll = 8.0 degree
1	7.128731E-01	3.140705E-02	6.138010E-01	1.999481E-01	
2	6.928731E-01	2.975257E-02	6.089481E-01	1.921111E-01	
3	6.728731E-01	2.687839E-02	6.010921E-01	1.784501E-01	
4	6.528731E-01	2.338290E-02	5.918896E-01	1.615286E-01	
5	6.328731E-01	1.953439E-02	5.818683E-01	1.422776E-01	
6	6.128731E-01	1.552290E-02	5.712835E-01	1.211953E-01	
7	5.928731E-01	1.151705E-02	5.602864E-01	9.861371E-02	
8	5.728731E-01	7.692555E-03	5.489770E-01	7.482246E-02	
9	5.528731E-01	4.242204E-03	5.373186E-01	4.996910E-02	
10	5.328731E-01	1.442593E-03	5.255537E-01	2.417698E-02	
11	5.146709E-01	0.000000E+00	5.146709E-01	0.000000E+00	
# Orientation 88 : pitch = 20.0 degree ;   roll = 8.0 degree
1	7.354250E-01	3.140314E-02	6.362838E-01	1.999250E-01	
2	7.154250E-01	2.975359E-02	6.314600E-01	1.921160E-01	
3	6.954250E-01	2.688104E-02	6.236048E-01	1.784628E-01	
4	6.754250E-01	2.338740E-02	6.144033E-01	1.615506E-01	
5	6.554250E-01	1.953953E-02	6.043840E-01	1.423008E-01	
6	6.354250E-01	1.553066E-02	5.937966E-01	1.212364E-01	
7	6.154250E-01	1.152665E-02	5.828070E-01	9.867030E-02	
8	5.954250E-01	7.702573E-03	5.714783E-01	7.488762E-02	
9	5.754250E-01	4.252489E-03	5.598385E-01	5.005089E-02	
10	5.554250E-01	1.451074E-03	5.480744E-01	2.427220E-02	
11	5.371428E-01	0.000000E+00	5.371428E-01	0.000000E+00	
# Orientation 89 : pitch = -20.0 degree ;   roll = 12.0 degree
1	3.866420E-01	3.140314E-02	2.885691E-01	1.999250E-01	
2	3.666420E-01	2.972705E-02	2.837254E-01	1.919904E-01	
3	3.466420E-01	2.681037E-02	2.758423E-01	1.781246E-01	
4	3.266420E-01	2.326610E-02	2.666138E-01	1.609550E-01	
5	3.066420E-01	1.936688E-02	2.565657E-01	1.414174E-01	
6	2.866420E-01	1.531157E-02	2.459725E-01	1.200482E-01	
7	2.666420E-01	1.126944E-02	2.349476E-01	9.715187E-02	
8	2.466420E-01	7.423626E-03	2.235867E-01	7.302934E-02	
9	2.266420E-01	3.976662E-03	2.120036E-01	4.783117E-02	
10	2.066420E-01	1.227922E-03	2.001535E-01	2.170083E-02	
11	1.904962E-01	0.000000E+00	1.904962E-01	0.000000E+00	
# Orientation 90 : pitch = -16.0 degree ;   roll = 12.0 degree
1	4.302918E-01	3.140314E-02	3.323092E-01	1.999250E-01	
2	4.102918E-01	2.972473E-02	3.274641E-01	1.919793E-01	
3	3.902918E-01	2.680429E-02	3.195786E-01	1.780955E-01	
4	3.702918E-01	2.325568E-02	3.103480E-01	1.609039E-01	
5	3.502918E-01	1.935335E-02	3.003022E-01	1.413512E-01	
6	3.302918E-01	1.529282E-02	2.896910E-01	1.199458E-01	
7	3.102918E-01	1.124894E-02	2.786834E-01	9.703490E-02	
8	2.902918E-01	7.398556E-03	2.673499E-01	7.285767E-02	
9	2.702918E-01	3.951744E-03	2.558093E-01	4.762223E-02	
10	2.502918E-01	1.209338E-03	2.438776E-01	2.148007E-02	
11	2.343268E-01	0.000000E+00	2.343268E-01	0.000000E+00	
# Orientation 91 : pitch = -12.0 degree ;   roll = 12.0 degree
1	4.723407E-01	3.141593E-02	3.744305E-01	2.000000E-01	
2	4.523407E-01	2.972945E-02	3.695527E-01	1.920097E-01	
3	4.323407E-01	2.680582E-02	3.616647E-01	1.781118E-01	
4	4.123407E-01	2.325373E-02	3.524300E-01	1.609043E-01	
5	3.923407E-01	1.934595E-02	3.423697E-01	1.413205E-01	
6	3.723407E-01	1.528111E-02	3.317446E-01	1.198884E-01	
7	3.523407E-01	1.123428E-02	3.207077E-01	9.695418E-02	
8	3.323407E-01	7.383009E-03	3.093575E-01	7.276338E-02	
9	3.123407E-01	3.935552E-03	2.977611E-01	4.749939E-02	
10	2.923407E-01	1.194597E-03	2.859665E-01	2.130459E-02	
11	2.765202E-01	0.000000E+00	2.765202E-01	0.000000E+00	
# Orientation 92 : pitch = -8.0 degree ;   roll = 12.0 degree
1	5.125852E-01	3.140936E-02	4.147593E-01	1.999616E-01	
2	4.925852E-01	2.972166E-02	4.098800E-01	1.919649E-01	
3	4.725852E-01	2.679588E-02	4.019917E-01	1.780553E-01	
4	4.525852E-01	2.324127E-02	3.927580E-01	1.608330E-01	
5	4.325852E-01	1.933091E-02	3.827003E-01	1.412320E-01	
6	4.125852E-01	1.526438E-02	3.720878E-01	1.197855E-01	
7	3.925852E-01	1.121694E-02	3.610679E-01	9.684066E-02	
8	3.725852E-01	7.364562E-03	3.497623E-01	7.262651E-02	
9	3.525852E-01	3.921781E-03	3.380620E-01	4.738640E-02	
10	3.325852E-01	1.183756E-03	3.262703E-01	2.117437E-02	
11	3.168701E-01	0.000000E+00	3.168701E-01	0.000000E+00	
# Orientation 93 : pitch = -4.0 degree ;   roll = 12.0 degree
1	5.508298E-01	3.140314E-02	4.530043E-01	1.999250E-01	
2	5.308298E-01	2.972092E-02	4.481558E-01	1.919615E-01	
3	5.108298E-01	2.679374E-02	4.402669E-01	1.780450E-01	
4	4.908298E-01	2.323758E-02	4.310324E-01	1.608149E-01	
5	4.708298E-01	1.932566E-02	4.209738E-01	1.412051E-01	
6	4.508298E-01	1.525888E-02	4.103669E-01	1.197587E-01	
7	4.308298E-01	1.121083E-02	3.993480E-01	9.680930E-02	
8	4.108298E-01	7.357040E-03	3.880221E-01	7.257858E-02	
9	3.908298E-01	3.913548E-03	3.763316E-01	4.731928E-02	
10	3.708298E-01	1.177218E-03	3.645443E-01	2.109587E-02	
11	3.551787E-01	0.000000E+00	3.551787E-01	0.000000E+00	
# Orientation 94 : pitch = 0.0 degree ;   roll = 12.0 degree
1	5.868886E-01	3.140914E-02	4.891032E-01	1.999602E-01	
2	5.668886E-01	2.972060E-02	4.842251E-01	1.919599E-01	
3	5.468886E-01	2.679299E-02	4.763357E-01	1.780414E-01	
4	5.268886E-01	2.323631E-02	4.671010E-01	1.608087E-01	
5	5.068886E-01	1.932387E-02	4.570421E-01	1.411959E-01	
6	4.868886E-01	1.525474E-02	4.464201E-01	1.197317E-01	
7	4.668886E-01	1.120734E-02	4.354164E-01	9.678635E-02	
8	4.468886E-01	7.354097E-03	4.240914E-01	7.255856E-02	
9	4.268886E-01	3.910778E-03	4.123975E-01	4.729677E-02	
10	4.068886E-01	1.175008E-03	4.006117E-01	2.106932E-02	
11	3.912590E-01	0.000000E+00	3.912590E-01	0.000000E+00	
# Orientation 95 : pitch = 4.0 degree ;   roll = 12.0 degree
1	6.205862E-01	3.140314E-02	5.227606E-01	1.999250E-01	
2	6.005862E-01	2.972090E-02	5.179118E-01	1.919614E-01	
3	5.805862E-01	2.679373E-02	5.100228E-01	1.780450E-01	
4	5.605862E-01	2.323757E-02	5.007882E-01	1.608148E-01	
5	5.405862E-01	1.932565E-02	4.907296E-01	1.412051E-01	
6	5.205862E-01	1.525901E-02	4.801178E-01	1.197597E-01	
7	5.005862E-01	1.121012E-02	4.690872E-01	9.680324E-02	
8	4.805862E-01	7.357226E-03	4.577707E-01	7.258039E-02	
9	4.605862E-01	3.911327E-03	4.462186E-01	4.729300E-02	
10	4.405862E-01	1.177211E-03	4.343015E-01	2.109578E-02	
11	4.249352E-01	0.000000E+00	4.249352E-01	0.000000E+00	
# Orientation 96 : pitch = 8.0 degree ;   roll = 12.0 degree
1	6.517583E-01	3.140931E-02	5.539301E-01	1.999613E-01	
2	6.317583E-01	2.972164E-02	5.490523E-01	1.919648E-01	
3	6.117583E-01	2.679589E-02	5.411638E-01	1.780553E-01	
4	5.917583E-01	2.324127E-02	5.319300E-01	1.608331E-01	
5	5.717583E-01	1.933091E-02	5.218719E-01	1.412321E-01	
6	5.517583E-01	1.526443E-02	5.112591E-01	1.197859E-01	
7	5.317583E-01	1.121629E-02	5.002500E-01	9.683523E-02	
8	5.117583E-01	7.366685E-03	4.889189E-01	7.264729E-02	
9	4.917583E-01	3.921796E-03	4.772345E-01	4.738657E-02	
10	4.717583E-01	1.183766E-03	4.654451E-01	2.117453E-02	
11	4.560432E-01	0.000000E+00	4.560432E-01	0.000000E+00	
# Orientation 97 : pitch = 12.0 degree ;   roll = 12.0 degree
1	6.802525E-01	3.140314E-02	5.823422E-01	1.999250E-01	
2	6.602525E-01	2.972299E-02	5.774943E-01	1.919712E-01	
3	6.402525E-01	2.679944E-02	5.696072E-01	1.780723E-01	
4	6.202525E-01	2.324735E-02	5.603746E-01	1.608629E-01	
5	6.002525E-01	1.933949E-02	5.503176E-01	1.412758E-01	
6	5.802525E-01	1.527805E-02	5.397175E-01	1.198668E-01	
7	5.602525E-01	1.122964E-02	5.286905E-01	9.691555E-02	
8	5.402525E-01	7.379218E-03	5.173800E-01	7.272705E-02	
9	5.202525E-01	3.935382E-03	5.056862E-01	4.749731E-02	
10	5.002525E-01	1.194527E-03	4.938976E-01	2.130328E-02	
11	4.844321E-01	0.000000E+00	4.844321E-01	0.000000E+00	
# Orientation 98 : pitch = 16.0 degree ;   roll = 12.0 degree
1	7.059291E-01	3.140862E-02	6.079877E-01	1.999569E-01	
2	6.859291E-01	2.972474E-02	6.030996E-01	1.919794E-01	
3	6.659291E-01	2.680426E-02	5.952141E-01	1.780954E-01	
4	6.459291E-01	2.325567E-02	5.859832E-01	1.609038E-01	
5	6.259291E-01	1.935336E-02	5.759356E-01	1.413513E-01	
6	6.059291E-01	1.529243E-02	5.653259E-01	1.199433E-01	
7	5.859291E-01	1.124721E-02	5.543080E-01	9.701967E-02	
8	5.659291E-01	7.400098E-03	5.429738E-01	7.287302E-02	
9	5.459291E-01	3.954154E-03	5.313581E-01	4.765135E-02	
10	5.259291E-01	1.209330E-03	5.195170E-01	2.147997E-02	
11	5.099641E-01	0.000000E+00	5.099641E-01	0.000000E+00	
# Orientation 99 : pitch = 20.0 degree ;   roll = 12.0 degree
1	7.286620E-01	3.140689E-02	6.306155E-01	1.999470E-01	
2	7.086620E-01	2.972707E-02	6.257432E-01	1.919905E-01	
3	6.886620E-01	2.681035E-02	6.178599E-01	1.781246E-01	
4	6.686620E-01	2.326609E-02	6.086312E-01	1.609550E-01	
5	6.486620E-01	1.936691E-02	5.985867E-01	1.414176E-01	
6	6.286620E-01	1.531090E-02	5.879760E-01	1.200429E-01	
7	6.086620E-01	1.127084E-02	5.769751E-01	9.716436E-02	
8	5.886620E-01	7.424924E-03	5.656471E-01	7.304317E-02	
9	5.686620E-01	3.977376E-03	5.539606E-01	4.783919E-02	
10	5.486620E-01	1.227879E-03	5.421806E-01	2.170010E-02	
11	5.325162E-01	0.000000E+00	5.325162E-01	0.000000E+00	
# Orientation 100 : pitch = -20.0 degree ;   roll = 16.0 degree
1	3.772224E-01	3.140673E-02	2.806680E-01	1.999461E-01	
2	3.572224E-01	2.968894E-02	2.757601E-01	1.918100E-01	
3	3.372224E-01	2.670894E-02	2.678375E-01	1.776391E-01	
4	3.172224E-01	2.309225E-02	2.585709E-01	1.601003E-01	
5	2.972224E-01	1.911999E-02	2.484870E-01	1.401509E-01	
6	2.772224E-01	1.499896E-02	2.378158E-01	1.183440E-01	
7	2.572224E-01	1.090281E-02	2.268052E-01	9.496834E-02	
8	2.372224E-01	7.027457E-03	2.154750E-01	7.034860E-02	
9	2.172224E-01	3.593467E-03	2.037480E-01	4.467050E-02	
10	1.972224E-01	9.301819E-04	1.919365E-01	1.801620E-02	
11	1.840477E-01	0.000000E+00	1.840477E-01	0.000000E+00	
# Orientation 101 : pitch = -16.0 degree ;   roll = 16.0 degree
1	4.206193E-01	3.140314E-02	3.241932E-01	1.999250E-01	
2	4.006193E-01	2.968471E-02	3.193154E-01	1.917899E-01	
3	3.806193E-01	2.669775E-02	3.113885E-01	1.775855E-01	
4	3.606193E-01	2.307306E-02	3.021178E-01	1.600058E-01	
5	3.406193E-01	1.909401E-02	2.920380E-01	1.400205E-01	
6	3.206193E-01	1.496455E-02	2.813976E-01	1.181572E-01	
7	3.006193E-01	1.086477E-02	2.703505E-01	9.474692E-02	
8	2.806193E-01	6.985678E-03	2.589872E-01	7.006861E-02	
9	2.606193E-01	3.550822E-03	2.473562E-01	4.430893E-02	
10	2.406193E-01	8.989261E-04	2.354617E-01	1.760847E-02	
11	2.277674E-01	0.000000E+00	2.277674E-01	0.000000E+00	
# Orientation 102 : pitch = -12.0 degree ;   roll = 16.0 degree
1	4.624687E-01	3.140932E-02	3.662019E-01	1.999613E-01	
2	4.424687E-01	2.968133E-02	3.612915E-01	1.917740E-01	
3	4.224687E-01	2.668868E-02	3.533612E-01	1.775421E-01	
4	4.024687E-01	2.305756E-02	3.440872E-01	1.599296E-01	
5	3.824687E-01	1.907407E-02	3.339756E-01	1.399219E-01	
6	3.624687E-01	1.493625E-02	3.233572E-01	1.180009E-01	
7	3.424687E-01	1.083057E-02	3.123024E-01	9.453690E-02	
8	3.224687E-01	6.950399E-03	3.009351E-01	6.982563E-02	
9	3.024687E-01	3.518280E-03	2.892345E-01	4.403754E-02	
10	2.824687E-01	8.740398E-04	2.774170E-01	1.728047E-02	
11	2.698750E-01	0.000000E+00	2.698750E-01	0.000000E+00	
# Orientation 103 : pitch = -8.0 degree ;   roll = 16.0 degree
1	5.025693E-01	3.140934E-02	4.063984E-01	1.999616E-01	
2	4.825693E-01	2.967888E-02	4.014842E-01	1.917625E-01	
3	4.625693E-01	2.668208E-02	3.935517E-01	1.775105E-01	
4	4.425693E-01	2.304626E-02	3.842754E-01	1.598739E-01	
5	4.225693E-01	1.905399E-02	3.741781E-01	1.398105E-01	
6	4.025693E-01	1.491301E-02	3.635294E-01	1.178666E-01	
7	3.825693E-01	1.080896E-02	3.524472E-01	9.441243E-02	
8	3.625693E-01	6.925351E-03	3.411244E-01	6.965545E-02	
9	3.425693E-01	3.493924E-03	3.294114E-01	4.383168E-02	
10	3.225693E-01	8.559969E-04	3.175959E-01	1.704072E-02	
11	3.101640E-01	0.000000E+00	3.101640E-01	0.000000E+00	
# Orientation 104 : pitch = -4.0 degree ;   roll = 16.0 degree
1	5.407272E-01	3.140926E-02	4.446119E-01	1.999610E-01	
2	5.207272E-01	2.967745E-02	4.396979E-01	1.917557E-01	
3	5.007272E-01	2.667809E-02	4.317640E-01	1.774914E-01	
4	4.807272E-01	2.303940E-02	4.224862E-01	1.598402E-01	
5	4.607272E-01	1.904426E-02	4.123875E-01	1.397604E-01	
6	4.407272E-01	1.490200E-02	4.017433E-01	1.178097E-01	
7	4.207272E-01	1.079405E-02	3.906909E-01	9.432220E-02	
8	4.007272E-01	6.911758E-03	3.793241E-01	6.956875E-02	
9	3.807272E-01	3.479088E-03	3.676192E-01	4.370589E-02	
10	3.607272E-01	8.451333E-04	3.557874E-01	1.689592E-02	
11	3.484364E-01	0.000000E+00	3.484364E-01	0.000000E+00	
# Orientation 105 : pitch = 0.0 degree ;   roll = 16.0 degree
1	5.767570E-01	3.140314E-02	4.806309E-01	1.999250E-01	
2	5.567570E-01	2.967692E-02	4.757465E-01	1.917532E-01	
3	5.367570E-01	2.667676E-02	4.678121E-01	1.774850E-01	
4	5.167570E-01	2.303711E-02	4.585336E-01	1.598289E-01	
5	4.967570E-01	1.904100E-02	4.484346E-01	1.397437E-01	
6	4.767570E-01	1.489755E-02	4.377697E-01	1.177843E-01	
7	4.567570E-01	1.078988E-02	4.267385E-01	9.429907E-02	
8	4.367570E-01	6.904680E-03	4.153860E-01	6.951389E-02	
9	4.167570E-01	3.474150E-03	4.036629E-01	4.366409E-02	
10	3.967570E-01	8.414348E-04	3.918458E-01	1.684606E-02	
11	3.845047E-01	0.000000E+00	3.845047E-01	0.000000E+00	
# Orientation 106 : pitch = 4.0 degree ;   roll = 16.0 degree
1	6.104837E-01	3.140314E-02	5.143382E-01	1.999250E-01	
2	5.904837E-01	2.967744E-02	5.094540E-01	1.917557E-01	
3	5.704837E-01	2.667809E-02	5.015200E-01	1.774913E-01	
4	5.504837E-01	2.303940E-02	4.922421E-01	1.598402E-01	
5	5.304837E-01	1.904426E-02	4.821434E-01	1.397604E-01	
6	5.104837E-01	1.490192E-02	4.714953E-01	1.178091E-01	
7	4.904837E-01	1.079235E-02	4.604437E-01	9.430725E-02	
8	4.704837E-01	6.909966E-03	4.490526E-01	6.954998E-02	
9	4.504837E-01	3.479109E-03	4.373739E-01	4.370612E-02	
10	4.304837E-01	8.450826E-04	4.255568E-01	1.689493E-02	
11	4.181929E-01	0.000000E+00	4.181929E-01	0.000000E+00	
# Orientation 107 : pitch = 8.0 degree ;   roll = 16.0 degree
1	6.417426E-01	3.140314E-02	5.455399E-01	1.999250E-01	
2	6.217426E-01	2.967897E-02	5.406563E-01	1.917630E-01	
3	6.017426E-01	2.668211E-02	5.327239E-01	1.775106E-01	
4	5.817426E-01	2.304629E-02	5.234474E-01	1.598741E-01	
5	5.617426E-01	1.905403E-02	5.133500E-01	1.398107E-01	
6	5.417426E-01	1.491433E-02	5.027037E-01	1.178771E-01	
7	5.217426E-01	1.080672E-02	4.916532E-01	9.439340E-02	
8	5.017426E-01	6.927313E-03	4.802910E-01	6.967556E-02	
9	4.817426E-01	3.493931E-03	4.685858E-01	4.383163E-02	
10	4.617426E-01	8.560123E-04	4.567705E-01	1.704092E-02	
11	4.493373E-01	0.000000E+00	4.493373E-01	0.000000E+00	
# Orientation 108 : pitch = 12.0 degree ;   roll = 16.0 degree
1	6.703807E-01	3.140314E-02	5.740837E-01	1.999250E-01	
2	6.503807E-01	2.968139E-02	5.692019E-01	1.917743E-01	
3	6.303807E-01	2.668871E-02	5.612716E-01	1.775422E-01	
4	6.103807E-01	2.305759E-02	5.519974E-01	1.599297E-01	
5	5.903807E-01	1.906996E-02	5.419021E-01	1.398923E-01	
6	5.703807E-01	1.493574E-02	5.312656E-01	1.179972E-01	
7	5.503807E-01	1.083083E-02	5.202034E-01	9.453903E-02	
8	5.303807E-01	6.952695E-03	5.088524E-01	6.984923E-02	
9	5.103807E-01	3.518343E-03	4.971444E-01	4.403819E-02	
10	4.903807E-01	8.740474E-04	4.853330E-01	1.728051E-02	
11	4.777869E-01	0.000000E+00	4.777869E-01	0.000000E+00	
# Orientation 109 : pitch = 16.0 degree ;   roll = 16.0 degree
1	6.962566E-01	3.140861E-02	5.998712E-01	1.999568E-01	
2	6.762566E-01	2.968470E-02	5.949509E-01	1.917899E-01	
3	6.562566E-01	2.669769E-02	5.870238E-01	1.775852E-01	
4	6.362566E-01	2.307302E-02	5.777528E-01	1.600057E-01	
5	6.162566E-01	1.909392E-02	5.676682E-01	1.400200E-01	
6	5.962566E-01	1.496293E-02	5.570240E-01	1.181446E-01	
7	5.762566E-01	1.086417E-02	5.459801E-01	9.474172E-02	
8	5.562566E-01	6.986705E-03	5.346308E-01	7.007932E-02	
9	5.362566E-01	3.551655E-03	5.229180E-01	4.431883E-02	
10	5.162566E-01	8.989095E-04	5.111000E-01	1.760827E-02	
11	5.034047E-01	0.000000E+00	5.034047E-01	0.000000E+00	
# Orientation 110 : pitch = 20.0 degree ;   roll = 16.0 degree
1	7.192426E-01	3.140688E-02	6.226814E-01	1.999470E-01	
2	6.992426E-01	2.968897E-02	6.177781E-01	1.918102E-01	
3	6.792426E-01	2.670896E-02	6.098552E-01	1.776392E-01	
4	6.592426E-01	2.309228E-02	6.005882E-01	1.601004E-01	
5	6.392426E-01	1.912128E-02	5.905079E-01	1.401606E-01	
6	6.192426E-01	1.499731E-02	5.798654E-01	1.183320E-01	
7	5.992426E-01	1.090450E-02	5.688347E-01	9.498303E-02	
8	5.792426E-01	7.030157E-03	5.574782E-01	7.037600E-02	
9	5.592426E-01	3.593541E-03	5.457651E-01	4.467130E-02	
10	5.392426E-01	9.302037E-04	5.339549E-01	1.801652E-02	
11	5.260679E-01	0.000000E+00	5.260679E-01	0.000000E+00	
# Orientation 111 : pitch = -20.0 degree ;   roll = 20.0 degree
1	3.651957E-01	3.140314E-02	2.705011E-01	1.999250E-01	
2	3.451957E-01	2.963830E-02	2.655854E-01	1.915703E-01	
3	3.251957E-01	2.657431E-02	2.576115E-01	1.769942E-01	
4	3.051957E-01	2.286184E-02	2.482955E-01	1.589653E-01	
5	2.851957E-01	1.879556E-02	2.381730E-01	1.384851E-01	
6	2.651957E-01	1.458302E-02	2.274940E-01	1.160546E-01	
7	2.451957E-01	1.042403E-02	2.164022E-01	9.208999E-02	
8	2.251957E-01	6.517155E-03	2.050154E-01	6.684238E-02	
9	2.051957E-01	3.103855E-03	1.932787E-01	4.046882E-02	
10	1.851957E-01	5.798405E-04	1.814434E-01	1.313028E-02	
11	1.758066E-01	0.000000E+00	1.758066E-01	0.000000E+00	
# Orientation 112 : pitch = -16.0 degree ;   roll = 20.0 degree
1	4.082675E-01	3.140314E-02	3.138266E-01	1.999250E-01	
2	3.882675E-01	2.963129E-02	3.089059E-01	1.915371E-01	
3	3.682675E-01	2.655578E-02	3.009251E-01	1.769053E-01	
4	3.482675E-01	2.283016E-02	2.916025E-01	1.588091E-01	
5	3.282675E-01	1.875029E-02	2.814694E-01	1.382507E-01	
6	3.082675E-01	1.452781E-02	2.707938E-01	1.157541E-01	
7	2.882675E-01	1.035807E-02	2.596901E-01	9.168883E-02	
8	2.682675E-01	6.446334E-03	2.482718E-01	6.634343E-02	
9	2.482675E-01	3.038293E-03	2.365623E-01	3.989051E-02	
10	2.282675E-01	5.361033E-04	2.247029E-01	1.245952E-02	
11	2.193855E-01	0.000000E+00	2.193855E-01	0.000000E+00	
# Orientation 113 : pitch = -12.0 degree ;   roll = 20.0 degree
1	4.498610E-01	3.140933E-02	3.556524E-01	1.999614E-01	
2	4.298610E-01	2.962576E-02	3.506980E-01	1.915111E-01	
3	4.098610E-01	2.654085E-02	3.427120E-01	1.768338E-01	
4	3.898610E-01	2.280465E-02	3.333841E-01	1.586833E-01	
5	3.698610E-01	1.871471E-02	3.232260E-01	1.380682E-01	
6	3.498610E-01	1.448271E-02	3.125570E-01	1.155058E-01	
7	3.298610E-01	1.030697E-02	3.014615E-01	9.138329E-02	
8	3.098610E-01	6.390889E-03	2.900691E-01	6.595728E-02	
9	2.898610E-01	2.985833E-03	2.783237E-01	3.942496E-02	
10	2.698610E-01	5.016866E-04	2.664602E-01	1.191874E-02	
11	2.613851E-01	0.000000E+00	2.613851E-01	0.000000E+00	
# Orientation 114 : pitch = -8.0 degree ;   roll = 20.0 degree
1	4.897770E-01	3.140314E-02	3.956870E-01	1.999250E-01	
2	4.697770E-01	2.962164E-02	3.907589E-01	1.914916E-01	
3	4.497770E-01	2.652995E-02	3.827690E-01	1.767815E-01	
4	4.297770E-01	2.278600E-02	3.734373E-01	1.585913E-01	
5	4.097770E-01	1.868532E-02	3.632888E-01	1.379100E-01	
6	3.897770E-01	1.444725E-02	3.525969E-01	1.153046E-01	
7	3.697770E-01	1.026715E-02	3.415162E-01	9.113763E-02	
8	3.497770E-01	6.348243E-03	3.301174E-01	6.565159E-02	
9	3.297770E-01	2.947614E-03	3.183619E-01	3.908416E-02	
10	3.097770E-01	4.769684E-04	3.064958E-01	1.152279E-02	
11	3.015975E-01	0.000000E+00	3.015975E-01	0.000000E+00	
# Orientation 115 : pitch = -4.0 degree ;   roll = 20.0 degree
1	5.278230E-01	3.140927E-02	4.338528E-01	1.999610E-01	
2	5.078230E-01	2.961916E-02	4.288930E-01	1.914799E-01	
3	4.878230E-01	2.652325E-02	4.209008E-01	1.767494E-01	
4	4.678230E-01	2.277456E-02	4.115667E-01	1.585348E-01	
5	4.478230E-01	1.866915E-02	4.014160E-01	1.378264E-01	
6	4.278230E-01	1.442793E-02	3.906938E-01	1.152002E-01	
7	4.078230E-01	1.024440E-02	3.796291E-01	9.100140E-02	
8	3.878230E-01	6.322857E-03	3.682484E-01	6.547172E-02	
9	3.678230E-01	2.924333E-03	3.564812E-01	3.887593E-02	
10	3.478230E-01	4.620583E-04	3.446144E-01	1.128069E-02	
11	3.398239E-01	0.000000E+00	3.398239E-01	0.000000E+00	
# Orientation 116 : pitch = 0.0 degree ;   roll = 20.0 degree
1	5.638154E-01	3.140914E-02	4.698743E-01	1.999602E-01	
2	5.438154E-01	2.961829E-02	4.649149E-01	1.914757E-01	
3	5.238154E-01	2.652100E-02	4.569217E-01	1.767386E-01	
4	5.038154E-01	2.277072E-02	4.475869E-01	1.585159E-01	
5	4.838154E-01	1.866373E-02	4.374355E-01	1.377984E-01	
6	4.638154E-01	1.442086E-02	4.267141E-01	1.151606E-01	
7	4.438154E-01	1.023645E-02	4.156481E-01	9.095278E-02	
8	4.238154E-01	6.316799E-03	4.042472E-01	6.543707E-02	
9	4.038154E-01	2.916596E-03	3.924939E-01	3.880691E-02	
10	3.838154E-01	4.571087E-04	3.806216E-01	1.119996E-02	
11	3.758768E-01	0.000000E+00	3.758768E-01	0.000000E+00	
# Orientation 117 : pitch = 4.0 degree ;   roll = 20.0 degree
1	5.975793E-01	3.140314E-02	5.035798E-01	1.999250E-01	
2	5.775793E-01	2.961917E-02	4.986492E-01	1.914799E-01	
3	5.575793E-01	2.652326E-02	4.906566E-01	1.767495E-01	
4	5.375793E-01	2.277457E-02	4.813224E-01	1.585349E-01	
5	5.175793E-01	1.866917E-02	4.711719E-01	1.378265E-01	
6	4.975793E-01	1.442771E-02	4.604768E-01	1.151990E-01	
7	4.775793E-01	1.024404E-02	4.493877E-01	9.099804E-02	
8	4.575793E-01	6.324933E-03	4.379937E-01	6.549351E-02	
9	4.375793E-01	2.924341E-03	4.262379E-01	3.887598E-02	
10	4.175793E-01	4.620608E-04	4.143709E-01	1.128073E-02	
11	4.095802E-01	0.000000E+00	4.095802E-01	0.000000E+00	
# Orientation 118 : pitch = 8.0 degree ;   roll = 20.0 degree
1	6.289498E-01	3.140931E-02	5.348883E-01	1.999613E-01	
2	6.089498E-01	2.962160E-02	5.299309E-01	1.914913E-01	
3	5.889498E-01	2.652991E-02	5.219408E-01	1.767814E-01	
4	5.689498E-01	2.278596E-02	5.126090E-01	1.585911E-01	
5	5.489498E-01	1.868528E-02	5.024604E-01	1.379098E-01	
6	5.289498E-01	1.444971E-02	4.917774E-01	1.153251E-01	
7	5.089498E-01	1.026722E-02	4.806892E-01	9.113831E-02	
8	4.889498E-01	6.350385E-03	4.692775E-01	6.567421E-02	
9	4.689498E-01	2.946539E-03	4.576174E-01	3.907023E-02	
10	4.489498E-01	4.769496E-04	4.456688E-01	1.152249E-02	
11	4.407704E-01	0.000000E+00	4.407704E-01	0.000000E+00	
# Orientation 119 : pitch = 12.0 degree ;   roll = 20.0 degree
1	6.577726E-01	3.140314E-02	5.635346E-01	1.999250E-01	
2	6.377726E-01	2.962575E-02	5.586083E-01	1.915110E-01	
3	6.177726E-01	2.654088E-02	5.506221E-01	1.768339E-01	
4	5.977726E-01	2.280467E-02	5.412940E-01	1.586834E-01	
5	5.777726E-01	1.871162E-02	5.311490E-01	1.380455E-01	
6	5.577726E-01	1.448229E-02	5.204658E-01	1.155028E-01	
7	5.377726E-01	1.030656E-02	5.093512E-01	9.137955E-02	
8	5.177726E-01	6.391075E-03	4.979834E-01	6.595908E-02	
9	4.977726E-01	2.985819E-03	4.862366E-01	3.942465E-02	
10	4.777726E-01	5.016976E-04	4.743721E-01	1.191891E-02	
11	4.692968E-01	0.000000E+00	4.692968E-01	0.000000E+00	
# Orientation 120 : pitch = 16.0 degree ;   roll = 20.0 degree
1	6.839046E-01	3.140858E-02	5.895034E-01	1.999566E-01	
2	6.639046E-01	2.963129E-02	5.845412E-01	1.915371E-01	
3	6.439046E-01	2.655575E-02	5.765602E-01	1.769052E-01	
4	6.239046E-01	2.283015E-02	5.672373E-01	1.588091E-01	
5	6.039046E-01	1.874976E-02	5.571048E-01	1.382470E-01	
6	5.839046E-01	1.452737E-02	5.464162E-01	1.157505E-01	
7	5.639046E-01	1.035870E-02	5.353351E-01	9.169490E-02	
8	5.439046E-01	6.446883E-03	5.239506E-01	6.634968E-02	
9	5.239046E-01	3.038229E-03	5.122022E-01	3.988969E-02	
10	5.039046E-01	5.360955E-04	5.003403E-01	1.245939E-02	
11	4.950227E-01	0.000000E+00	4.950227E-01	0.000000E+00	
# Orientation 121 : pitch = 20.0 degree ;   roll = 20.0 degree
1	7.072155E-01	3.140687E-02	6.125466E-01	1.999469E-01	
2	6.872155E-01	2.963831E-02	6.076031E-01	1.915704E-01	
3	6.672155E-01	2.657429E-02	5.996290E-01	1.769941E-01	
4	6.472155E-01	2.286182E-02	5.903125E-01	1.589653E-01	
5	6.272155E-01	1.879622E-02	5.801980E-01	1.384908E-01	
6	6.072155E-01	1.458381E-02	5.695025E-01	1.160613E-01	
7	5.872155E-01	1.042389E-02	5.584338E-01	9.208915E-02	
8	5.672155E-01	6.516305E-03	5.470602E-01	6.683372E-02	
9	5.472155E-01	3.103835E-03	5.352977E-01	4.046862E-02	
10	5.272155E-01	5.798688E-04	5.234459E-01	1.313097E-02	
11	5.178264E-01	0.000000E+00	5.178264E-01	0.000000E+00	
