# Table format: 2D
# table_unit = kg/s
# axis1_unit = null
# axis2_unit = bar
11
20
     0.00000000000000e+000     1.00000000000000e-001     2.00000000000000e-001     3.00000000000000e-001     4.00000000000000e-001     5.00000000000000e-001     6.00000000000000e-001     7.00000000000000e-001     8.00000000000000e-001     9.00000000000000e-001     1.00000000000000e+000
     0.00000000000000e+000     9.99999999999942e-003     2.00000000000000e-002     2.99999999999994e-002     3.99999999999994e-002     4.99999999999994e-002     7.49999999999994e-002     9.99999999999994e-002     1.50000000000000e-001     1.99999999999999e-001     2.99999999999999e-001     4.00000000000000e-001     5.99999999999999e-001     7.99999999999999e-001     9.99999999999999e-001     1.50000000000000e+000     2.00000000000000e+000     3.00000000000000e+000     4.00000000000000e+000     5.00000000000000e+000
     0.00000000000000e+000     0.00000000000000e+000     0.00000000000000e+000     0.00000000000000e+000     0.00000000000000e+000     0.00000000000000e+000     0.00000000000000e+000     0.00000000000000e+000     0.00000000000000e+000     0.00000000000000e+000     0.00000000000000e+000
     0.00000000000000e+000     5.55361665943898e-003     1.11072333188780e-002     1.66608499783169e-002     2.22144666377559e-002     2.77680832971949e-002     3.33216999566339e-002     3.88753166160729e-002     4.44289332755119e-002     4.99825499349508e-002     5.55361665943898e-002
     0.00000000000000e+000     7.85400000000000e-003     1.57080000000000e-002     2.35620000000000e-002     3.14160000000000e-002     3.92700000000000e-002     4.71240000000000e-002     5.49780000000000e-002     6.28320000000000e-002     7.06860000000000e-002     7.85400000000000e-002
     0.00000000000000e+000     9.61914621990945e-003     1.92382924398189e-002     2.88574386597283e-002     3.84765848796378e-002     4.80957310995472e-002     5.77148773194567e-002     6.73340235393661e-002     7.69531697592756e-002     8.65723159791850e-002     9.61914621990945e-002
     0.00000000000000e+000     1.11072333188782e-002     2.22144666377564e-002     3.33216999566346e-002     4.44289332755128e-002     5.55361665943910e-002     6.66433999132692e-002     7.77506332321475e-002     8.88578665510257e-002     9.99650998699039e-002     1.11072333188782e-001
     0.00000000000000e+000     1.24182643714812e-002     2.48365287429623e-002     3.72547931144435e-002     4.96730574859246e-002     6.20913218574058e-002     7.45095862288869e-002     8.69278506003681e-002     9.93461149718492e-002     1.11764379343330e-001     1.24182643714812e-001
     0.00000000000000e+000     1.52092056005565e-002     3.04184112011129e-002     4.56276168016694e-002     6.08368224022259e-002     7.60460280027823e-002     9.12552336033388e-002     1.06464439203895e-001     1.21673644804452e-001     1.36882850405008e-001     1.52092056005565e-001
     0.00000000000000e+000     1.75620778952833e-002     3.51241557905666e-002     5.26862336858499e-002     7.02483115811332e-002     8.78103894764165e-002     1.05372467371700e-001     1.22934545266983e-001     1.40496623162266e-001     1.58058701057550e-001     1.75620778952833e-001
     0.00000000000000e+000     2.15090648332279e-002     4.30181296664557e-002     6.45271944996836e-002     8.60362593329115e-002     1.07545324166139e-001     1.29054388999367e-001     1.50563453832595e-001     1.72072518665823e-001     1.93581583499051e-001     2.15090648332279e-001
     0.00000000000000e+000     2.48365287429624e-002     4.96730574859248e-002     7.45095862288872e-002     9.93461149718497e-002     1.24182643714812e-001     1.49019172457774e-001     1.73855701200737e-001     1.98692229943699e-001     2.23528758686662e-001     2.48365287429624e-001
     0.00000000000000e+000     3.04184112011130e-002     6.08368224022261e-002     9.12552336033391e-002     1.21673644804452e-001     1.52092056005565e-001     1.82510467206678e-001     2.12928878407791e-001     2.43347289608904e-001     2.73765700810017e-001     3.04184112011130e-001
     0.00000000000000e+000     3.51241557905667e-002     7.02483115811334e-002     1.05372467371700e-001     1.40496623162267e-001     1.75620778952833e-001     2.10744934743400e-001     2.45869090533967e-001     2.80993246324534e-001     3.16117402115100e-001     3.51241557905667e-001
     0.00000000000000e+000     4.30181296664557e-002     8.60362593329115e-002     1.29054388999367e-001     1.72072518665823e-001     2.15090648332279e-001     2.58108777998734e-001     3.01126907665190e-001     3.44145037331646e-001     3.87163166998102e-001     4.30181296664557e-001
     0.00000000000000e+000     4.96730574859249e-002     9.93461149718498e-002     1.49019172457775e-001     1.98692229943700e-001     2.48365287429624e-001     2.98038344915549e-001     3.47711402401474e-001     3.97384459887399e-001     4.47057517373324e-001     4.96730574859249e-001
     0.00000000000000e+000     5.55361665943914e-002     1.11072333188783e-001     1.66608499783174e-001     2.22144666377566e-001     2.77680832971957e-001     3.33216999566348e-001     3.88753166160740e-001     4.44289332755131e-001     4.99825499349523e-001     5.55361665943914e-001
     0.00000000000000e+000     6.80176352132298e-002     1.36035270426460e-001     2.04052905639689e-001     2.72070540852919e-001     3.40088176066149e-001     4.08105811279379e-001     4.76123446492608e-001     5.44141081705838e-001     6.12158716919068e-001     6.80176352132298e-001
     0.00000000000000e+000     7.85400000000000e-002     1.57080000000000e-001     2.35620000000000e-001     3.14160000000000e-001     3.92700000000000e-001     4.71240000000000e-001     5.49780000000000e-001     6.28320000000000e-001     7.06860000000000e-001     7.85400000000000e-001
     0.00000000000000e+000     9.61914621990954e-002     1.92382924398191e-001     2.88574386597286e-001     3.84765848796382e-001     4.80957310995477e-001     5.77148773194572e-001     6.73340235393668e-001     7.69531697592763e-001     8.65723159791859e-001     9.61914621990954e-001
     0.00000000000000e+000     1.11072333188783e-001     2.22144666377566e-001     3.33216999566349e-001     4.44289332755132e-001     5.55361665943914e-001     6.66433999132697e-001     7.77506332321480e-001     8.88578665510263e-001     9.99650998699046e-001     1.11072333188783e+000
     0.00000000000000e+000     1.24182643714812e-001     2.48365287429625e-001     3.72547931144437e-001     4.96730574859249e-001     6.20913218574061e-001     7.45095862288873e-001     8.69278506003686e-001     9.93461149718498e-001     1.11764379343331e+000     1.24182643714812e+000
