# Table format: T1D
# table_unit = barA
# axis1_unit = kJ/kg
# axis2_unit = null
# This file was automatically generated by generate_data_files.py
0.1	93
435.2967225492777	36.60015732520232
433.4242231485194	36.546651679885954
431.7567814464356	36.457965968874355
430.23083633567876	36.33463287618646
428.79178681527986	36.177234937521064
427.4010581835855	35.98639574445996
426.0322416027637	35.76277955640104
424.66703472966316	35.507091584479085
423.29245457738045	35.2200779485078
421.89906592511926	34.902525303833634
420.47985983081094	34.55526021407675
419.02953096774826	34.17914832141505
417.5440005412464	33.77509334510415
416.0200932816421	33.344035927778165
414.45531338427253	32.88695234398732
412.847685530444	32.404853083309064
411.1956397066976	31.898781319666753
409.497926134939	31.369811278292193
407.7535513129685	30.819046511655344
405.9617291230277	30.247618095415334
404.12184287376294	29.656682755002507
402.2334153972159	29.04742093266433
400.2960851656375	28.42103480387467
398.30958696917713	27.77874625078501
396.27373609580536	27.121794799126565
394.18841523699126	26.451435523545296
392.0535635442681	25.7689369249707
389.8691674072809	25.07557878222676
387.6352526299715	24.372649978834783
385.3518777593229	23.661446304787756
383.01912837838495	22.943268232100785
380.6371122176808	22.219418662086692
378.2059549704604	21.491200641667213
375.72579662737	20.75991504519524
373.19678850951726	20.026858217723994
370.619090808482	19.29331957956128
367.99287051754567	18.560579185558115
365.31829894880934	17.82990523597605
362.5955517862873	17.102551536351932
359.82480652185194	16.379754903695694
357.0062423611181	15.66273251702824
354.14003950199094	14.952679210863959
351.22637878413525	14.250764711013463
348.26544154132847	13.558130813020572
345.25740963706613	12.875888504391627
342.20246566614225	12.205115033003866
339.10079330708174	11.54685092507764
335.95257781238814	10.90209695754484
332.7580066255091	10.271811090913802
329.5172701151709	9.65690537025374
326.23056241938576	9.058242803723
322.8980823927921	8.476634229621622
319.52003465220736	7.912835185135101
316.096630716219	7.367542791944872
312.6280902352974	6.841392676321466
309.1146423093214	6.334955943876928
305.5565268894674	5.848736231911689
301.95399626113505	5.383166865542217
298.30731660391734	4.938608147007546
294.61676962347894	4.515344811289557
290.8826542486825	4.113583685192751
287.10528838504825	3.733451591053888
283.28501071286456	3.374993540813691
279.4221825144991	3.038171270737288
275.51718951356185	2.722862171549868
271.57044369213844	2.428858673405204
267.5823829060644	2.155868114209882
263.553473736961	1.9035132582776102
259.48421541533264	1.6713334781475528
255.37513933132783	1.4587865925391896
251.2268099945733	1.2652515332427807
247.03982559587556	1.0900318762610899
242.81481804882458	0.9323602986572438
238.55219609761969	0.7914528934633264
234.25342516380755	0.6662712147471905
229.91846215212232	0.5560185659735337
225.54831421909185	0.45965969792972144
221.14375191964453	0.37617470240861295
216.70555791460419	0.30452052832914056
212.23451693863822	0.24364216352786205
207.73140277026468	0.19248443024670708
203.19696159787605	0.1500041704594263
198.63189109446446	0.115182544271717
194.03681443642841	0.08703711440230953
189.41224844956685	0.06463334777433412
184.75856504715162	0.047095136255040505
180.07594520790576	0.033613930264779476
175.3643249282318	0.023456094524907736
170.62333304900105	0.015968143638234816
165.8522216681061	0.01057959532006877
161.04979130535435	0.0068032937355532955
126.33633695808201	9.71594158285966e-05
121.17665914031139	4.2020958894613154e-05
0.2	93
435.83235770016296	36.60015732520232
434.4535346895339	36.546651679885954
433.2266212213713	36.457965968874355
432.0961829462943	36.33463287618646
431.0184355849707	36.177234937521064
429.9634416775964	35.98639574445996
428.91101416360755	35.76277955640104
427.8472734903692	35.507091584479085
426.76242000188375	35.2200779485078
425.6493538326341	34.902525303833634
424.50281282640555	34.55526021407675
423.31882135163636	34.17914832141505
422.09432824909476	33.77509334510415
420.8269625738935	33.344035927778165
419.51486462575906	32.88695234398732
418.15656633676485	32.404853083309064
416.7509047943185	31.898781319666753
415.2969584979516	31.369811278292193
413.7939995239327	30.819046511655344
412.2414570212551	30.247618095415334
410.638888910329	29.656682755002507
408.9859596078944	29.04742093266433
407.28242224048654	28.42103480387467
405.52810424549045	27.77874625078501
403.7228955624224	27.121794799126565
401.8667388313438	26.451435523545296
399.95962116863967	25.7689369249707
398.00156720113034	25.07557878222676
395.9926331203047	24.372649978834783
393.9329015776534	23.661446304787756
391.82247728562066	22.943268232100785
389.6614832206986	22.219418662086692
387.45005734870904	21.491200641667213
385.1883497578305	20.75991504519524
382.87652027744434	20.026858217723994
380.51473649644004	19.29331957956128
378.1031721463857	18.560579185558115
375.64200504871576	17.82990523597605
373.13141728944686	17.102551536351932
370.5715930480256	16.379754903695694
367.9627186082928	15.66273251702824
365.30498180365595	14.952679210863959
362.5985717882521	14.250764711013463
359.84367898850735	13.558130813020572
357.0404952208153	12.875888504391627
354.1892139626593	12.205115033003866
351.29003076596604	11.54685092507764
348.3431438029832	10.90209695754484
345.3487545363721	10.271811090913802
342.30706850649904	9.65690537025374
339.2182962301985	9.058242803723
336.0826542062772	8.476634229621622
332.9003660240332	7.912835185135101
329.6716635717944	7.367542791944872
326.396788343046	6.841392676321466
323.07599283805996	6.334955943876928
319.7095420590191	5.848736231911689
316.2977150964791	5.383166865542217
312.84080680448193	4.938608147007546
309.3391295607606	4.515344811289557
305.7930151073053	4.113583685192751
302.2028164646683	3.733451591053888
298.56890991114676	3.374993540813691
294.891697014563	3.038171270737288
291.1716067056886	2.722862171549868
287.4090973556745	2.428858673405204
283.6046567592778	2.155868114209882
279.7588052552311	1.9035132582776102
275.87209998401767	1.6713334781475528
271.9451349146751	1.4587865925391896
267.97854232327006	1.2652515332427807
263.972993949206	1.0900318762610899
259.9292017172999	0.9323602986572438
255.8476609462692	0.7914528934633264
251.7299344599325	0.6662712147471905
247.57608163454418	0.5560185659735337
243.38722506108638	0.45965969792972144
239.1642615864707	0.37617470240861295
234.9081131276788	0.30452052832914056
230.6197182404584	0.24364216352786205
226.30002087776995	0.19248443024670708
221.94995575282982	0.1500041704594263
217.57042964794593	0.115182544271717
213.162297940551	0.08703711440230953
208.72633557844534	0.06463334777433412
204.26320172491873	0.047095136255040505
199.77339740055297	0.033613930264779476
195.25721561877384	0.023456094524907736
190.71468398724994	0.015968143638234816
186.14550049156446	0.01057959532006877
181.54896452791976	0.0068032937355532955
148.44270326534297	9.71594158285966e-05
143.54553813606265	4.2020958894613154e-05
0.3	93
436.3679928510482	36.60015732520232
435.48284623054843	36.546651679885954
434.6964609963071	36.457965968874355
433.96152955690974	36.33463287618646
433.2450843546615	36.177234937521064
432.52582517160727	35.98639574445996
431.78978672445146	35.76277955640104
431.0275122510751	35.507091584479085
430.232385426387	35.2200779485078
429.39964174014887	34.902525303833634
428.5257658220002	34.55526021407675
427.60811173552446	34.17914832141505
426.6446559569431	33.77509334510415
425.6338318661449	33.344035927778165
424.5744158672456	32.88695234398732
423.46544714308567	32.404853083309064
422.30616988193935	31.898781319666753
421.0959908609641	31.369811278292193
419.83444773489686	30.819046511655344
418.52118491948255	30.247618095415334
417.1559349468951	29.656682755002507
415.738503818573	29.04742093266433
414.26875931533556	28.42103480387467
412.7466215218039	27.77874625078501
411.1720550290394	27.121794799126565
409.5450624256964	26.451435523545296
407.86567879301117	25.7689369249707
406.1339669949797	25.07557878222676
404.35001361063786	24.372649978834783
402.5139253959839	23.661446304787756
400.6258261928564	22.943268232100785
398.68585422371643	22.219418662086692
396.69415972695765	21.491200641667213
394.65090288829094	20.75991504519524
392.55625204537125	20.026858217723994
390.410382184398	19.29331957956128
388.21347377522574	18.560579185558115
385.96571114862223	17.82990523597605
383.66728279260644	17.102551536351932
381.3183795741992	16.379754903695694
378.9191948554675	15.66273251702824
376.46992410532096	14.952679210863959
373.9707647923689	14.250764711013463
371.4219164356863	13.558130813020572
368.8235808045645	12.875888504391627
366.17596225917634	12.205115033003866
363.47926822485033	11.54685092507764
360.7337097935783	10.90209695754484
357.93950244723493	10.271811090913802
355.0968668978271	9.65690537025374
352.20603004101116	9.058242803723
349.26722601976223	8.476634229621622
346.280697395859	7.912835185135101
343.2466964273697	7.367542791944872
340.1654864507947	6.841392676321466
337.0373433667985	6.334955943876928
333.86255722857067	5.848736231911689
330.6414339318232	5.383166865542217
327.3742970050466	4.938608147007546
324.06148949804236	4.515344811289557
320.7033759659278	4.113583685192751
317.3003445442882	3.733451591053888
313.85280910942896	3.374993540813691
310.3612115146269	3.038171270737288
306.8260238978153	2.722862171549868
303.2477510192105	2.428858673405204
299.62693061249115	2.155868114209882
295.96413677350125	1.9035132582776102
292.2599845527026	1.6713334781475528
288.5151304980225	1.4587865925391896
284.73027465196685	1.2652515332427807
280.90616230253636	1.0900318762610899
277.04358538577526	0.9323602986572438
273.1431257949187	0.7914528934633264
269.2064437560574	0.6662712147471905
265.2337011169661	0.5560185659735337
261.22613590308094	0.45965969792972144
257.18477125329684	0.37617470240861295
253.1106683407535	0.30452052832914056
249.00491954227854	0.24364216352786205
244.86863898527523	0.19248443024670708
240.70294990778353	0.1500041704594263
236.50896820142736	0.115182544271717
232.28778144467358	0.08703711440230953
228.04042270732387	0.06463334777433412
223.76783840268584	0.047095136255040505
219.47084959320017	0.033613930264779476
215.1501063093158	0.023456094524907736
210.80603492549884	0.015968143638234816
206.4387793150228	0.01057959532006877
202.04813775048513	0.0068032937355532955
170.54906957260394	9.71594158285966e-05
165.9144171318139	4.2020958894613154e-05
0.4	93
436.90362800193344	36.60015732520232
436.5121577715629	36.546651679885954
436.16630077124285	36.457965968874355
435.82687616752526	36.33463287618646
435.4717331243523	36.177234937521064
435.0882086656181	35.98639574445996
434.6685592852953	35.76277955640104
434.20775101178117	35.507091584479085
433.70235085089035	35.2200779485078
433.1499296476638	34.902525303833634
432.5487188175949	34.55526021407675
431.89740211941256	34.17914832141505
431.19498366479144	33.77509334510415
430.44070115839634	33.344035927778165
429.6339671087321	32.88695234398732
428.7743279494065	32.404853083309064
427.86143496956026	31.898781319666753
426.8950232239767	31.369811278292193
425.87489594586106	30.819046511655344
424.8009128177099	30.247618095415334
423.6729809834611	29.656682755002507
422.4910480292516	29.04742093266433
421.2550963901845	28.42103480387467
419.9651387981172	27.77874625078501
418.6212144956565	27.121794799126565
417.223386020049	26.451435523545296
415.77173641738267	25.7689369249707
414.26636678882915	25.07557878222676
412.707394100971	24.372649978834783
411.0949492143145	23.661446304787756
409.4291751000921	22.943268232100785
407.7102252267342	22.219418662086692
405.93826210520626	21.491200641667213
404.11345601875144	20.75991504519524
402.23598381329833	20.026858217723994
400.3060278723559	19.29331957956128
398.32377540406577	18.560579185558115
396.28941724852865	17.82990523597605
394.2031482957661	17.102551536351932
392.06516610037283	16.379754903695694
389.8756711026422	15.66273251702824
387.63486640698596	14.952679210863959
385.3429577964856	14.250764711013463
383.00015388286516	13.558130813020572
380.6066663883136	12.875888504391627
378.16271055569337	12.205115033003866
375.6685056837347	11.54685092507764
373.12427578417334	10.90209695754484
370.5302503580978	10.271811090913802
367.8866652891553	9.65690537025374
365.19376385182386	9.058242803723
362.4517978332473	8.476634229621622
359.66102876768485	7.912835185135101
356.82172928294494	7.367542791944872
353.93418455854334	6.841392676321466
350.998693895537	6.334955943876928
348.01557239812234	5.848736231911689
344.98515276716734	5.383166865542217
341.90778720561127	4.938608147007546
338.7838494353241	4.515344811289557
335.6137368245506	4.113583685192751
332.3978726239082	3.733451591053888
329.1367083077111	3.374993540813691
325.83072601469075	3.038171270737288
322.48044108994196	2.722862171549868
319.08640468274655	2.428858673405204
315.6492044657045	2.155868114209882
312.1694682917713	1.9035132582776102
308.64786912138754	1.6713334781475528
305.0851260813699	1.4587865925391896
301.48200698066364	1.2652515332427807
297.83933065586683	1.0900318762610899
294.15796905425054	0.9323602986572438
290.43859064356826	0.7914528934633264
286.6829530521823	0.6662712147471905
282.89132059938794	0.5560185659735337
279.0650467450755	0.45965969792972144
275.20528092012296	0.37617470240861295
271.31322355382815	0.30452052832914056
267.39012084409876	0.24364216352786205
263.4372570927805	0.19248443024670708
259.45594406273733	0.1500041704594263
255.44750675490883	0.115182544271717
251.4132649487961	0.08703711440230953
247.35450983620237	0.06463334777433412
243.27247508045295	0.047095136255040505
239.16830178584738	0.033613930264779476
235.04299699985782	0.023456094524907736
230.89738586374773	0.015968143638234816
226.73205813848114	0.01057959532006877
222.54731097305057	0.0068032937355532955
192.65543587986494	9.71594158285966e-05
188.28329612756517	4.2020958894613154e-05
0.5	93
437.4392631528188	36.60015732520232
437.54146931257753	36.546651679885954
437.6361405461786	36.457965968874355
437.6922227781407	36.33463287618646
437.6983818940431	36.177234937521064
437.6505921596289	35.98639574445996
437.54733184613923	35.76277955640104
437.3879897724872	35.507091584479085
437.17231627539365	35.2200779485078
436.90021755517864	34.902525303833634
436.57167181318954	34.55526021407675
436.18669250330066	34.17914832141505
435.74531137263983	33.77509334510415
435.24757045064763	33.344035927778165
434.6935183502186	32.88695234398732
434.0832087557273	32.404853083309064
433.4167000571811	31.898781319666753
432.6940555869893	31.369811278292193
431.91534415682526	30.819046511655344
431.08064071593736	30.247618095415334
430.19002702002723	29.656682755002507
429.24359223993014	29.04742093266433
428.24143346503354	28.42103480387467
427.18365607443064	27.77874625078501
426.07037396227355	27.121794799126565
424.9017096144016	26.451435523545296
423.6777940417542	25.7689369249707
422.39876658267855	25.07557878222676
421.0647745913042	24.372649978834783
419.675973032645	23.661446304787756
418.23252400732775	22.943268232100785
416.734596229752	22.219418662086692
415.1823644834548	21.491200641667213
413.5760091492119	20.75991504519524
411.9157155812254	20.026858217723994
410.2016735603139	19.29331957956128
408.4340770329058	18.560579185558115
406.613123348435	17.82990523597605
404.73901379892567	17.102551536351932
402.8119526265465	16.379754903695694
400.8321473498169	15.66273251702824
398.7998087086509	14.952679210863959
396.71515080060243	14.250764711013463
394.57839133004404	13.558130813020572
392.38975197206287	12.875888504391627
390.14945885221044	12.205115033003866
387.8577431426189	11.54685092507764
385.51484177476846	10.90209695754484
383.12099826896076	10.271811090913802
380.6764636804834	9.65690537025374
378.1814976626365	9.058242803723
375.6363696467325	8.476634229621622
373.04136013951063	7.912835185135101
370.39676213852033	7.367542791944872
367.702882666292	6.841392676321466
364.9600444242755	6.334955943876928
362.168587567674	5.848736231911689
359.32887160251136	5.383166865542217
356.44127740617597	4.938608147007546
353.5062093726058	4.515344811289557
350.5240976831732	4.113583685192751
347.49540070352816	3.733451591053888
344.4206075059933	3.374993540813691
341.30024051475465	3.038171270737288
338.1348582820686	2.722862171549868
334.9250583462826	2.428858673405204
331.67147831891793	2.155868114209882
328.3747998100414	1.9035132582776102
325.03575369007257	1.6713334781475528
321.6551216647172	1.4587865925391896
318.23373930936043	1.2652515332427807
314.77249900919725	1.0900318762610899
311.2723527227258	0.9323602986572438
307.73405549221775	0.7914528934633264
304.1594623483072	0.6662712147471905
300.5489400818098	0.5560185659735337
296.90395758707	0.45965969792972144
293.22579058694913	0.37617470240861295
289.5157787669029	0.30452052832914056
285.77532214591884	0.24364216352786205
282.0058752002858	0.19248443024670708
278.208938217691	0.1500041704594263
274.38604530839024	0.115182544271717
270.53874845291864	0.08703711440230953
266.6685969650809	0.06463334777433412
262.77711175822003	0.047095136255040505
258.86575397849464	0.033613930264779476
254.93588769039982	0.023456094524907736
250.98873680199662	0.015968143638234816
247.0253369619395	0.01057959532006877
243.0464841956159	0.0068032937355532955
214.7618021871259	9.71594158285966e-05
210.65217512331645	4.2020958894613154e-05
0.6	93
437.974898303704	36.60015732520232
438.570780853592	36.546651679885954
439.1059803211144	36.457965968874355
439.55756938875624	36.33463287618646
439.9250306637339	36.177234937521064
440.21297565363983	35.98639574445996
440.4261044069831	35.76277955640104
440.56822853319323	35.507091584479085
440.6422816998969	35.2200779485078
440.65050546269345	34.902525303833634
440.59462480878415	34.55526021407675
440.4759828871887	34.17914832141505
440.2956390804881	33.77509334510415
440.05443974289904	33.344035927778165
439.7530695917052	32.88695234398732
439.39208956204817	32.404853083309064
438.971965144802	31.898781319666753
438.49308795000184	31.369811278292193
437.9557923677895	30.819046511655344
437.3603686141647	30.247618095415334
436.7070730565933	29.656682755002507
435.99613645060873	29.04742093266433
435.22777053988256	28.42103480387467
434.40217335074396	27.77874625078501
433.5195334288906	27.121794799126565
432.58003320875423	26.451435523545296
431.5838516661257	25.7689369249707
430.53116637652795	25.07557878222676
429.4221550816373	24.372649978834783
428.2569968509755	23.661446304787756
427.03587291456347	22.943268232100785
425.75896723276986	22.219418662086692
424.4264668617034	21.491200641667213
423.03856227967236	20.75991504519524
421.59544734915244	20.026858217723994
420.0973192482718	19.29331957956128
418.5443786617459	18.560579185558115
416.9368294483415	17.82990523597605
415.2748793020853	17.102551536351932
413.55873915272014	16.379754903695694
411.7886235969916	15.66273251702824
409.96475101031604	14.952679210863959
408.0873438047192	14.250764711013463
406.1566287772229	13.558130813020572
404.172837555812	12.875888504391627
402.1362071487275	12.205115033003866
400.0469806015032	11.54685092507764
397.9054077653635	10.90209695754484
395.71174617982365	10.271811090913802
393.4662620718115	9.65690537025374
391.1692314734492	9.058242803723
388.82094146021745	8.476634229621622
386.42169151133646	7.912835185135101
383.9717949940956	7.367542791944872
381.4715807740407	6.841392676321466
378.92139495301404	6.334955943876928
376.3216027372256	5.848736231911689
373.67259043785543	5.383166865542217
370.97476760674056	4.938608147007546
368.22856930988746	4.515344811289557
365.43445854179595	4.113583685192751
362.5929287831481	3.733451591053888
359.7045067042755	3.374993540813691
356.7697550148185	3.038171270737288
353.7892754741953	2.722862171549868
350.7637120098186	2.428858673405204
347.69375217213127	2.155868114209882
344.5801313283115	1.9035132582776102
341.4236382587575	1.6713334781475528
338.2251172480645	1.4587865925391896
334.9854716380573	1.2652515332427807
331.70566736252755	1.0900318762610899
328.38673639120117	0.9323602986572438
325.0295203408673	0.7914528934633264
321.63597164443206	0.6662712147471905
318.20655956423167	0.5560185659735337
314.74286842906463	0.45965969792972144
311.24630025377525	0.37617470240861295
307.71833397997744	0.30452052832914056
304.160523447739	0.24364216352786205
300.57449330779104	0.19248443024670708
296.96193237264475	0.1500041704594263
293.3245838618717	0.115182544271717
289.6642319570412	0.08703711440230953
285.98268409395934	0.06463334777433412
282.28174843598714	0.047095136255040505
278.56320617114176	0.033613930264779476
274.82877838094186	0.023456094524907736
271.0800877402455	0.015968143638234816
267.3186157853978	0.01057959532006877
263.54565741818124	0.0068032937355532955
236.86816849438685	9.71594158285966e-05
233.02105411906768	4.2020958894613154e-05
0.7	93
438.5105334545893	36.60015732520232
439.60009239460646	36.546651679885954
440.5758200960501	36.457965968874355
441.42291599937175	36.33463287618646
442.15167943342465	36.177234937521064
442.77535914765065	35.98639574445996
443.304876967827	35.76277955640104
443.74846729389924	35.507091584479085
444.1122471244002	35.2200779485078
444.40079337020825	34.902525303833634
444.6175778043788	34.55526021407675
444.76527327107686	34.17914832141505
444.8459667883365	33.77509334510415
444.8613090351504	33.344035927778165
444.8126208331917	32.88695234398732
444.700970368369	32.404853083309064
444.5272302324229	31.898781319666753
444.2921203130144	31.369811278292193
443.99624057875366	30.819046511655344
443.6400965123922	30.247618095415334
443.22411909315935	29.656682755002507
442.74868066128727	29.04742093266433
442.2141076147315	28.42103480387467
441.62069062705734	27.77874625078501
440.9686928955076	27.121794799126565
440.25835680310684	26.451435523545296
439.4899092904972	25.7689369249707
438.6635661703773	25.07557878222676
437.7795355719705	24.372649978834783
436.83802066930605	23.661446304787756
435.8392218217992	22.943268232100785
434.78333823578765	22.219418662086692
433.670569239952	21.491200641667213
432.50111541013285	20.75991504519524
431.27517911707946	20.026858217723994
429.9929649362297	19.29331957956128
428.654680290586	18.560579185558115
427.26053554824784	17.82990523597605
425.8107448052449	17.102551536351932
424.30552567889384	16.379754903695694
422.74509984416636	15.66273251702824
421.129693311981	14.952679210863959
419.459536808836	14.250764711013463
417.7348662244018	13.558130813020572
415.9559231395612	12.875888504391627
414.12295544524454	12.205115033003866
412.23621806038756	11.54685092507764
410.2959737559586	10.90209695754484
408.30249409068654	10.271811090913802
406.25606046313965	9.65690537025374
404.1569652842619	9.058242803723
402.0055132737026	8.476634229621622
399.8020228831623	7.912835185135101
397.54682784967093	7.367542791944872
395.2402788817894	6.841392676321466
392.8827454817525	6.334955943876928
390.47461790677727	5.848736231911689
388.01630927319945	5.383166865542217
385.50825780730526	4.938608147007546
382.95092924716926	4.515344811289557
380.3448194004186	4.113583685192751
377.69045686276803	3.733451591053888
374.98840590255764	3.374993540813691
372.2392695148824	3.038171270737288
369.4436926663219	2.722862171549868
366.60236567335465	2.428858673405204
363.71602602534466	2.155868114209882
360.78546284658154	1.9035132582776102
357.8115228274424	1.6713334781475528
354.79511283141187	1.4587865925391896
351.73720396675407	1.2652515332427807
348.638835715858	1.0900318762610899
345.50112005967645	0.9323602986572438
342.32498518951684	0.7914528934633264
339.112480940557	0.6662712147471905
335.86417904665365	0.5560185659735337
332.58177927105913	0.45965969792972144
329.2668099206014	0.37617470240861295
325.9208891930521	0.30452052832914056
322.54572474955916	0.24364216352786205
319.1431114152964	0.19248443024670708
315.71492652759855	0.1500041704594263
312.2631224153531	0.115182544271717
308.7897154611638	0.08703711440230953
305.29677122283783	0.06463334777433412
301.78638511375425	0.047095136255040505
298.260658363789	0.033613930264779476
294.72166907148386	0.023456094524907736
291.17143867849444	0.015968143638234816
287.6118946088561	0.01057959532006877
284.04483064074657	0.0068032937355532955
258.97453480164785	9.71594158285966e-05
255.38993311481894	4.2020958894613154e-05
0.8	93
439.0461686054745	36.60015732520232
440.629403935621	36.546651679885954
442.04565987098584	36.457965968874355
443.2882626099872	36.33463287618646
444.3783282031154	36.177234937521064
445.3377426416615	35.98639574445996
446.1836495286708	35.76277955640104
446.9287060546052	35.507091584479085
447.5822125489035	35.2200779485078
448.15108127772305	34.902525303833634
448.6405307999735	34.55526021407675
449.05456365496497	34.17914832141505
449.39629449618485	33.77509334510415
449.6681783274018	33.344035927778165
449.87217207467825	32.88695234398732
450.00985117468974	32.404853083309064
450.0824953200437	31.898781319666753
450.0911526760269	31.369811278292193
450.0366887897178	30.819046511655344
449.9198244106196	30.247618095415334
449.74116512972535	29.656682755002507
449.50122487196586	29.04742093266433
449.20044468958054	28.42103480387467
448.8392079033707	27.77874625078501
448.41785236212473	27.121794799126565
447.93668039745944	26.451435523545296
447.3959669148687	25.7689369249707
446.79596596422675	25.07557878222676
446.1369160623037	24.372649978834783
445.41904448763654	23.661446304787756
444.6425707290349	22.943268232100785
443.80770923880544	22.219418662086692
442.9146716182006	21.491200641667213
441.96366854059335	20.75991504519524
440.95491088500654	20.026858217723994
439.8886106241878	19.29331957956128
438.76498191942596	18.560579185558115
437.5842416481543	17.82990523597605
436.34661030840454	17.102551536351932
435.05231220506744	16.379754903695694
433.70157609134105	15.66273251702824
432.29463561364594	14.952679210863959
430.8317298129528	14.250764711013463
429.31310367158073	13.558130813020572
427.73900872331035	12.875888504391627
426.10970374176156	12.205115033003866
424.42545551927185	11.54685092507764
422.68653974655365	10.90209695754484
420.8932420015495	10.271811090913802
419.04585885446784	9.65690537025374
417.14469909507454	9.058242803723
415.19008508718764	8.476634229621622
413.1823542549881	7.912835185135101
411.12186070524626	7.367542791944872
409.008976989538	6.841392676321466
406.84409601049106	6.334955943876928
404.62763307632895	5.848736231911689
402.3600281085436	5.383166865542217
400.04174800786996	4.938608147007546
397.673289184451	4.515344811289557
395.25518025904137	4.113583685192751
392.7879849423881	3.733451591053888
390.2723051008398	3.374993540813691
387.7087840149463	3.038171270737288
385.0981098584486	2.722862171549868
382.4410193368907	2.428858673405204
379.73829987855805	2.155868114209882
376.9907943648516	1.9035132582776102
374.19940739612747	1.6713334781475528
371.3651084147592	1.4587865925391896
368.4889362954509	1.2652515332427807
365.57200406918844	1.0900318762610899
362.61550372815185	0.9323602986572438
359.6204500381664	0.7914528934633264
356.5889902366819	0.6662712147471905
353.5217985290754	0.5560185659735337
350.4206901130537	0.45965969792972144
347.28731958742765	0.37617470240861295
344.1234444061268	0.30452052832914056
340.93092605137934	0.24364216352786205
337.7117295228016	0.19248443024670708
334.46792068255235	0.1500041704594263
331.2016609688345	0.115182544271717
327.91519896528627	0.08703711440230953
324.6108583517164	0.06463334777433412
321.29102179152136	0.047095136255040505
317.95811055643617	0.033613930264779476
314.61455976202575	0.023456094524907736
311.2627896167433	0.015968143638234816
307.90517343231454	0.01057959532006877
304.544003863312	0.0068032937355532955
281.0809011089088	9.71594158285966e-05
277.7588121105703	4.2020958894613154e-05
0.9	93
439.5818037563598	36.60015732520232
441.65871547663556	36.546651679885954
443.5154996459216	36.457965968874355
445.15360922060273	36.33463287618646
446.60497697280624	36.177234937521064
447.90012613567234	35.98639574445996
449.06242208951465	35.76277955640104
450.10894481531125	35.507091584479085
451.0521779734068	35.2200779485078
451.9013691852379	34.902525303833634
452.66348379556814	34.55526021407675
453.343854038853	34.17914832141505
453.9466222040332	33.77509334510415
454.47504761965325	33.344035927778165
454.9317233161648	32.88695234398732
455.3187319810106	32.404853083309064
455.6377604076646	31.898781319666753
455.89018503903947	31.369811278292193
456.077137000682	30.819046511655344
456.199552308847	30.247618095415334
456.2582111662915	29.656682755002507
456.2537690826445	29.04742093266433
456.18678176442955	28.42103480387467
456.05772517968404	27.77874625078501
455.8670118287417	27.121794799126565
455.61500399181205	26.451435523545296
455.3020245392403	25.7689369249707
454.92836575807615	25.07557878222676
454.4942965526369	24.372649978834783
454.0000683059671	23.661446304787756
453.4459196362706	22.943268232100785
452.83208024182335	22.219418662086692
452.1587739964492	21.491200641667213
451.42622167105384	20.75991504519524
450.6346426529335	20.026858217723994
449.78425631214577	19.29331957956128
448.875283548266	18.560579185558115
447.90794774806074	17.82990523597605
446.8824758115641	17.102551536351932
445.79909873124103	16.379754903695694
444.65805233851574	15.66273251702824
443.459577915311	14.952679210863959
442.20392281706955	14.250764711013463
440.8913411187596	13.558130813020572
439.5220943070595	12.875888504391627
438.09645203827864	12.205115033003866
436.6146929781561	11.54685092507764
435.0771057371487	10.90209695754484
433.48398991241237	10.271811090913802
431.8356572457959	9.65690537025374
430.13243290588724	9.058242803723
428.3746569006728	8.476634229621622
426.56268562681396	7.912835185135101
424.69689356082154	7.367542791944872
422.77767509728665	6.841392676321466
420.80544653922954	6.334955943876928
418.78064824588057	5.848736231911689
416.70374694388767	5.383166865542217
414.5752382084346	4.938608147007546
412.39564912173273	4.515344811289557
410.16554111766396	4.113583685192751
407.88551302200796	3.733451591053888
405.55620429912204	3.374993540813691
403.1782985150102	3.038171270737288
400.7525270505753	2.722862171549868
398.27967300042667	2.428858673405204
395.76057373177144	2.155868114209882
393.19612588312174	1.9035132582776102
390.5872919648124	1.6713334781475528
387.93510399810657	1.4587865925391896
385.24066862414765	1.2652515332427807
382.50517242251885	1.0900318762610899
379.7298873966272	0.9323602986572438
376.9159148868159	0.7914528934633264
374.0654995328069	0.6662712147471905
371.1794180114974	0.5560185659735337
368.2596009550482	0.45965969792972144
365.3078292542538	0.37617470240861295
362.32599961920147	0.30452052832914056
359.3161273531995	0.24364216352786205
356.28034763030684	0.19248443024670708
353.2209148375061	0.1500041704594263
350.140199522316	0.115182544271717
347.04068246940886	0.08703711440230953
343.92494548059483	0.06463334777433412
340.79565846928847	0.047095136255040505
337.65556274908346	0.033613930264779476
334.50745045256775	0.023456094524907736
331.35414055499217	0.015968143638234816
328.19845225577285	0.01057959532006877
325.0431770858774	0.0068032937355532955
303.1872674161698	9.71594158285966e-05
300.12769110632155	4.2020958894613154e-05
