# Table format: 1D
# table_unit = degC
# axis1_unit = kJ/kg/K
# This file was automatically generated by generate_data_files.py
2.4538468977194134	-209.15653112411158
2.47959375283255	-208.31877365305854
2.505028006861182	-207.48664540036714
2.530121514127436	-206.66020416823488
2.5548545295878533	-205.8394747226468
2.579215464523109	-205.0244027925317
2.603195734254048	-204.21499646159202
2.6267896182897577	-203.41129839478415
2.6499964976064265	-202.61327549506944
2.672817781371935	-201.82090800336044
2.6952549758230484	-201.0342438548662
2.7173128311111374	-200.25326545007013
2.738997675821086	-199.47793881570234
2.7603146451686986	-198.70831047094134
2.7812709327488867	-197.9443737783204
2.8018750603839058	-197.1860889290815
2.822133817612132	-196.43349871862193
2.842055363542857	-195.68660111221158
2.8616488561160613	-194.94535837092153
2.880921667263691	-194.2098080104717
2.8998821361545475	-193.47994779521704
2.9185392043953735	-192.7557471600896
2.9369002552112446	-192.03723660963087
2.954973312092157	-191.32441400136761
2.9727667314601027	-190.6172553061691
2.990287569408768	-189.91578452400353
3.0075432793188606	-189.21999980673655
3.024541465836956	-188.52988281143615
3.0412886842901288	-187.84545176146693
3.0577917063542275	-187.16670523209592
3.0740573204680404	-186.493630359896
3.0900915528972375	-185.8262383281309
3.105900422044195	-185.16453026824553
3.1214899251098465	-184.5084976578052
3.136865570032904	-183.85814422791083
3.152032621788082	-183.21347489092983
3.1669963629896616	-182.57448366053163
3.1817617632322786	-181.941169462797
3.1963334279549263	-181.31353906949795
3.210715991903753	-180.69158859919622
3.2249139036678596	-180.07531403345368
3.238931199144188	-179.46472277181527
3.252771940666257	-178.85981262908288
3.2664400942860925	-178.26057793987422
3.279939209957977	-177.66702596693557
3.293272854311404	-177.07915585368855
3.3064445600563532	-176.49696118197437
3.3194570427449857	-175.92046852507943
3.3323145182855227	-175.34962063667228
3.345019472162305	-174.7844637600772
3.3575745118425977	-174.22499120446523
3.3699826567625943	-173.67120013513448
3.3822467057444037	-173.12308567525503
3.3943691737589394	-172.58065283392267
3.4063525906663186	-172.0439012631569
3.418199473278259	-171.5128269295186
3.42991210929804	-170.98743379019822
3.441492790585066	-170.46772174127727
3.4529438022837002	-169.95368752587564
3.4642672502610843	-169.44533407380078
3.4754652313372874	-168.94266157808684
3.4865398401521324	-168.4456676437775
3.4974930488222253	-167.95435368561814
3.50832678660603	-167.4687207771927
3.519043000607266	-166.98876700990462
3.529643556407441	-166.5144926270527
3.540130252224693	-166.04589933897807
3.5505049199216816	-165.58298560616188
3.5607693397148767	-165.12575090007178
3.57092521086709	-164.67419726181606
3.580974276007451	-164.2283234654335
3.5909182484800177	-163.78812850719044
3.6007587544954447	-163.35361454289847
3.6104974689464586	-162.92478061130058
3.620136054414738	-162.50162545143792
3.6296760853158867	-162.08415117879727
3.639119186589266	-161.672357060485
3.648466984300211	-161.26624173632223
3.657721018997295	-160.86580717444994
3.666882881024487	-160.4710528246612
3.675954172577034	-160.08197736579203
3.684936417002932	-159.6985825003435
3.7026400599868543	-158.9488323556323
3.711364572202837	-158.58247717878373
3.720006275843175	-158.2218023714447
3.728566766721855	-157.86680669790138
3.7370475803756724	-157.51749119786933
3.745450275599073	-157.17385615646833
3.7537764669698945	-156.83590036748186
3.7620277213712097	-156.50362455459987
3.770205614215932	-156.17702925593932
3.7783117949738174	-155.85611338815895
3.7863478834797912	-155.54087724628607
3.7943154892129067	-155.23132167002365
3.802216317237748	-154.9274457221932
3.8100520641240556	-154.62924927055496
3.8178243979689124	-154.33673339909495
3.8255351047445623	-154.049897368317
3.8331859878818517	-153.76874062534412
3.840778805721064	-153.49326444374321
3.8483154579479875	-153.2234683253914
3.8557978939334996	-152.95935130889
3.863228003805215	-152.70091481826967
3.8706078447996863	-152.44815859236343
3.8779395633613087	-152.20108131971267
3.885225237031648	-151.95968456790285
3.892467140977421	-151.72396816823658
3.8996676860352437	-151.49393065659874
3.906829215070294	-151.26957364940705
3.913954300755124	-151.05089705203443
3.9210457136091126	-150.83789931858365
3.9281061702593574	-150.6305820618503
3.9351386512002047	-150.42894524277034
3.9421464205774885	-150.23298730493303
3.9491327242979453	-150.04270980431824
3.956101107036633	-149.8581127394309
3.96305551894629	-149.67919461512378
3.96999996374986	-149.50595687594893
3.9769387773172715	-149.33839954097658
3.983876878190175	-149.1765213675253
3.990819374536126	-149.02032327595788
3.997771729828575	-148.8698056463665
4.004740265111812	-148.7249675087785
4.011731708703909	-148.58580900365368
4.018753188425369	-148.45233105468486
4.025813098750773	-148.32453295314247
4.032920594114598	-148.2024140584473
4.040085325350135	-148.08597576545998
4.047318824001155	-147.97521769531295
4.054633969334043	-147.8701384398547
4.062044319306908	-147.77073977948868
4.069566247045099	-147.67702172693592
4.077218456900281	-147.58898214749382
4.085020606551579	-147.50662323994203
4.0929965425190105	-147.42994503455066
4.101173988146605	-147.3589451810761
4.109581744755492	-147.29362604518693
4.118254326119676	-147.23398759771766
4.127231913125074	-147.18002754039463
4.136553940011527	-147.13174817773694
4.146264383468988	-147.08914939333158
4.156411417019799	-147.05222922533014
4.167030270576184	-147.02098963717316
4.178143637955754	-146.9954304104638
4.1897647333786825	-146.97555023595314
4.201861770457884	-146.96135042304803
4.214247717115995	-146.95283149064664
4.227049853556349	-146.94999057270365
4.239961668527041	-146.95282955382265
4.252661961140377	-146.96135042304803
4.265276680934922	-146.97555023595314
4.277594836316082	-146.99542948538902
4.289559213041002	-147.02098963717316
4.301156787798128	-147.05222922533014
4.312381856388595	-147.0891479921052
4.323242759496822	-147.13174817773694
4.333765623162772	-147.18002754039463
4.34397485587341	-147.2339859343354
4.353892837438967	-147.29362604518693
4.363546875208056	-147.3589451810761
4.3729606384292286	-147.42994329815724
4.382153376615337	-147.50662323994203
4.39114585325504	-147.58898214749382
4.399956128244259	-147.67702006711013
4.408598489565945	-147.7707397357604
4.4170878144607775	-147.8701384398547
4.425437335781436	-147.9752162289856
4.433657467180875	-148.085975393415
4.44175888163438	-148.2024140584473
4.449751349926894	-148.32453177838994
4.457642592785427	-148.45233038943377
4.465440409687126	-148.58580900365368
4.473152171353321	-148.72496671519116
4.480783766438954	-148.8698047271982
4.488341025160403	-149.02032327595788
4.4958296477064605	-149.17652104295388
4.503254271139592	-149.3383984094553
4.51061935393415	-149.50595687594893
4.517929416862463	-149.67919461512378
4.525188231534857	-149.8581114391269
4.532399285089044	-150.04270980431824
4.539566256975518	-150.23298730493303
4.546692298736218	-150.4289438197058
4.553780215714825	-150.6305820618503
4.560833074872526	-150.83789931858365
4.567853577484491	-151.05089555547858
4.57484405048782	-151.26957364940705
4.581807109972476	-151.49393065659874
4.588745130172756	-151.72396665171078
4.595660104263978	-151.95968456790285
4.602554315484023	-152.20108131971267
4.609429902844033	-152.44815711481118
4.616288632032393	-152.70091481826967
4.623132541836435	-152.95935130889
4.629963606320225	-153.22346695250815
4.6367834443428455	-153.4932642049237
4.643593918434704	-153.76874062534412
4.650396892667116	-154.04989617402873
4.657193902531351	-154.33673289623073
4.663986688303491	-154.62924927055496
4.670777048130237	-154.92744479027397
4.677566486074843	-155.23132091403596
4.6843566635959375	-155.54087724628607
4.691149349644013	-155.85611281397672
4.69794606081241	-156.1770282631864
4.704748415749134	-156.50362455459987
4.711558185541686	-156.83590025981587
4.718376938067653	-157.1738549495791
4.725206279846343	-157.51749119786933
4.732048012369363	-157.86680669790138
4.738903788289579	-158.22180098035295
4.745775231022159	-158.58247717878373
4.752664200559325	-158.9488323556323
4.759572457268111	-159.32086636411563
4.766501676972915	-159.6985825003435
4.773453802098055	-160.0819773335582
4.780430722804861	-160.47105111102954
4.787434202031702	-160.8658071658383
4.794466288092352	-161.26624163401374
4.80152902355604	-161.6723552329335
4.808624293114805	-162.08415117879727
4.8157542750796125	-162.5016252600451
4.822921188299869	-162.92477874334608
4.830127075251921	-163.35361439208498
4.837374269427677	-163.78812821554908
4.844665192345876	-164.22832165719944
4.8520020819163285	-164.67419672746297
4.85938745659925	-165.12575050543882
4.866823967781701	-165.58298399046254
4.874314091540409	-166.04589838347962
4.8818605626699245	-166.51449213583692
4.889466295496924	-166.98876575935566
4.897134051469696	-167.4687193709069
4.904866817536096	-167.95435311430032
4.912667809375008	-168.44566697875405
4.920540127471203	-168.9426597029463
4.928487052509259	-169.44533345007318
4.936512146801374	-169.95368746534012
4.94461891129903	-170.46771939520903
4.9528109695674125	-170.9874331543686
4.961092287673322	-171.5128265314372
4.969466828047042	-172.04389846548122
4.977938625621663	-172.5806522406714
4.986512116801129	-173.12308488655054
4.995191791692663	-173.6711969328917
5.003982183062177	-174.22499072504894
5.012888275966389	-174.78446253557527
5.031069592158002	-175.92044645938924
5.040352368826718	-176.49695948629972
5.049774104543813	-177.07915213346377
5.059339050505617	-177.66702596693557
5.069053594482395	-178.26057575037692
5.078924342553957	-178.85980889174957
5.088958023408518	-179.4647221070814
5.099161908579868	-180.0753113446052
5.109543565107509	-180.6915850855247
5.120110764902691	-181.31353759813183
5.130871831835039	-181.94116629262544
5.141835460077518	-182.57448068071176
5.15301065086637	-183.21347489092983
5.176034604005278	-184.5084976578052
5.187903882409394	-185.16453026824553
5.212412530578119	-186.493630359896
5.225075748650819	-187.16670523209592
5.2648584427923995	-189.21999980673655
5.307640531200508	-191.32441400136761
5.353878569061514	-193.47994779521704
5.404111351262422	-195.68660111221158
5.458977404373987	-197.9443737783204
5.478423481328607	-198.70831047094134
5.519236430119302	-200.25326545007013
5.540673597557577	-201.0342438548662
5.58579548389603	-202.61327549506944
5.609564008605874	-203.41129839478415
5.659740633848549	-205.0244027925317
5.686248375379857	-205.8394747226468
5.713774605509772	-206.66017131615837
5.742374507597797	-207.48664540036714
5.7721105783858	-208.31877365305854
5.803050453483978	-209.15649019996584
5.835259066888996	-209.99999999798456
