# Table format: T1D
# table_unit = degC
# axis1_unit = kJ/kg/K
# axis2_unit = barA
# This file was automatically generated by generate_data_files.py
1.0	119
2.4273891178968348	-210.00000000000006
2.436933585753731	-209.69098296704914
2.446514775760241	-209.38045379591046
2.4561303633235423	-209.06840508710883
2.465778148272161	-208.75482940497614
2.47545604948721	-208.43971927744286
2.485162099757572	-208.12306719588565
2.4948944408543126	-207.80486561493586
2.504651318819648	-207.4851069522985
2.5144310794650373	-207.1637835885823
2.524232164071909	-206.84088786710714
2.5340531052934248	-206.5164120937264
2.5438925232471004	-206.19034853664516
2.553749121798325	-205.86268942623133
2.5636216850240308	-205.53342695483337
2.573509073856201	-205.2025532765947
2.583410222895634	-204.8700605072657
2.5933241373926044	-204.53594072401717
2.603249890389026	-204.2001859652489
2.613186620014295	-203.86278823040374
2.623133526932253	-203.52373947976866
2.6330898719305944	-203.18303163429732
2.6430549736487747	-202.8406565754077
2.653028206439105	-202.49660614478591
2.6630089983534857	-202.15087214419714
2.6729968292513915	-201.80344633529452
2.682991229024332	-201.4543204394159
2.6929917759295643	-201.10348613738532
2.7029980950286716	-200.7509350693204
2.7130098567262158	-200.3966588344265
2.7230267754020634	-200.04064899081624
2.7330486081343635	-199.6828970552671
2.74307515350621	-199.32339450306335
2.7531062504931363	-198.962132767776
2.763141777427466	-198.59910324104385
2.77318165103318	-198.23429727239213
2.7832258255303937	-197.86770616901475
2.7932742918040057	-197.49932119556462
2.80332707663406	-197.12913357395
2.813384241984607	-196.75713448313002
2.9001834234916846	-195.98549102236626
2.9662618432826053	-195.98549102236626
3.032340263073527	-195.98549102236626
3.0984186828644478	-195.98549102236626
3.164497102655369	-195.98549102236626
3.23057552244629	-195.98549102236626
3.2966539422372105	-195.98549102236626
3.362732362028132	-195.98549102236626
3.4288107818190534	-195.98549102236626
3.4948892016099746	-195.98549102236626
3.560967621400896	-195.98549102236626
3.6270460411918166	-195.98549102236626
3.693124460982738	-195.98549102236626
3.759202880773659	-195.98549102236626
3.82528130056458	-195.98549102236626
3.891359720355501	-195.98549102236626
3.9574381401464227	-195.98549102236626
4.0235165599373435	-195.98549102236626
4.089594979728265	-195.98549102236626
4.155673399519185	-195.98549102236626
4.221751819310106	-195.98549102236626
4.2878302391010275	-195.98549102236626
4.353908658891949	-195.98549102236626
4.419987078682871	-195.98549102236626
4.486065498473791	-195.98549102236626
4.552143918264712	-195.98549102236626
4.6182223380556335	-195.98549102236626
4.684300757846555	-195.98549102236626
4.750379177637476	-195.98549102236626
4.816457597428396	-195.98549102236626
4.8825360172193175	-195.98549102236626
4.94861443701024	-195.98549102236626
5.014692856801159	-195.98549102236626
5.08077127659208	-195.98549102236626
5.146849696383002	-195.98549102236626
5.212928116173923	-195.98549102236626
5.279006535964844	-195.98549102236626
5.345084955755765	-195.98549102236626
5.411163496751489	-195.98547888326402
5.42231460811171	-195.21383367209665
5.4497152238756845	-193.27558318027747
5.476947044142431	-191.28912894498404
5.504027309250033	-189.25327215270138
5.530971255424053	-187.1667841757603
5.557792382629811	-185.02840583086783
5.584502680663154	-182.8368466191972
5.611112821093307	-180.59078394757964
5.637632321070277	-178.28886233032688
5.664069683788556	-175.92969257120396
5.6904325194582555	-173.51185092505645
5.716727649902858	-171.0338782385898
5.742961199328455	-168.494279069778
5.7691386733551155	-165.89152078537336
5.795265028038491	-163.22403263597104
5.821344730318595	-160.49020480807147
5.847381811097541	-157.68838745256699
5.873379911956042	-154.8168896890675
5.899342326361638	-151.87397858546416
5.925272036092262	-148.8578781121151
5.9511717434916225	-145.76676807002178
5.977043900083807	-142.59878299234927
6.002890731999785	-139.3520110186285
6.028714262606082	-136.0244927409594
6.054516332672894	-132.61422002151934
6.080298618374419	-129.11913478066418
6.106062647376211	-125.53712775488907
6.131809813232226	-121.86603722390046
6.157541388286893	-118.10364770602968
6.183258535254275	-114.24768862120402
6.208962317626731	-110.29583292066403
6.234653709048888	-106.2456956826035
6.260333601778852	-102.0948326728828
6.286002814347141	-97.84073886994835
6.311662098514552	-93.4808469530667
6.337312145622744	-89.01252575296056
6.362953592425842	-84.43307866391518
6.388587026487248	-79.7397420163914
6.414212991223236	-74.92968340916698
6.439831990673362	-69.99999999999991
10.0	119
2.422985330955394	-209.9999999999976
2.447337960194107	-209.2079427036885
2.4719040024123173	-208.40595104853787
2.4966494581971146	-207.59390043310347
2.5215449392548925	-206.7716646931251
2.5465651712900663	-205.93911608193218
2.5716885521080357	-205.0961252505973
2.596896761315664	-204.24256122783132
2.6221744178885684	-203.37829139965197
2.647508781771474	-202.50318148875618
2.6728894955957556	-201.6170955336812
2.6983083625705584	-200.71989586766477
2.7237591566365893	-199.81144309726884
2.7492374610932937	-198.89159608070935
2.774740532112662	-197.96021190593973
2.800267183850935	-197.01714586844065
2.825817692235998	-196.06225144874242
2.8513937149534345	-195.0953802896595
2.8769982256425677	-194.11638217323122
2.9026354608428444	-193.12510499740205
2.928310878784605	-192.12139475237714
2.9540311296835453	-191.10509549669527
2.9798040377806903	-190.07604933300394
3.0056385959721132	-189.03409638353247
3.031544974514482	-187.97907476523898
3.0575345460029975	-186.91082056467195
3.08361992964937	-185.8291678125002
3.1098150588998013	-184.73394845772464
3.13613527772586	-183.62499234157087
3.1625974726311603	-182.502127171054
3.1892202497332547	-181.365178492207
3.216024169489233	-180.21396966297516
3.2430320561560677	-179.04832182578298
3.27026940555539	-177.86805387973487
3.2977649241554787	-176.6729824524768
3.325551246505158	-175.46292187171855
3.353665899329734	-174.23768413637694
3.3821526136635405	-172.9970788873689
3.411063139256217	-171.7409133780401
3.4404598027691016	-170.4689924442118
3.4645684894612203	-169.43181054970987
3.502099388382754	-169.43181027744174
3.5396302848533807	-169.43181027744174
3.5771611813240076	-169.43181027744174
3.6146920777946345	-169.43181027744174
3.652222974265261	-169.43181027744174
3.689753870735888	-169.43181027744174
3.7272847672065144	-169.43181027744174
3.7648156636771404	-169.43181027744174
3.8023465601477673	-169.43181027744174
3.8398774566183937	-169.43181027744174
3.877408353089021	-169.43181027744174
3.9149392495596476	-169.43181027744174
3.952470146030274	-169.43181027744174
3.9900010425009005	-169.43181027744174
4.027531938971528	-169.43181027744174
4.065062835442154	-169.43181027744174
4.102593731912781	-169.43181027744174
4.140124628383408	-169.43181027744174
4.177655524854034	-169.43181027744174
4.215186421324661	-169.43181027744174
4.2527173177952875	-169.43181027744174
4.2902482142659135	-169.43181027744174
4.327779110736541	-169.43181027744174
4.365310007207166	-169.43181027744174
4.402840903677794	-169.43181027744174
4.440371800148421	-169.43181027744174
4.477902696619048	-169.43181027744174
4.515433593089674	-169.43181027744174
4.552964489560301	-169.43181027744174
4.590495386030928	-169.43181027744174
4.628026282501555	-169.43181027744174
4.665557178972181	-169.43181027744174
4.703088075442807	-169.43181027744174
4.740618971913435	-169.43181027744174
4.778149868384061	-169.43181027744174
4.8156807648546875	-169.43181027744174
4.853211661325314	-169.43181027744174
4.8907425577959405	-169.43181027744174
4.9440854854417555	-168.39463008374506
4.970279732478453	-166.60043204518394
4.995614257417323	-164.7755038721758
5.020218212678347	-162.91931923421367
5.0441937108141905	-161.03134278606274
5.067623071709284	-159.1110300133604
5.090573745232734	-157.15782707557184
5.113101761717308	-155.17117064625631
5.1352542159476195	-153.15048775059716
5.1570710968801015	-151.09519560014903
5.178586662568465	-149.0047014247551
5.1998304915616504	-146.878402301585
5.220828299422189	-144.71568498124535
5.241602581615337	-142.51592571091095
5.262173125958661	-140.2784900544277
5.282557425646409	-138.0027327093334
5.302771015488584	-135.68799732074515
5.322827748139052	-133.33361629205928
5.342740022910669	-130.93891059240835
5.362518976756501	-128.50318956082097
5.3821746447842305	-126.02575070702693
5.4017160960291335	-123.50587950885108
5.421151548978443	-120.94284920613666
5.4404884704045	-118.33592059113926
5.459733660346977	-115.68434179533065
5.478893325529667	-112.98734807255147
5.49797314306423	-110.2441615784492
5.516978315952607	-107.4539911461386
5.535913621629592	-104.61603205802052
5.5547834545714405	-101.72946581369189
5.573591863822896	-98.79345989388034
5.592342586154833	-95.80716752033626
5.611039075450472	-92.76972741161197
5.62968452882489	-89.68026353465814
5.648281909905547	-86.53788485216594
5.666833969638241	-83.3416850655808
5.685343264930045	-80.09074235371625
5.7038121753968465	-76.78411910688948
5.7222429184462635	-73.42086165650389
5.74063756289575	-69.99999999999994
20.0	119
2.4181879493119958	-209.99999999999847
2.4478896572400335	-209.0297217690695
2.4778939402705276	-208.04453554375357
2.5081415936597833	-207.04421226780102
2.538583216131379	-206.02851936558307
2.569177917438517	-204.99722068803072
2.5998922019166075	-203.9500764577221
2.6306990133083015	-202.88684321314452
2.661576925629958	-201.8072737520735
2.692509464429206	-200.7111170741052
2.7234845426259247	-199.59811832231014
2.7544939953717984	-198.46801872395852
2.7855331990833028	-197.32055553037333
2.816600761032605	-196.15546195583056
2.8476982675580587	-194.9724671155331
2.8788300810108742	-193.77129596263077
2.910003177864491	-192.55166922427816
2.9412270228642035	-191.31330333669337
2.972513476599437	-190.05591037923273
3.0038767363915815	-188.7791980074512
3.035333312923517	-187.48286938513075
3.066902047683171	-186.16662311526653
3.098604179236768	-184.83015316999243
3.1304634698771547	-183.47314881942563
3.162506408750517	-182.0952945594273
3.1947625138035756	-180.69627003824394
3.227264763789497	-179.27574998202314
3.260050204634743	-177.8334041191975
3.293160794108445	-176.36889710368615
3.326644578908593	-174.88188843693013
3.3605573457765163	-173.37203238872132
3.3949649651261256	-171.83897791683427
3.4299467742888274	-170.2823685853906
3.465600571278715	-168.70184248200312
3.5020501980143157	-167.09703213361803
3.539457478365004	-165.46756442108722
3.5780418972273447	-163.81306049241164
3.6181150349479783	-162.1331356746644
3.6601457916493283	-160.42739938454503
3.7048982216516606	-158.6954550375766
3.761877274322429	-157.53934852608234
3.7872393803328595	-157.53934852608234
3.8126014863432904	-157.53934852608234
3.837963592353721	-157.53934852608234
3.863325698364152	-157.53934852608234
3.8886878043745825	-157.53934852608234
3.914049910385013	-157.53934852608234
3.9394120163954436	-157.53934852608234
3.964774122405874	-157.53934852608234
3.9901362284163047	-157.53934852608234
4.015498334426736	-157.53934852608234
4.040860440437165	-157.53934852608234
4.066222546447596	-157.53934852608234
4.091584652458027	-157.53934852608234
4.116946758468458	-157.53934852608234
4.142308864478888	-157.53934852608234
4.1676709704893184	-157.53934852608234
4.193033076499749	-157.53934852608234
4.21839518251018	-157.53934852608234
4.243757288520611	-157.53934852608234
4.2691193945310415	-157.53934852608234
4.2944815005414725	-157.53934852608234
4.319843606551903	-157.53934852608234
4.345205712562334	-157.53934852608234
4.370567818572764	-157.53934852608234
4.395929924583195	-157.53934852608234
4.421292030593626	-157.53934852608234
4.446654136604057	-157.53934852608234
4.472016242614487	-157.53934852608234
4.497378348624918	-157.53934852608234
4.522740454635349	-157.53934852608234
4.548102560645779	-157.53934852608234
4.57346466665621	-157.53934852608234
4.59882677266664	-157.53934852608234
4.624188878677071	-157.53934852608234
4.649550984687501	-157.53934852608234
4.674913090697931	-157.53934852608234
4.700275196708361	-157.53934852608234
4.725637303342245	-157.53934844938584
4.750949413833744	-156.38324193387967
4.7837609076250605	-154.71342827430834
4.813770873923543	-153.01973557840944
4.841715918929007	-151.3018223659393
4.868064722689309	-149.5593422733429
4.89313696735952	-147.79194398392102
4.917162007020855	-145.9992711569986
4.940310837235426	-144.18096235607877
4.96271485562787	-142.33665097597125
4.984477523704634	-140.4659651688778
5.005681958322307	-138.56852776942046
5.026396064157293	-136.64395621859762
5.046676115268341	-134.69186248665414
5.0665693224686486	-132.71185299484588
5.086115716718549	-130.70352853608748
5.105349558794858	-128.66648419446508
5.124300413152827	-126.60030926359684
5.142993978829009	-124.50458716382715
5.161452741343689	-122.37889535823712
5.179696490569683	-120.22280526745183
5.197742736764722	-118.03588218323162
5.21560704820466	-115.81768518082674
5.2333033277340055	-113.5677670300781
5.250844041203276	-111.28567410524755
5.2682404076281175	-108.97094629355891
5.28550255861351	-106.62311690242962
5.302639672890021	-104.24171256537741
5.319660090538072	-101.82625314658091
5.336571410514093	-99.37625164407459
5.353380574356377	-96.89121409156024
5.370093938380409	-94.3706394588149
5.386717336230966	-91.81401955067236
5.40325613331097	-89.22083890456233
5.419715274332265	-86.59057468658386
5.436099325014606	-83.92269658609118
5.452412508783448	-81.21666670877372
5.4686587391754715	-78.4719394682069
5.484841648545475	-75.68796147585073
5.500964613574426	-72.86417142947693
5.517030778001082	-69.99999999999994
30.000000000000004	120
2.4134885512516675	-209.99999999999775
2.446431057242112	-208.91938388382502
2.479733468243642	-207.82027637904338
2.513316817065109	-206.702361062972
2.5471166797380485	-205.56531609832956
2.581081031588744	-204.4088141405986
2.615168426605118	-203.23252224377268
2.649346469597762	-202.03610176450672
2.6835905494986836	-200.81920826462758
2.717882801307169	-199.58149141197742
2.752211264138141	-198.3225948795464
2.7865692038656964	-197.04215624289208
2.8209545711179254	-195.73980687581124
2.855369568804445	-194.41517184419993
2.8898203077244333	-193.06786979812938
2.92431653379486	-191.69751286204433
2.958871415713314	-190.30370652310998
2.9935013871624387	-188.88604951762298
3.0282260428162946	-187.44413371550533
3.0630680924487206	-185.9775440027932
3.0980533825889864	-184.48585816214347
3.13321100087108	-182.96864675126795
3.1685734852003193	-181.4254729793128
3.204177169199371	-179.85589258110176
3.240062708717007	-178.2594536892403
3.2762758539740826	-176.63569670403172
3.3128685621533696	-174.98415416114923
3.3499005925113847	-173.30435059707395
3.387441801891669	-171.59580241220272
3.425575483714569	-169.85801773162225
3.464403307935002	-168.0904962635194
3.504052803095345	-166.2927291551273
3.544689044985465	-164.46419884625328
3.586533668995778	-162.6043789202658
3.6298974713903176	-160.71273395254997
3.6752403683097357	-158.78871935635925
3.7232927120527437	-156.8317812260369
3.7753365565269745	-154.8413561775513
3.834011141082862	-152.81687118630347
3.9067237175373677	-150.75774342215908
3.969369449970358	-149.52145800218062
3.9832647378378336	-149.52145783828638
3.997160024393678	-149.52145783828638
4.011055310949522	-149.52145783828638
4.0249505975053665	-149.52145783828638
4.03884588406121	-149.52145783828638
4.052741170617055	-149.52145783828638
4.066636457172899	-149.52145783828638
4.080531743728743	-149.52145783828638
4.094427030284587	-149.52145783828638
4.1083223168404315	-149.52145783828638
4.122217603396275	-149.52145783828638
4.136112889952119	-149.52145783828638
4.1500081765079635	-149.52145783828638
4.163903463063807	-149.52145783828638
4.177798749619652	-149.52145783828638
4.1916940361754955	-149.52145783828638
4.20558932273134	-149.52145783828638
4.219484609287183	-149.52145783828638
4.233379895843028	-149.52145783828638
4.247275182398872	-149.52145783828638
4.261170468954716	-149.52145783828638
4.275065755510561	-149.52145783828638
4.288961042066405	-149.52145783828638
4.302856328622249	-149.52145783828638
4.316751615178093	-149.52145783828638
4.330646901733937	-149.52145783828638
4.344542188289781	-149.52145783828638
4.3584374748456245	-149.52145783828638
4.37233276140147	-149.52145783828638
4.386228047957314	-149.52145783828638
4.400123334513157	-149.52145783828638
4.414018621069002	-149.52145783828638
4.427913907624846	-149.52145783828638
4.441809194180689	-149.52145783828638
4.455704480736535	-149.52145783828638
4.469599767292378	-149.52145783828638
4.483495053848222	-149.52145783828638
4.497390340404067	-149.52145783828638
4.511285629578135	-149.5214575273517
4.575912638726708	-148.2851721026252
4.629465290559137	-146.71711778807094
4.671368543728698	-145.12937182475713
4.707081005563147	-143.52168692467367
4.738846832107599	-141.89381269436424
4.767838665252859	-140.24549559592808
4.794756924873709	-138.57647890753148
4.820057871645745	-136.88650268342437
4.844057464752338	-135.17530371345404
4.866984707518094	-133.44261548207126
4.889011544296682	-131.6881681268201
4.910270766425109	-129.9116883963088
4.930867313859203	-128.11289960764978
4.950885718296895	-126.29152160336852
4.970395180912927	-124.44727070776824
4.989453140800196	-122.57985968274923
5.008107847181246	-120.68899768307105
5.026400254650813	-118.77439021105488
5.044365446645909	-116.83573907071576
5.06203372279385	-114.87274232131912
5.079431442059514	-112.88509423035441
5.0965816853609365	-110.87248522591759
5.113504782624531	-108.8346018484963
5.130218736607327	-106.7711267021489
5.146739567096406	-104.68173840507154
5.163081592979156	-102.56611153954228
5.179257665317554	-100.42391660123911
5.195279361405572	-98.25481994791994
5.2111571474764204	-96.05848374745841
5.22690051601032	-93.83456592522771
5.242518102305519	-91.5827201108226
5.258017783997995	-89.30259558411373
5.273406766467123	-86.9938372206228
5.288691656485734	-84.6560854362134
5.303878526022252	-82.28897613108649
5.318972967747988	-79.89214063307207
5.333980143522127	-77.46520564021003
5.348904826903159	-75.007793162609
5.363751440556068	-72.51952046357462
5.3785240892794235	-69.99999999999994
40.0	89
2.4088843941876292	-210.00000000000057
2.5737057792774496	-204.4808598171308
2.7142080673068785	-199.49946220240622
2.83557308453644	-194.9267040445397
2.942355519068278	-190.6804782676296
3.0377219302505893	-186.71355659123913
3.1238399926882625	-182.99898967391698
3.202242398410762	-179.5201841278671
3.274060314466764	-176.26530736076003
3.340162650584472	-173.2245392765092
3.4012387005167115	-170.3889327676544
3.4578484696980913	-167.7500635727876
3.5104548516501204	-165.29998984481517
3.5594455530273548	-163.0312728163044
3.6051490513653994	-160.93695254173005
3.647846857600025	-159.01045301892586
3.687783274660339	-157.24543064632903
3.725173287347798	-155.63559475097634
3.7602089475664884	-154.17452975649218
3.7930644943759413	-152.8555426797788
3.8239003930486035	-151.67155153607268
3.852866450633736	-150.6150224064907
3.8801041480774976	-149.67795654207362
3.9057483131569533	-148.8519242561598
3.9299282427641966	-148.12813933760046
3.9527683683609767	-147.49756594755502
3.97438854624993	-146.95104906406408
3.994904045804828	-146.47945920576984
4.014425304252594	-146.07384220785093
4.033057515320952	-145.72556516416523
4.050900119532252	-145.42645030333344
4.068046264081111	-145.16888958956753
4.084582297962469	-144.9459342771561
4.1005873616642825	-144.75135548787983
4.116133119585585	-144.57967402319423
4.131283667847831	-144.4261598814191
4.146095631916914	-144.2868040830545
4.160618449763872	-144.15826717071846
4.174894819640069	-144.03780995349874
4.188961278966282	-143.9232126128293
4.20284887350842	-143.81268819153252
4.216583874100408	-143.70479585741685
4.230188500953652	-143.59835833605263
4.243681621766652	-143.4923867310605
4.257079397914575	-143.38601476346187
4.276302577068273	-143.22995428393574
4.295392289068992	-143.0690338051304
4.314380576278439	-142.90079077420745
4.333296682272042	-142.7225259141176
4.352168315411726	-142.53123002177344
4.371022446145608	-142.3235541556427
4.389885755155807	-142.0958089538974
4.408784834945091	-141.8439817069185
4.4277462276400215	-141.56376275843488
4.44679636163552	-141.25057542521165
4.465961431862133	-140.89960574302407
4.4852672539837455	-140.50582994838177
4.504739111838243	-140.06403874663476
4.524401609534366	-139.56885818153228
4.544278534242522	-139.01476739513575
4.564392732274016	-138.3961138263778
4.584765999001421	-137.7071265031542
4.6054189820993345	-136.94192808399967
4.626371097141949	-136.09454623607002
4.6476404545318575	-135.15892482175084
4.669243796877229	-134.12893522523336
4.691196446160724	-132.99838799681095
4.7135122602782245	-131.76104483767355
4.736203598724008	-130.4106308012494
4.759281297341264	-128.94084645739608
4.782754652137859	-127.34537966086523
4.806631412193271	-125.61791649217466
4.830917781663992	-123.75215090229815
4.855618430845505	-121.74179259494883
4.880736516181294	-119.58057272117276
4.906273709033269	-117.26224703667512
4.932230232950947	-114.78059627577565
4.958604909101577	-112.12942361758374
4.985395209451786	-109.3025492488033
5.01259731722186	-106.29380215215392
5.040206194065931	-103.09700935940441
5.068215653363755	-99.70598299531625
5.09661843894362	-96.11450549816789
5.125406308492724	-92.31631343205049
5.154570120855033	-88.30508030690686
5.184099926371356	-84.07439879803988
5.213985059386883	-79.61776271297168
5.244214232042628	-74.92854899640705
5.274775628482276	-69.99999999999997
50.00000000000001	89
2.404372853139138	-210.00000000000128
2.5717279617364337	-204.37095926544544
2.7139899426173426	-199.2942783299946
2.8366510637387328	-194.63439063603374
2.944476355721771	-190.30475344674252
3.040743433413965	-186.25558896021175
3.1276780360936445	-182.45853276651056
3.2068448771916507	-178.89617893530567
3.279394336768607	-175.55618201270482
3.346208081713527	-172.42834977453828
3.407984788432746	-169.50342482211266
3.46529199812314	-166.7726977676952
3.5185990727113476	-164.22795160641465
3.568299530824747	-161.86147776372638
3.614727227439995	-159.66605231690835
3.6581687344898057	-157.63484410300225
3.6988731543340663	-155.76126756762542
3.737060020980062	-154.03880869739282
3.7729256631825345	-152.46085349118695
3.806648274825445	-151.0205425834436
3.8383918812995304	-149.7106674308525
3.8683093639960795	-148.523615487703
3.896544688573933	-147.45136522754842
3.9232344684180913	-146.4855270648735
3.9485089807955505	-145.61742306706324
3.9724927401826835	-144.83819650515846
3.9953047221478983	-144.1389414280387
4.017058322637117	-143.51084228160758
4.037861131357687	-142.94531395258375
4.057814593265004	-142.43413340547565
4.077013627518956	-141.96955526595178
4.095546267192383	-141.54440526088942
4.113493374316948	-141.15214730280206
4.130928473064318	-140.78692209801375
4.147917729364336	-140.44355730172057
4.164520089239007	-140.11755124156457
4.180787572283424	-139.80503388907647
4.196765702847148	-139.50270992313068
4.212494051036136	-139.2077893226349
4.228006849504248	-138.91791095428297
4.243333650235221	-138.63106416868735
4.258499987569905	-138.34551261963242
4.273528018610418	-138.05972353100347
4.288437118657655	-137.77230459958415
4.303244416400299	-137.4819497548705
4.321021284290506	-137.12540870009929
4.338696305828235	-136.76050895981416
4.356291778055499	-136.38496743170478
4.37382847558771	-135.99639728719384
4.391326102384201	-135.59227900707623
4.408803603244239	-135.16994544788332
4.4262793645716725	-134.72657724932418
4.443771331149977	-134.25920545076778
4.461297061754356	-133.76471879670052
4.478873742190961	-133.23987379996092
4.496518170300529	-132.68130615386482
4.5142467238740265	-132.08554252082195
4.532075319420321	-131.4490120723019
4.550019367315524	-130.76805741891954
4.568093727005439	-130.0389447604904
4.586312664551152	-129.25787321629036
4.6046898138195	-128.42098337748806
4.62323814194208	-127.52436516768438
4.641969919225647	-126.56406511322282
4.660896693430406	-125.5360931203798
4.680029268190542	-124.43642883831495
4.699377685293471	-123.26102766016191
4.718951210530714	-122.00582638426138
4.738758322861669	-120.66674852685685
4.758806706676179	-119.23970924940903
4.779103246992125	-117.72061984026223
4.799654027472617	-116.1053916733025
4.8204643311903945	-114.38993955648951
4.841538644101515	-112.57018438115702
4.862880661215791	-110.64205498862114
4.884493295467263	-108.6014891832101
4.906378689294683	-106.4444338392318
4.928538228939893	-104.16684407206654
4.950972561462343	-101.7646814687885
4.973681614451364	-99.23391139961845
4.996664618395658	-96.57049945630212
5.019920131642906	-93.77040708560398
5.043446067852751	-90.82958650423285
5.067239725815534	-87.74397499479096
5.091297821478023	-84.5094886903072
5.115616521987998	-81.12201595756693
5.140191481543194	-77.57741048710542
5.1650178788080305	-73.87148419106893
5.190090455644848	-70.0
60.00000000000001	89
2.399951413735761	-209.9999999999995
2.5698615816586234	-204.2599775925342
2.7138749729615093	-199.08770679587263
2.8378140616283107	-194.34081020905512
2.9466624838003734	-189.92808541144996
3.0438111580652434	-185.79709451431367
3.1315441319490587	-181.91800722903918
3.21145781330454	-178.27258385785547
3.2847213421384223	-174.84796022149425
3.3522286848171072	-171.6335747866318
3.4146874596179506	-168.61986810433757
3.4726723122912446	-165.79785767761763
3.526658637413574	-163.15906630764914
3.577045310879794	-160.69553312434033
3.624171078552268	-158.39979010047253
3.6683270441234344	-156.26477302422427
3.709766529135064	-154.28367856425893
3.7487129803221917	-152.4497952730215
3.7853663093203505	-150.7563377720776
3.8199079171017973	-149.19630756845265
3.8525045975165493	-147.76239567169569
3.8833114877487716	-146.4469340617913
3.912474217745631	-145.24189634660976
3.940130397423614	-144.13894302443188
3.966410567466094	-143.12950353975467
3.991438726994842	-142.20488549698385
4.015332540030105	-141.35640065342068
4.0382033127686725	-140.57549738037426
4.060155824993381	-139.85388996818867
4.081288090560357	-139.183676332302
4.101691112866958	-138.55743726209494
4.12144869062451	-137.96831224995566
4.1406373167585135	-137.4100490259487
4.159326199083166	-136.87702605104946
4.1775774164159145	-136.36424921351983
4.195446209291308	-135.8673256571167
4.212981391788376	-135.38241890944465
4.230225861357378	-134.90619019753998
4.247217177604867	-134.43573103091714
4.263988178873918	-133.96849186236702
4.280567606711529	-133.50221101453178
4.29698071214247	-133.03484721969429
4.313249823093205	-132.56451819335453
4.329394858379334	-132.0894467599072
4.3454337795941935	-131.6079152507489
4.361590740318278	-131.1117717151332
4.3776713519118875	-130.60548799083017
4.393690311823825	-130.0872628300504
4.409661497548461	-129.55524723489566
4.425598133281776	-129.00753338625643
4.441512912880033	-128.44214821114468
4.457418086950496	-127.85705059836337
4.473325521302621	-127.25013138451857
4.489246733161956	-126.61921536112527
4.505192910626269	-125.96206468478454
4.521174919915935	-125.27638319662134
4.537203304098271	-124.55982126871933
4.553288276183438	-123.80998089134428
4.569439708813734	-123.02442079455705
4.585667122202499	-122.20066146187253
4.601979671517994	-121.33618994331547
4.618386134542126	-120.42846441227823
4.63489490015143	-119.47491843696474
4.6515139579552605	-118.47296495481817
4.6682508892716985	-117.41999994898029
4.685112859513422	-116.31340583117984
4.702106611983794	-115.1505545369352
4.71923846303946	-113.92881033783618
4.736514298551903	-112.64553237300115
4.7539395715918324	-111.29807689844819
4.771519301261289	-109.8837992497736
4.789258072606122	-108.40005551071044
4.807160037552593	-106.84420387822877
4.825228916824515	-105.21360571405648
4.84346800280983	-103.50562627295923
4.861880163356796	-101.71763509979598
4.880467846489299	-99.8470060901692
4.899233086037723	-97.89111721321709
4.918177508186174	-95.84734989951926
4.937302338938613	-93.71308810191448
4.95660841250572	-91.48571704198298
4.976096180611359	-89.16262165972307
4.995765722712658	-86.74118478830869
5.015616757121343	-84.21878507951618
5.035648653006427	-81.59279470829779
5.05586044325025	-78.86057688693404
5.076250838121333	-76.01948322017606
5.096818239719363	-73.06685093279015
5.1175607571397	-69.99999999999997
70.0	89
2.395617665755681	-209.999999999999
2.568103903915762	-204.14790330393504
2.7138593822288093	-198.87975532342506
2.839057569364915	-194.04599550093909
2.9489090418985917	-189.55052770397032
3.0469201503838224	-185.33814115198118
3.1354334011609866	-181.3774888357261
3.2160765210639597	-177.64947632839326
3.29003693972659	-174.1407148658856
3.358220468191619	-170.84027601708658
3.4213432427580632	-167.7383056547623
3.4799866108513804	-164.82555882550685
3.5346316031094953	-162.09331119654266
3.5856820487477292	-159.53336460739578
3.633481161963551	-157.13802360887146
3.6783241285251718	-154.90000908388123
3.720468006755667	-152.8123192560597
3.7601396387512507	-150.8680653454198
3.7975419683266938	-149.06031082817339
3.8328590256473114	-147.3819375258197
3.866259779181607	-145.8255534136905
3.897901028890381	-144.3834488173411
3.927929499155378	-143.04760085260713
3.956483277122107	-141.80972097627668
3.9836927293194826	-140.6613372827702
4.009681016543891	-139.59390143434004
4.034564314538883	-138.59890953209194
4.058451836174257	-137.66802654584495
4.0814457393774095	-136.79320490744124
4.103640993432859	-135.96678936878865
4.125125263860637	-135.18160209073332
4.145978862596101	-134.43100401801078
4.1662747957614465	-133.70893075107736
4.186078926563363	-133.00990317828774
4.205450256752921	-132.32901491787865
4.224441317745871	-131.6619000041693
4.243098652888637	-131.00468515286326
4.261463366073542	-130.3539313360419
4.27957170909683	-129.7065693299574
4.297455680499627	-129.05983345824203
4.315143611477366	-128.41119705753007
4.33266071894829	-127.7583123649257
4.35002961118302	-127.09895667729404
4.367270736774543	-126.4309858457475
4.384402772620958	-125.75229550009382
4.398850298586821	-125.16712809833868
4.413241680096044	-124.5714716211831
4.4275862263752455	-123.96402619009606
4.441892813920577	-123.3434700169039
4.456169948320526	-122.70845536081421
4.470425812445145	-122.05760600430548
4.484668303084922	-121.38951598172346
4.498905057989163	-120.702749316727
4.513143475076539	-119.99584055120383
4.527390725390489	-119.2672958764303
4.541653761164678	-118.51559470527505
4.555939320160134	-117.7391915508561
4.570253927244472	-116.93651810142228
4.584603894008828	-116.10598540291687
4.598995317063074	-115.24598607945387
4.613434075515061	-114.35489653784958
4.62792582802488	-113.43107911552102
4.642476009729182	-112.47288414172476
4.6570898292519916	-111.47865189055736
4.671772265955264	-110.44671441065816
4.686528067532447	-109.37539722146516
4.701361748009939	-108.26302086946677
4.716277586192498	-107.10790234043253
4.7312796245677555	-105.90835632535058
4.746371668670303	-104.66269633895527
4.761557286896448	-103.3692356904896
4.776839810755082	-102.02628830685455
4.792222335537325	-100.63216940869015
4.807707721387197	-99.18519604028589
4.823298594756206	-97.68368745461993
4.838997350226647	-96.125965355295
4.8548061526904664	-94.5103539977209
4.870726939872932	-92.83518015257397
4.886761425192483	-91.09877293533532
4.902911100950064	-89.29946350656013
4.9191772418427195	-87.43558464840822
4.935560908797161	-85.50547022385604
4.952062953119665	-83.50745452585778
4.968684020958578	-81.43987152450691
4.985424558075295	-79.30105402091394
5.0022848149188315	-77.08933271706377
5.019264851997931	-74.80303521128789
5.036364545543245	-72.44048492920416
5.053583593450706	-69.99999999999994
