# Table format: T1D
# table_unit = degC
# axis1_unit = kJ/kg/K
# axis2_unit = null
# This file was automatically generated by generate_data_files.py
0.1	99
1.5184913910206614	71.32925721865121
1.520179571610553	71.28502887460468
1.5014745868881838	71.21131496786046
1.493653424471097	71.10811549841856
1.4867342713002174	70.97543046627902
1.4804200826366822	70.81325987144174
1.4745527464374857	70.62160371390678
1.4690834806847684	70.40046199367418
1.463971781514909	70.14983471074385
1.4590837642758219	69.86972186511588
1.4544000157902879	69.56012345679017
1.4498245886506116	69.22103948576682
1.4453133444715027	68.85246995204574
1.440870702238878	68.45441485562702
1.4364647795866692	68.02687419651062
1.4320802753649744	67.56984797469653
1.4276498048561184	67.08333619018475
1.4233046092933155	66.56733884297523
1.41890325614532	66.02185593306808
1.41442120508739	65.44688746046324
1.4098717276535118	64.84243342516072
1.4052672027052404	64.20849382716057
1.4006189346372693	63.54506866646267
1.3959369125326113	62.852157943067084
1.3912295159716717	62.12976165697381
1.3864810077711107	61.37787980818291
1.3816172288605935	60.596512396694266
1.3766471590939482	59.78565942250793
1.3715911846879196	58.94532088562397
1.366473110504157	58.075496786042265
1.3613204679758018	57.17618712376293
1.3561276717979003	56.24739189878591
1.3507933570449433	55.28911111111114
1.3453307289639358	54.30134476073874
1.339768409475079	53.28409284766866
1.3341399107208605	52.23735537190089
1.3284560122202322	51.16113233343543
1.3226467067599128	50.05542373227229
1.3167211842278062	48.92022956841146
1.310699679157705	47.75554984185294
1.3046027572913383	46.561384552596735
1.2983962174939734	45.33773370064284
1.2920705416837006	44.084597285991265
1.285640086884262	42.801975308642
1.2791186603875475	41.489867768595104
1.272482667576086	40.148274665850465
1.265728310148658	38.77719600040814
1.2588665942597845	37.37663177226818
1.25190135006335	35.94658198143054
1.2448135825552402	34.487046627895154
1.2376088835869437	32.99802571166214
1.2302949459232457	31.479519232731377
1.2228599313796726	29.931527191102987
1.2153021260594217	28.35404958677691
1.2076278988309859	26.747086419753145
1.199830981442035	25.110637690031695
1.1919069335253138	23.444703397612557
1.183860464668941	21.749283542495732
1.1756865183792662	20.02437812468122
1.167381501111914	18.269987144169022
1.1589483316942457	16.486110600959137
1.1503813485080674	14.672748495051565
1.1416790012212854	12.829900826446305
1.1328417896724696	10.957567595143416
1.1238642324352113	9.055748801142784
1.114745953530366	7.124444444444521
1.1054845868219654	5.163654525048514
1.0960765271906117	3.1733790429548208
1.0865203297855957	1.1536179981634973
1.0768124252139561	-0.895628609325513
1.0669502940057634	-2.974360779512267
1.0569306709444495	-5.082578512396651
1.0467508159398988	-7.220281807978722
1.036406363978194	-9.387470666258537
1.025895329982	-11.584145087235925
1.015212091479284	-13.810305070911113
1.0043547740114074	-16.06595061728393
0.9933175003213797	-18.35108172635441
0.9820971585114555	-20.6656983981226
0.9706888944453381	-23.00980063258848
0.9590871311826414	-25.383388429752017
0.9472887646291581	-27.78646178961327
0.9352855683693773	-30.21902071217221
0.9230758784412527	-32.68106519742878
0.9106491582267932	-35.17259524538309
0.898004623292318	-37.693610856035065
0.88512995525358	-40.24411202938472
0.8720243911001105	-42.82409876543207
0.8586748898851024	-45.4335710641771
0.8450788972314672	-48.07252892561979
0.8312252101441968	-50.7409723497602
0.817105753265253	-53.43890133659829
0.802715807088916	-56.16631588613404
0.7880369997571824	-58.92321599836748
0.7730743105491416	-61.70960167329861
0.7577960460445939	-64.52547291092742
0.7422163104937497	-67.37082971125392
0.7263096883638243	-70.2456720742781
0.7100596849453745	-73.14999999999998
0.2	99
1.5186904788835565	71.32925721865121
1.5210593442917044	71.28502887460468
1.5052995273750436	71.21131496786046
1.4991340700461961	71.10811549841856
1.493723224976941	70.97543046627902
1.488812329854634	70.81325987144174
1.4842774899983815	70.62160371390678
1.4800759399274703	70.40046199367418
1.476168591648899	70.14983471074385
1.4724449824107728	69.86972186511588
1.4688837010564324	69.56012345679017
1.4654075465909604	69.22103948576682
1.4619796626353494	68.85246995204574
1.4585986532947177	68.45441485562702
1.4552380225591517	68.02687419651062
1.4518833302008658	67.56984797469653
1.4484892010757944	67.08333619018475
1.4451355228429712	66.56733884297523
1.4417301894954933	66.02185593306808
1.4382564346323188	65.44688746046324
1.4347217623877313	64.84243342516072
1.4311327989690383	64.20849382716057
1.427495240708322	63.54506866646267
1.4238137753155995	62.852157943067084
1.4200919836106571	62.12976165697381
1.4163195696425792	61.37787980818291
1.412453273179794	60.596512396694266
1.408497418680461	59.78565942250793
1.4044620200282967	58.94532088562397
1.4003579742903514	58.075496786042265
1.3961969889092194	57.17618712376293
1.3919753675814992	56.24739189878591
1.387648489466706	55.28911111111114
1.3832222856576	54.30134476073874
1.3787078723424961	53.28409284766866
1.3741163628065483	52.23735537190089
1.3694495486324465	51.16113233343543
1.364683846483546	50.05542373227229
1.359822173480945	48.92022956841146
1.3548695233440773	47.75554984185294
1.349829230299437	46.561384552596735
1.3446930054380728	45.33773370064284
1.3394588766777276	44.084597285991265
1.3341285119597732	42.801975308642
1.3287017925678022	41.489867768595104
1.3231761336332917	40.148274665850465
1.3175511484621676	38.77719600040814
1.311825787259343	37.37663177226818
1.3059980087232828	35.94658198143054
1.3000693303796438	34.487046627895154
1.2940382707501836	32.99802571166214
1.2879010706015703	31.479519232731377
1.2816599485199456	29.931527191102987
1.2753148334615865	28.35404958677691
1.2688607852633258	26.747086419753145
1.2622990775263256	25.110637690031695
1.2556313932154297	23.444703397612557
1.2488515795986743	21.749283542495732
1.2419611573754392	20.02437812468122
1.2349618711957164	18.269987144169022
1.2278462350267918	16.486110600959137
1.220618274832011	14.672748495051565
1.2132770565670774	12.829900826446305
1.2058149572934562	10.957567595143416
1.1982391303294306	9.055748801142784
1.1905432599780195	7.124444444444521
1.182724251078134	5.163654525048514
1.1747875928015987	3.1733790429548208
1.1667221585628658	1.1536179981634973
1.1585353962333937	-0.895628609325513
1.1502204635405646	-2.974360779512267
1.1417744608510223	-5.082578512396651
1.1332019664767066	-7.220281807978722
1.1244904997217706	-9.387470666258537
1.1156505347233583	-11.584145087235925
1.1066672974087874	-13.810305070911113
1.0975497306740316	-16.06595061728393
1.0882867369227183	-18.35108172635441
1.0788810588030344	-20.6656983981226
1.069328647737043	-23.00980063258848
1.0596239785723536	-25.383388429752017
1.0497704619487167	-27.78646178961327
1.0397558634438107	-30.21902071217221
1.0295885663351845	-32.68106519742878
1.0192519330529648	-35.17259524538309
1.0087571373510398	-37.693610856035065
0.9980851761439662	-40.24411202938472
0.9872477236270178	-42.82409876543207
0.9762262712633906	-45.4335710641771
0.9650288821383789	-48.07252892561979
0.9536434904531389	-50.7409723497602
0.9420665555353408	-53.43890133659829
0.9303025181759922	-56.16631588613404
0.9183265908293232	-58.92321599836748
0.9061659886321912	-61.70960167329861
0.8937694903563912	-64.52547291092742
0.8811851507845363	-67.37082971125392
0.8683775350485032	-70.2456720742781
0.8553320203673225	-73.14999999999998
0.3	99
1.5188895667464508	71.32925721865121
1.5219391169728556	71.28502887460468
1.5091244678619034	71.21131496786046
1.5046147156212948	71.10811549841856
1.5007121786536646	70.97543046627902
1.497204577072586	70.81325987144174
1.494002233559278	70.62160371390678
1.491068399170172	70.40046199367418
1.488365401782889	70.14983471074385
1.4858062005457242	69.86972186511588
1.4833673863225765	69.56012345679017
1.4809905045313092	69.22103948576682
1.478645980799196	68.85246995204574
1.4763266043505574	68.45441485562702
1.4740112655316344	68.02687419651062
1.4716863850367568	67.56984797469653
1.4693285972954702	67.08333619018475
1.4669664363926262	66.56733884297523
1.4645571228456666	66.02185593306808
1.462091664177248	65.44688746046324
1.4595717971219508	64.84243342516072
1.4569983952328363	64.20849382716057
1.4543715467793745	63.54506866646267
1.451690638098588	62.852157943067084
1.4489544512496424	62.12976165697381
1.4461581315140475	61.37787980818291
1.4432893174989945	60.596512396694266
1.4403476782669742	59.78565942250793
1.4373328553686737	58.94532088562397
1.4342428380765457	58.075496786042265
1.4310735098426361	57.17618712376293
1.4278230633650977	56.24739189878591
1.4245036218884684	55.28911111111114
1.4211138423512641	54.30134476073874
1.4176473352099135	53.28409284766866
1.4140928148922365	52.23735537190089
1.4104430850446608	51.16113233343543
1.4067209862071788	50.05542373227229
1.4029231627340832	48.92022956841146
1.399039367530449	47.75554984185294
1.3950557033075361	46.561384552596735
1.3909897933821718	45.33773370064284
1.386847211671755	44.084597285991265
1.3826169370352848	42.801975308642
1.3782849247480566	41.489867768595104
1.3738695996904968	40.148274665850465
1.369373986775677	38.77719600040814
1.364784980258902	37.37663177226818
1.3600946673832157	35.94658198143054
1.3553250782040474	34.487046627895154
1.3504676579134234	32.99802571166214
1.345507195279895	31.479519232731377
1.3404599656602183	29.931527191102987
1.3353275408637513	28.35404958677691
1.3300936716956657	26.747086419753145
1.3247671736106166	25.110637690031695
1.3193558529055451	23.444703397612557
1.3138426945284076	21.749283542495732
1.308235796371612	20.02437812468122
1.302542241279519	18.269987144169022
1.2967441383593377	16.486110600959137
1.2908552011559542	14.672748495051565
1.284875111912869	12.829900826446305
1.278788124914443	10.957567595143416
1.2726140282236498	9.055748801142784
1.2663405664256726	7.124444444444521
1.2599639153343025	5.163654525048514
1.253498658412586	3.1733790429548208
1.246923987340136	1.1536179981634973
1.2402583672528313	-0.895628609325513
1.2334906330753659	-2.974360779512267
1.226618250757595	-5.082578512396651
1.2196531170135139	-7.220281807978722
1.2125746354653477	-9.387470666258537
1.2054057394647164	-11.584145087235925
1.1981225033382907	-13.810305070911113
1.1907446873366558	-16.06595061728393
1.1832559735240569	-18.35108172635441
1.175664959094613	-20.6656983981226
1.1679684010287479	-23.00980063258848
1.1601608259620653	-25.383388429752017
1.1522521592682753	-27.78646178961327
1.1442261585182438	-30.21902071217221
1.136101254229116	-32.68106519742878
1.1278547078791366	-35.17259524538309
1.1195096514097613	-37.693610856035065
1.1110403970343523	-40.24411202938472
1.102471056153925	-42.82409876543207
1.093777652641679	-45.4335710641771
1.0849788670452905	-48.07252892561979
1.076061770762081	-50.7409723497602
1.0670273578054286	-53.43890133659829
1.0578892292630686	-56.16631588613404
1.0486161819014639	-58.92321599836748
1.0392576667152407	-61.70960167329861
1.0297429346681883	-64.52547291092742
1.0201539910753228	-67.37082971125392
1.0104453817331822	-70.2456720742781
1.00060435578927	-73.14999999999998
0.4	99
1.5190886546093454	71.32925721865121
1.522818889654007	71.28502887460468
1.512949408348763	71.21131496786046
1.510095361196394	71.10811549841856
1.5077011323303877	70.97543046627902
1.5055968242905373	70.81325987144174
1.503726977120174	70.62160371390678
1.502060858412874	70.40046199367418
1.5005622119168793	70.14983471074385
1.499167418680675	69.86972186511588
1.497851071588721	69.56012345679017
1.496573462471658	69.22103948576682
1.495312298963043	68.85246995204574
1.494054555406397	68.45441485562702
1.4927845085041171	68.02687419651062
1.4914894398726477	67.56984797469653
1.4901679935151462	67.08333619018475
1.488797349942282	66.56733884297523
1.48738405619584	66.02185593306808
1.4859268937221768	65.44688746046324
1.4844218318561702	64.84243342516072
1.4828639914966344	64.20849382716057
1.4812478528504276	63.54506866646267
1.4795675008815763	62.852157943067084
1.4778169188886277	62.12976165697381
1.4759966933855158	61.37787980818291
1.4741253618181953	60.596512396694266
1.472197937853487	59.78565942250793
1.4702036907090508	58.94532088562397
1.4681277018627403	58.075496786042265
1.4659500307760536	57.17618712376293
1.4636707591486962	56.24739189878591
1.4613587543102313	55.28911111111114
1.4590053990449283	54.30134476073874
1.4565867980773306	53.28409284766866
1.4540692669779245	52.23735537190089
1.451436621456875	51.16113233343543
1.4487581259308122	50.05542373227229
1.4460241519872217	48.92022956841146
1.4432092117168211	47.75554984185294
1.4402821763156348	46.561384552596735
1.4372865813262712	45.33773370064284
1.434235546665782	44.084597285991265
1.4311053621107963	42.801975308642
1.4278680569283115	41.489867768595104
1.4245630657477024	40.148274665850465
1.4211968250891864	38.77719600040814
1.4177441732584608	37.37663177226818
1.4141913260431487	35.94658198143054
1.4105808260284511	34.487046627895154
1.4068970450766634	32.99802571166214
1.4031133199582195	31.479519232731377
1.3992599828004915	29.931527191102987
1.3953402482659163	28.35404958677691
1.3913265581280057	26.747086419753145
1.3872352696949073	25.110637690031695
1.3830803125956612	23.444703397612557
1.378833809458141	21.749283542495732
1.3745104353677848	20.02437812468122
1.3701226113633216	18.269987144169022
1.3656420416918842	16.486110600959137
1.361092127479898	14.672748495051565
1.356473167258661	12.829900826446305
1.3517612925354296	10.957567595143416
1.3469889261178687	9.055748801142784
1.3421378728733262	7.124444444444521
1.3372035795904709	5.163654525048514
1.332209724023573	3.1733790429548208
1.3271258161174064	1.1536179981634973
1.3219813382722687	-0.895628609325513
1.3167608026101674	-2.974360779512267
1.3114620406641675	-5.082578512396651
1.3061042675503216	-7.220281807978722
1.3006587712089246	-9.387470666258537
1.295160944206075	-11.584145087235925
1.2895777092677942	-13.810305070911113
1.2839396439992798	-16.06595061728393
1.2782252101253955	-18.35108172635441
1.2724488593861918	-20.6656983981226
1.2666081543204528	-23.00980063258848
1.2606976733517774	-25.383388429752017
1.254733856587834	-27.78646178961327
1.2486964535926774	-30.21902071217221
1.2426139421230478	-32.68106519742878
1.2364574827053083	-35.17259524538309
1.2302621654684829	-37.693610856035065
1.2239956179247387	-40.24411202938472
1.2176943886808327	-42.82409876543207
1.2113290340199672	-45.4335710641771
1.204928851952202	-48.07252892561979
1.198480051071023	-50.7409723497602
1.1919881600755162	-53.43890133659829
1.185475940350145	-56.16631588613404
1.1789057729736045	-58.92321599836748
1.172349344798291	-61.70960167329861
1.1657163789799858	-64.52547291092742
1.1591228313661093	-67.37082971125392
1.1525132284178612	-70.2456720742781
1.1458766912112182	-73.14999999999998
0.5	99
1.5192877424722402	71.32925721865121
1.5236986623351583	71.28502887460468
1.5167743488356227	71.21131496786046
1.515576006771493	71.10811549841856
1.5146900860071115	70.97543046627902
1.513989071508489	70.81325987144174
1.5134517206810703	70.62160371390678
1.513053317655576	70.40046199367418
1.512759022050869	70.14983471074385
1.5125286368156263	69.86972186511588
1.5123347568548653	69.56012345679017
1.5121564204120068	69.22103948576682
1.5119786171268894	68.85246995204574
1.5117825064622368	68.45441485562702
1.5115577514765997	68.02687419651062
1.5112924947085389	67.56984797469653
1.511007389734822	67.08333619018475
1.5106282634919377	66.56733884297523
1.5102109895460134	66.02185593306808
1.509762123267106	65.44688746046324
1.50927186659039	64.84243342516072
1.508729587760432	64.20849382716057
1.5081241589214802	63.54506866646267
1.5074443636645647	62.852157943067084
1.5066793865276127	62.12976165697381
1.505835255256984	61.37787980818291
1.5049614061373957	60.596512396694266
1.50404819744	59.78565942250793
1.5030745260494278	58.94532088562397
1.5020125656489345	58.075496786042265
1.5008265517094708	57.17618712376293
1.4995184549322949	56.24739189878591
1.4982138867319936	55.28911111111114
1.4968969557385925	54.30134476073874
1.4955262609447482	53.28409284766866
1.4940457190636123	52.23735537190089
1.4924301578690893	51.16113233343543
1.490795265654445	50.05542373227229
1.4891251412403603	48.92022956841146
1.4873790559031932	47.75554984185294
1.4855086493237337	46.561384552596735
1.4835833692703704	45.33773370064284
1.481623881659809	44.084597285991265
1.4795937871863076	42.801975308642
1.477451189108566	41.489867768595104
1.4752565318049078	40.148274665850465
1.4730196634026962	38.77719600040814
1.4707033662580193	37.37663177226818
1.4682879847030814	35.94658198143054
1.4658365738528547	34.487046627895154
1.4633264322399027	32.99802571166214
1.4607194446365444	31.479519232731377
1.4580599999407646	29.931527191102987
1.455352955668081	28.35404958677691
1.4525594445603456	26.747086419753145
1.449703365779198	25.110637690031695
1.4468047722857769	23.444703397612557
1.443824924387874	21.749283542495732
1.4407850743639579	20.02437812468122
1.4377029814471238	18.269987144169022
1.43453994502443	16.486110600959137
1.4313290538038415	14.672748495051565
1.4280712226044525	12.829900826446305
1.4247344601564165	10.957567595143416
1.4213638240120878	9.055748801142784
1.417935179320979	7.124444444444521
1.4144432438466394	5.163654525048514
1.4109207896345606	3.1733790429548208
1.4073276448946768	1.1536179981634973
1.4037043092917063	-0.895628609325513
1.4000309721449686	-2.974360779512267
1.39630583057074	-5.082578512396651
1.3925554180871291	-7.220281807978722
1.3887429069525015	-9.387470666258537
1.3849161489474329	-11.584145087235925
1.3810329151972978	-13.810305070911113
1.377134600661904	-16.06595061728393
1.3731944467267343	-18.35108172635441
1.3692327596777705	-20.6656983981226
1.3652479076121578	-23.00980063258848
1.361234520741489	-25.383388429752017
1.357215553907393	-27.78646178961327
1.3531667486671108	-30.21902071217221
1.3491266300169795	-32.68106519742878
1.3450602575314803	-35.17259524538309
1.3410146795272044	-37.693610856035065
1.3369508388151246	-40.24411202938472
1.3329177212077399	-42.82409876543207
1.3288804153982554	-45.4335710641771
1.3248788368591136	-48.07252892561979
1.320898331379965	-50.7409723497602
1.316948962345604	-53.43890133659829
1.3130626514372212	-56.16631588613404
1.3091953640457452	-58.92321599836748
1.3054410228813402	-61.70960167329861
1.301689823291783	-64.52547291092742
1.298091671656896	-67.37082971125392
1.2945810751025404	-70.2456720742781
1.291149026633166	-73.14999999999998
0.6	99
1.5194868303351348	71.32925721865121
1.5245784350163094	71.28502887460468
1.5205992893224825	71.21131496786046
1.5210566523465918	71.10811549841856
1.521679039683835	70.97543046627902
1.5223813187264406	70.81325987144174
1.5231764642419663	70.62160371390678
1.5240457768982778	70.40046199367418
1.5249558321848593	70.14983471074385
1.5258898549505775	69.86972186511588
1.5268184421210094	69.56012345679017
1.5277393783523558	69.22103948576682
1.5286449352907356	68.85246995204574
1.5295104575180767	68.45441485562702
1.5303309944490822	68.02687419651062
1.5310955495444298	67.56984797469653
1.531846785954498	67.08333619018475
1.5324591770415932	66.56733884297523
1.5330379228961866	66.02185593306808
1.5335973528120348	65.44688746046324
1.5341219013246097	64.84243342516072
1.5345951840242296	64.20849382716057
1.5350004649925328	63.54506866646267
1.5353212264475529	62.852157943067084
1.5355418541665982	62.12976165697381
1.5356738171284525	61.37787980818291
1.5357974504565963	60.596512396694266
1.5358984570265128	59.78565942250793
1.5359453613898046	58.94532088562397
1.535897429435129	58.075496786042265
1.535703072642888	57.17618712376293
1.5353661507158936	56.24739189878591
1.5350690191537562	55.28911111111114
1.5347885124322567	54.30134476073874
1.5344657238121653	53.28409284766866
1.5340221711493003	52.23735537190089
1.5334236942813035	51.16113233343543
1.5328324053780782	50.05542373227229
1.5322261304934988	48.92022956841146
1.531548900089565	47.75554984185294
1.5307351223318324	46.561384552596735
1.5298801572144698	45.33773370064284
1.5290122166538362	44.084597285991265
1.5280822122618192	42.801975308642
1.5270343212888207	41.489867768595104
1.5259499978621136	40.148274665850465
1.5248425017162053	38.77719600040814
1.5236625592575779	37.37663177226818
1.5223846433630144	35.94658198143054
1.5210923216772583	34.487046627895154
1.5197558194031429	32.99802571166214
1.5183255693148687	31.479519232731377
1.5168600170810376	29.931527191102987
1.515365663070246	28.35404958677691
1.5137923309926855	26.747086419753145
1.5121714618634885	25.110637690031695
1.5105292319758923	23.444703397612557
1.5088160393176075	21.749283542495732
1.507059713360131	20.02437812468122
1.5052833515309267	18.269987144169022
1.5034378483569764	16.486110600959137
1.5015659801277847	14.672748495051565
1.499669277950244	12.829900826446305
1.497707627777403	10.957567595143416
1.495738721906307	9.055748801142784
1.4937324857686327	7.124444444444521
1.4916829081028082	5.163654525048514
1.4896318552455476	3.1733790429548208
1.487529473671947	1.1536179981634973
1.485427280311144	-0.895628609325513
1.48330114167977	-2.974360779512267
1.4811496204773127	-5.082578512396651
1.4790065686239366	-7.220281807978722
1.4768270426960786	-9.387470666258537
1.474671353688791	-11.584145087235925
1.4724881211268015	-13.810305070911113
1.4703295573245283	-16.06595061728393
1.4681636833280727	-18.35108172635441
1.4660166599693492	-20.6656983981226
1.4638876609038625	-23.00980063258848
1.4617713681312015	-25.383388429752017
1.4596972512269513	-27.78646178961327
1.4576370437415442	-30.21902071217221
1.4556393179109113	-32.68106519742878
1.453663032357652	-35.17259524538309
1.451767193585926	-37.693610856035065
1.449906059705511	-40.24411202938472
1.4481410537346473	-42.82409876543207
1.4464317967765434	-45.4335710641771
1.4448288217660257	-48.07252892561979
1.443316611688907	-50.7409723497602
1.4419097646156915	-53.43890133659829
1.4406493625242975	-56.16631588613404
1.4394849551178863	-58.92321599836748
1.43853270096439	-61.70960167329861
1.4376632676035803	-64.52547291092742
1.4370605119476823	-67.37082971125392
1.436648921787219	-70.2456720742781
1.4364213620551138	-73.14999999999998
0.7	99
1.5196859181980293	71.32925721865121
1.5254582076974608	71.28502887460468
1.5244242298093422	71.21131496786046
1.5265372979216911	71.10811549841856
1.5286679933605585	70.97543046627902
1.530773565944392	70.81325987144174
1.5329012078028625	70.62160371390678
1.5350382361409798	70.40046199367418
1.5371526423188495	70.14983471074385
1.5392510730855284	69.86972186511588
1.5413021273871539	69.56012345679017
1.5433223362927047	69.22103948576682
1.5453112534545823	68.85246995204574
1.5472384085739164	68.45441485562702
1.549104237421565	68.02687419651062
1.5508986043803208	67.56984797469653
1.5526861821741744	67.08333619018475
1.5542900905912487	66.56733884297523
1.55586485624636	66.02185593306808
1.5574325823569637	65.44688746046324
1.558971936058829	64.84243342516072
1.5604607802880275	64.20849382716057
1.5618767710635857	63.54506866646267
1.563198089230541	62.852157943067084
1.5644043218055836	62.12976165697381
1.5655123789999212	61.37787980818291
1.5666334947757967	60.596512396694266
1.567748716613026	59.78565942250793
1.568816196730182	58.94532088562397
1.5697822932213232	58.075496786042265
1.5705795935763054	57.17618712376293
1.571213846499492	56.24739189878591
1.571924151575519	55.28911111111114
1.5726800691259204	54.30134476073874
1.5734051866795826	53.28409284766866
1.573998623234988	52.23735537190089
1.5744172306935178	51.16113233343543
1.5748695451017114	50.05542373227229
1.575327119746637	48.92022956841146
1.5757187442759373	47.75554984185294
1.5759615953399313	46.561384552596735
1.5761769451585692	45.33773370064284
1.5764005516478632	44.084597285991265
1.5765706373373307	42.801975308642
1.5766174534690753	41.489867768595104
1.576643463919319	40.148274665850465
1.5766653400297148	38.77719600040814
1.5766217522571366	37.37663177226818
1.5764813020229473	35.94658198143054
1.576348069501662	34.487046627895154
1.5761852065663828	32.99802571166214
1.5759316939931935	31.479519232731377
1.5756600342213105	29.931527191102987
1.5753783704724107	28.35404958677691
1.5750252174250254	26.747086419753145
1.5746395579477794	25.110637690031695
1.5742536916660084	23.444703397612557
1.5738071542473404	21.749283542495732
1.573334352356304	20.02437812468122
1.5728637216147292	18.269987144169022
1.5723357516895222	16.486110600959137
1.5718029064517285	14.672748495051565
1.5712673332960359	12.829900826446305
1.57068079539839	10.957567595143416
1.570113619800526	9.055748801142784
1.5695297922162856	7.124444444444521
1.5689225723589766	5.163654525048514
1.568342920856535	3.1733790429548208
1.5677313024492174	1.1536179981634973
1.5671502513305813	-0.895628609325513
1.5665713112145716	-2.974360779512267
1.5659934103838853	-5.082578512396651
1.5654577191607442	-7.220281807978722
1.564911178439655	-9.387470666258537
1.5644265584301493	-11.584145087235925
1.5639433270563048	-13.810305070911113
1.5635245139871523	-16.06595061728393
1.5631329199294117	-18.35108172635441
1.562800560260928	-20.6656983981226
1.5625274141955674	-23.00980063258848
1.5623082155209134	-25.383388429752017
1.56217894854651	-27.78646178961327
1.5621073388159776	-30.21902071217221
1.5621520058048428	-32.68106519742878
1.5622658071838238	-35.17259524538309
1.5625197076446475	-37.693610856035065
1.562861280595897	-40.24411202938472
1.5633643862615547	-42.82409876543207
1.5639831781548317	-45.4335710641771
1.5647788066729373	-48.07252892561979
1.565734891997849	-50.7409723497602
1.5668705668857792	-53.43890133659829
1.5682360736113738	-56.16631588613404
1.569774546190027	-58.92321599836748
1.5716243790474393	-61.70960167329861
1.5736367119153778	-64.52547291092742
1.5760293522384687	-67.37082971125392
1.578716768471898	-70.2456720742781
1.5816936974770617	-73.14999999999998
0.8	99
1.519885006060924	71.32925721865121
1.526337980378612	71.28502887460468
1.528249170296202	71.21131496786046
1.5320179434967902	71.10811549841856
1.535656947037282	70.97543046627902
1.5391658131623438	70.81325987144174
1.5426259513637588	70.62160371390678
1.5460306953836818	70.40046199367418
1.5493494524528395	70.14983471074385
1.5526122912204796	69.86972186511588
1.5557858126532982	69.56012345679017
1.5589052942330535	69.22103948576682
1.5619775716184292	68.85246995204574
1.564966359629756	68.45441485562702
1.5678774803940474	68.02687419651062
1.570701659216212	67.56984797469653
1.5735255783938502	67.08333619018475
1.5761210041409044	66.56733884297523
1.5786917895965333	66.02185593306808
1.5812678119018928	65.44688746046324
1.5838219707930488	64.84243342516072
1.5863263765518256	64.20849382716057
1.5887530771346385	63.54506866646267
1.5910749520135294	62.852157943067084
1.593266789444569	62.12976165697381
1.5953509408713897	61.37787980818291
1.5974695390949973	60.596512396694266
1.5995989761995388	59.78565942250793
1.601687032070559	58.94532088562397
1.6036671570075176	58.075496786042265
1.6054561145097226	57.17618712376293
1.607061542283091	56.24739189878591
1.6087792839972812	55.28911111111114
1.6105716258195848	54.30134476073874
1.6123446495469997	53.28409284766866
1.6139750753206763	52.23735537190089
1.615410767105732	51.16113233343543
1.6169066848253442	50.05542373227229
1.6184281089997756	48.92022956841146
1.6198885884623093	47.75554984185294
1.6211880683480304	46.561384552596735
1.6224737331026684	45.33773370064284
1.6237888866418906	44.084597285991265
1.625059062412842	42.801975308642
1.62620058564933	41.489867768595104
1.6273369299765246	40.148274665850465
1.6284881783432243	38.77719600040814
1.6295809452566954	37.37663177226818
1.63057796068288	35.94658198143054
1.6316038173260656	34.487046627895154
1.6326145937296224	32.99802571166214
1.6335378186715181	31.479519232731377
1.6344600513615837	29.931527191102987
1.6353910778745755	28.35404958677691
1.6362581038573656	26.747086419753145
1.6371076540320701	25.110637690031695
1.6379781513561242	23.444703397612557
1.638798269177074	21.749283542495732
1.6396089913524765	20.02437812468122
1.6404440916985321	18.269987144169022
1.6412336550220685	16.486110600959137
1.6420398327756718	14.672748495051565
1.6428653886418279	12.829900826446305
1.6436539630193765	10.957567595143416
1.6444885176947452	9.055748801142784
1.645327098663939	7.124444444444521
1.6461622366151452	5.163654525048514
1.6470539864675218	3.1733790429548208
1.6479331312264875	1.1536179981634973
1.6488732223500189	-0.895628609325513
1.6498414807493729	-2.974360779512267
1.650837200290458	-5.082578512396651
1.6519088696975517	-7.220281807978722
1.6529953141832323	-9.387470666258537
1.6541817631715077	-11.584145087235925
1.6553985329858083	-13.810305070911113
1.6567194706497765	-16.06595061728393
1.6581021565307503	-18.35108172635441
1.6595844605525067	-20.6656983981226
1.6611671674872726	-23.00980063258848
1.6628450629106255	-25.383388429752017
1.6646606458660687	-27.78646178961327
1.6665776338904112	-30.21902071217221
1.6686646936987746	-32.68106519742878
1.6708685820099956	-35.17259524538309
1.6732722217033689	-37.693610856035065
1.6758165014862831	-40.24411202938472
1.6785877187884621	-42.82409876543207
1.6815345595331201	-45.4335710641771
1.6847287915798486	-48.07252892561979
1.6881531723067909	-50.7409723497602
1.6918313691558673	-53.43890133659829
1.6958227846984502	-56.16631588613404
1.7000641372621679	-58.92321599836748
1.7047160571304896	-61.70960167329861
1.7096101562271753	-64.52547291092742
1.7149981925292554	-67.37082971125392
1.7207846151565773	-70.2456720742781
1.7269660328990095	-73.14999999999998
0.9	98
1.5272176932367547	71.28501996559419
1.5320741107830618	71.21131496786046
1.537498589071889	71.10811549841856
1.5426459007140054	70.97543046627902
1.5475580603802952	70.81325987144174
1.5523506949246548	70.62160371390678
1.5570231546263835	70.40046199367418
1.5615462625868297	70.14983471074385
1.5659735093554308	69.86972186511588
1.5702694979194425	69.56012345679017
1.574488252173402	69.22103948576682
1.5786438897822759	68.85246995204574
1.5826943106855955	68.45441485562702
1.58665072336653	68.02687419651062
1.590504714052103	67.56984797469653
1.5943649746135262	67.08333619018475
1.5979519176905599	66.56733884297523
1.6015187229467067	66.02185593306808
1.605103041446822	65.44688746046324
1.608672005527268	64.84243342516072
1.6121919728156233	64.20849382716057
1.6156293832056914	63.54506866646267
1.6189518147965178	62.852157943067084
1.622129257083554	62.12976165697381
1.625189502742858	61.37787980818291
1.628305583414198	60.596512396694266
1.6314492357860517	59.78565942250793
1.6345578674109358	58.94532088562397
1.6375520207937118	58.075496786042265
1.64033263544314	57.17618712376293
1.6429092380666894	56.24739189878591
1.6456344164190442	55.28911111111114
1.648463182513249	54.30134476073874
1.651284112414417	53.28409284766866
1.6539515274063643	52.23735537190089
1.6564043035179463	51.16113233343543
1.6589438245489776	50.05542373227229
1.6615290982529138	48.92022956841146
1.6640584326486814	47.75554984185294
1.666414541356129	46.561384552596735
1.6687705210467676	45.33773370064284
1.6711772216359178	44.084597285991265
1.6735474874883538	42.801975308642
1.6757837178295847	41.489867768595104
1.6780303960337302	40.148274665850465
1.6803110166567334	38.77719600040814
1.682540138256254	37.37663177226818
1.684674619342813	35.94658198143054
1.6868595651504692	34.487046627895154
1.6890439808928623	32.99802571166214
1.691143943349843	31.479519232731377
1.6932600685018568	29.931527191102987
1.6954037852767403	28.35404958677691
1.6974909902897053	26.747086419753145
1.6995757501163609	25.110637690031695
1.70170261104624	23.444703397612557
1.7037893841068072	21.749283542495732
1.7058836303486495	20.02437812468122
1.7080244617823344	18.269987144169022
1.7101315583546146	16.486110600959137
1.7122767590996155	14.672748495051565
1.7144634439876196	12.829900826446305
1.7166271306403633	10.957567595143416
1.7188634155889644	9.055748801142784
1.7211244051115924	7.124444444444521
1.7234019008713135	5.163654525048514
1.7257650520785093	3.1733790429548208
1.7281349600037579	1.1536179981634973
1.7305961933694565	-0.895628609325513
1.7331116502841741	-2.974360779512267
1.7356809901970303	-5.082578512396651
1.7383600202343594	-7.220281807978722
1.7410794499268094	-9.387470666258537
1.7439369679128658	-11.584145087235925
1.746853738915312	-13.810305070911113
1.7499144273124008	-16.06595061728393
1.7530713931320892	-18.35108172635441
1.7563683608440854	-20.6656983981226
1.7598069207789773	-23.00980063258848
1.7633819103003376	-25.383388429752017
1.7671423431856275	-27.78646178961327
1.7710479289648446	-30.21902071217221
1.7751773815927068	-32.68106519742878
1.7794713568361673	-35.17259524538309
1.7840247357620909	-37.693610856035065
1.7887717223766695	-40.24411202938472
1.7938110513153698	-42.82409876543207
1.7990859409114084	-45.4335710641771
1.8046787764867607	-48.07252892561979
1.8105714526157328	-50.7409723497602
1.816792171425955	-53.43890133659829
1.8234094957855265	-56.16631588613404
1.8303537283343085	-58.92321599836748
1.8378077352135394	-61.70960167329861
1.8455836005389725	-64.52547291092742
1.8539670328200422	-67.37082971125392
1.8628524618412563	-70.2456720742781
1.8722383683209571	-73.14999999999998
