# Table format: T1D
# table_unit = degC
# axis1_unit = kJ/kg/K
# axis2_unit = null
# This file was automatically generated by generate_data_files.py
0.1	99
1.564525716453254	109.34143808977564
1.5600095120032114	109.2767445451882
1.5562867211966094	109.16892197099656
1.552877903204682	109.01797036730716
1.5496052725609488	108.82388973424463
1.54638122129276	108.58668007194501
1.5431557048608189	108.30634138055149
1.539897343311358	107.9828736602143
1.5365851308000729	107.61627691108669
1.5332042939730264	107.20655113332401
1.529744022986944	106.7536963270826
1.5261961394422412	106.25771249251898
1.5225542711460842	105.71859962978891
1.5188133184403152	105.13635773904775
1.514969096818698	104.51098682044994
1.5110180906072006	103.84248687415021
1.5069572790674999	103.13085790030266
1.5027840111254018	102.37609989906196
1.4984959135683558	101.57821287058465
1.494090822775622	100.73719681502797
1.48956673329874	99.8530517325512
1.4849217586967758	98.92577762331643
1.4801541014028072	97.9553744874882
1.4752620293208114	96.94184232523469
1.4702438574850571	95.88518113672666
1.46509793355633	94.78539092213845
1.4598226262431384	93.64247168164775
1.4544163159621222	92.45642341543504
1.448877387216687	91.2272461236845
1.443204222294509	89.9549398065825
1.437395195975244	88.63950446431772
1.4314486710081091	87.28094009708087
1.4253629941711488	85.87924670506334
1.4191364927643821	84.4344242884572
1.4127674714208793	82.94647284745344
1.4062542091456718	81.4153923822413
1.3995949565138432	79.84118289300682
1.392787932977744	78.2238443799302
1.3858313242494074	76.56337684318538
1.3787232797384577	74.85978028293533
1.3714619100375534	73.1130546993312
1.3640452844557804	71.32320009250668
1.356471428603903	69.49021646257569
1.3487383220314464	67.6141038096257
1.3408438959021356	65.69486213371283
1.332786030668134	63.73249143485509
1.3245625536634957	61.7269917130248
1.316171236482991	59.678362968139595
1.3076097919468852	57.586605200053384
1.2988758703823031	55.45171840854431
1.2899670548890558	53.27370259330286
1.2808808552181128	51.05255775391669
1.271614699892861	48.788283889852664
1.2621659262640679	46.48088100043674
1.2525317683197577	44.13034908482746
1.2427093422695794	41.73668814198544
1.2326956301709489	39.29989817063512
1.222487462125853	36.81997916921841
1.2120814978051926	34.29693113584017
1.2014742082044763	31.730754068202657
1.1906618585677493	29.12144796352925
1.1796404933293372	26.46901281847505
1.1684059237370943	23.773448629022596
1.1569537185752374	21.034755390360033
1.1452791981343513	18.252933096735887
1.133377431291999	15.42798174128717
1.1212432352525215	12.559901315832349
1.1088711771217246	9.648691810623461
1.0962555760569217	6.694353214046487
1.083390504284959	3.6968855122620425
1.0702697849296527	0.6562886887737704
1.0568869844769466	-2.4274372760893357
1.0432353979514273	-5.554292405795138
1.029308025526213	-8.724276728354994
1.0150975402719695	-11.937390277223528
1.0005962478878923	-15.193633092382697
0.9857960402841336	-18.493005221654045
0.9706881445233573	-21.835525159883105
0.9552646876518409	-25.22107826860082
0.9395135813867016	-28.64989812580174
0.9234265933399746	-32.12178820990718
0.9069921843137964	-35.63680803420459
0.8901987157749409	-39.19495774207587
0.8730337870305722	-42.79623750656884
0.8554841773978455	-46.44064753689699
0.8375357799874399	-50.12818808645716
0.819173525227588	-53.85885946275877
0.8003812926866634	-57.63266203972725
0.7811418099261621	-61.44959627304863
0.7614365370006424	-65.30966271930774
0.7412455348878049	-69.21286206001281
0.7205473156555406	-73.15919513183107
0.6993186715945314	-77.14866296483675
0.6775344798051921	-81.18126683108022
0.6551674777168836	-85.25700830667105
0.6321880011712748	-89.37588935141949
0.6085636937222941	-93.5379124116626
0.584259125434857	-97.74308055387522
0.559254008978794	-101.99050112888602
0.2	99
1.567289577267199	109.34143808977564
1.5640410996275387	109.2767445451882
1.561359042273625	109.16892197099656
1.5588845551329886	109.01797036730716
1.5564844638427207	108.82388973424463
1.5540931223279635	108.58668007194501
1.5516730163299612	108.30634138055149
1.5492006065557749	107.9828736602143
1.54666011781488	107.61627691108669
1.5440404367501315	107.20655113332401
1.5413334129229548	106.7536963270826
1.5385328620548893	106.25771249251898
1.5356339490605024	105.71859962978891
1.5326327894855536	105.13635773904775
1.5295261829120739	104.51098682044994
1.5263114294174487	103.84248687415021
1.522986200115659	103.13085790030266
1.5195484439452627	102.37609989906196
1.5159963193562735	101.57821287058465
1.5123281434671232	100.73719681502797
1.508542353706136	99.8530517325512
1.5046374785178787	98.92577762331643
1.500612114742876	97.9553744874882
1.4964649099691028	96.94184232523469
1.4921945486253163	95.88518113672666
1.487799740914408	94.78539092213845
1.483279213916537	93.64247168164775
1.4786317043575947	92.45642341543504
1.4738559526587176	91.2272461236845
1.4689506979707274	89.9549398065825
1.4639146739630367	88.63950446431772
1.458746605186237	87.28094009708087
1.4534452038661352	85.87924670506334
1.4480091670179918	84.4344242884572
1.4424371737957487	82.94647284745344
1.4367278830143144	81.4153923822413
1.430879930804771	79.84118289300682
1.4248919283840429	78.2238443799302
1.418762459942164	76.56337684318538
1.4124900806717429	74.85978028293533
1.406073314984288	73.1130546993312
1.3995106549743364	71.32320009250668
1.3928005592016663	69.49021646257569
1.3859414518593438	67.6141038096257
1.3789317223762252	65.69486213371283
1.3717697254610544	63.73249143485509
1.364453781528134	61.7269917130248
1.3569821773507833	59.678362968139595
1.3493531666733265	57.586605200053384
1.3415649703873382	55.45171840854431
1.3336157757641736	53.27370259330286
1.3255037341618956	51.05255775391669
1.317226956623634	48.788283889852664
1.3087835068857128	46.48088100043674
1.3001713915339537	44.13034908482746
1.2913885473780817	41.73668814198544
1.2824328265168194	39.29989817063512
1.2733019799695378	36.81997916921841
1.2639936410641703	34.29693113584017
1.2545053099118084	31.730754068202657
1.2448343402189108	29.12144796352925
1.234977929401209	26.46901281847505
1.2249331125449878	23.773448629022596
1.214696760323885	21.034755390360033
1.2042655806241542	18.252933096735887
1.193636123401015	15.42798174128717
1.182804788148176	12.559901315832349
1.1717678332247983	9.648691810623461
1.1605213860712174	6.694353214046487
1.1490614530503283	3.6968855122620425
1.1373839273642716	0.6562886887737704
1.125484593368632	-2.4274372760893357
1.1133591257845938	-5.554292405795138
1.1010030828610347	-8.724276728354994
1.0884118934115583	-11.937390277223528
1.0755808386780468	-15.193633092382697
1.0625050309082171	-18.493005221654045
1.049179044225841	-21.835525159883105
1.035599622225895	-25.22107826860082
1.0217572241860535	-28.64989812580174
1.0076494180818332	-32.12178820990718
0.9932692025996365	-35.63680803420459
0.9786103180161608	-39.19495774207587
0.9636662501507407	-42.79623750656884
0.9484302276526559	-46.44064753689699
0.932895217508401	-50.12818808645716
0.9170539178176107	-53.85885946275877
0.9008987474118845	-57.63266203972725
0.8844218322308648	-61.44959627304863
0.867614988508856	-65.30966271930774
0.8504697028459687	-69.21286206001281
0.832977109212791	-73.15919513183107
0.8151279629337062	-77.14866296483675
0.7969126116568195	-81.18126683108022
0.778320963172484	-85.25700830667105
0.7593424474127137	-89.37588935141949
0.7399659861166935	-93.5379124116626
0.7201799222522449	-97.74308055387522
0.7000028367744663	-101.99050112888602
0.3	99
1.5700534380811437	109.34143808977564
1.5680726872518655	109.2767445451882
1.5664313633506408	109.16892197099656
1.564891207061295	109.01797036730716
1.5633636551244927	108.82388973424463
1.5618050233631673	108.58668007194501
1.5601903277991036	108.30634138055149
1.5585038698001916	107.9828736602143
1.5567351048296867	107.61627691108669
1.5548765795272368	107.20655113332401
1.5529228028589654	106.7536963270826
1.5508695846675373	106.25771249251898
1.5487136269749207	105.71859962978891
1.5464522605307915	105.13635773904775
1.5440832690054502	104.51098682044994
1.541604768227697	103.84248687415021
1.5390151211638181	103.13085790030266
1.5363128767651233	102.37609989906196
1.533496725144191	101.57821287058465
1.5305654641586246	100.73719681502797
1.5275179741135323	99.8530517325512
1.5243531983389815	98.92577762331643
1.5210701280829448	97.9553744874882
1.5176677906173948	96.94184232523469
1.5141452397655748	95.88518113672666
1.510501548272486	94.78539092213845
1.5067358015899357	93.64247168164775
1.5028470927530675	92.45642341543504
1.4988345181007485	91.2272461236845
1.4946971736469459	89.9549398065825
1.4904341519508288	88.63950446431772
1.4860445393643646	87.28094009708087
1.4815274135611214	85.87924670506334
1.4768818412716012	84.4344242884572
1.472106876170618	82.94647284745344
1.4672015568829573	81.4153923822413
1.4621649050956984	79.84118289300682
1.456995923790342	78.2238443799302
1.4516935956349206	76.56337684318538
1.4462568816050276	74.85978028293533
1.4406847199310227	73.1130546993312
1.4349760254928925	71.32320009250668
1.4291296897994294	69.49021646257569
1.423144581687241	67.6141038096257
1.4170195488503148	65.69486213371283
1.4107534202539742	63.73249143485509
1.4043450093927723	61.7269917130248
1.3977931182185757	59.678362968139595
1.3910965413997674	57.586605200053384
1.3842540703923734	55.45171840854431
1.3772644966392908	53.27370259330286
1.3701266131056784	51.05255775391669
1.3628392133544074	48.788283889852664
1.3554010875073577	46.48088100043674
1.3478110147481492	44.13034908482746
1.3400677524865843	41.73668814198544
1.3321700228626898	39.29989817063512
1.324116497813223	36.81997916921841
1.3159057843231479	34.29693113584017
1.3075364116191404	31.730754068202657
1.2990068218700719	29.12144796352925
1.2903153654730815	26.46901281847505
1.2814603013528811	23.773448629022596
1.272439802072533	21.034755390360033
1.2632519631139574	18.252933096735887
1.2538948155100311	15.42798174128717
1.2443663410438304	12.559901315832349
1.2346644893278718	9.648691810623461
1.2247871960855135	6.694353214046487
1.2147324018156977	3.6968855122620425
1.2044980697988903	0.6562886887737704
1.194082202260318	-2.4274372760893357
1.1834828536177602	-5.554292405795138
1.1726981401958565	-8.724276728354994
1.1617262465511473	-11.937390277223528
1.1505654294682008	-15.193633092382697
1.139214021532301	-18.493005221654045
1.1276699439283253	-21.835525159883105
1.1159345567999495	-25.22107826860082
1.1040008669854056	-28.64989812580174
1.0918722428236916	-32.12178820990718
1.0795462208854765	-35.63680803420459
1.0670219202573807	-39.19495774207587
1.054298713270909	-42.79623750656884
1.0413762779074662	-46.44064753689699
1.0282546550293619	-50.12818808645716
1.0149343104076334	-53.85885946275877
1.0014162021371056	-57.63266203972725
0.9877018545355676	-61.44959627304863
0.9737934400170696	-65.30966271930774
0.9596938708041324	-69.21286206001281
0.9454069027700411	-73.15919513183107
0.9309372542728807	-77.14866296483675
0.9162907435084469	-81.18126683108022
0.9014744486280842	-85.25700830667105
0.8864968936541525	-89.37588935141949
0.8713682785110929	-93.5379124116626
0.8561007190696328	-97.74308055387522
0.8407516645701384	-101.99050112888602
0.4	99
1.5728172988950888	109.34143808977564
1.5721042748761924	109.2767445451882
1.5715036844276564	109.16892197099656
1.5708978589896014	109.01797036730716
1.5702428464062645	108.82388973424463
1.569516924398371	108.58668007194501
1.5687076392682462	108.30634138055149
1.5678071330446082	107.9828736602143
1.566810091844493	107.61627691108669
1.565712722304342	107.20655113332401
1.564512192794976	106.7536963270826
1.5632063072801854	106.25771249251898
1.5617933048893387	105.71859962978891
1.56027173157603	105.13635773904775
1.5586403550988261	104.51098682044994
1.556898107037945	103.84248687415021
1.5550440422119773	103.13085790030266
1.553077309584984	102.37609989906196
1.5509971309321091	101.57821287058465
1.5488027848501262	100.73719681502797
1.5464935945209286	99.8530517325512
1.5440689181600842	98.92577762331643
1.5415281414230135	97.9553744874882
1.5388706712656863	96.94184232523469
1.5360959309058335	95.88518113672666
1.533203355630564	94.78539092213845
1.5301923892633342	93.64247168164775
1.5270624811485405	92.45642341543504
1.5238130835427797	91.2272461236845
1.5204436493231646	89.9549398065825
1.5169536299386213	88.63950446431772
1.5133424735424923	87.28094009708087
1.509609623256108	85.87924670506334
1.5057545155252106	84.4344242884572
1.5017765785454873	82.94647284745344
1.4976752307516	81.4153923822413
1.493449879386626	79.84118289300682
1.4890999191966412	78.2238443799302
1.4846247313276772	76.56337684318538
1.4800236825383122	74.85978028293533
1.4752961248777572	73.1130546993312
1.4704413960114484	71.32320009250668
1.4654588203971926	69.49021646257569
1.4603477115151386	67.6141038096257
1.4551073753244046	65.69486213371283
1.4497371150468943	63.73249143485509
1.4442362372574105	61.7269917130248
1.4386040590863685	59.678362968139595
1.4328399161262086	57.586605200053384
1.4269431703974083	55.45171840854431
1.4209132175144084	53.27370259330286
1.414749492049461	51.05255775391669
1.4084514700851805	48.788283889852664
1.402018668129003	46.48088100043674
1.3954506379623453	44.13034908482746
1.3887469575950866	41.73668814198544
1.38190721920856	39.29989817063512
1.3749310156569077	36.81997916921841
1.3678179275821254	34.29693113584017
1.3605675133264727	31.730754068202657
1.3531793035212332	29.12144796352925
1.3456528015449531	26.46901281847505
1.3379874901607747	23.773448629022596
1.330182843821181	21.034755390360033
1.3222383456037605	18.252933096735887
1.3141535076190471	15.42798174128717
1.305927893939485	12.559901315832349
1.2975611454309453	9.648691810623461
1.289053006099809	6.694353214046487
1.2804033505810672	3.6968855122620425
1.2716122122335092	0.6562886887737704
1.2626798111520037	-2.4274372760893357
1.2536065814509267	-5.554292405795138
1.2443931975306786	-8.724276728354994
1.2350405996907365	-11.937390277223528
1.2255500202583554	-15.193633092382697
1.2159230121563847	-18.493005221654045
1.2061608436308093	-21.835525159883105
1.1962694913740037	-25.22107826860082
1.1862445097847576	-28.64989812580174
1.1760950675655502	-32.12178820990718
1.1658232391713164	-35.63680803420459
1.155433522498601	-39.19495774207587
1.1449311763910774	-42.79623750656884
1.1343223281622767	-46.44064753689699
1.123614092550323	-50.12818808645716
1.1128147029976558	-53.85885946275877
1.1019336568623264	-57.63266203972725
1.0909818768402704	-61.44959627304863
1.0799718915252832	-65.30966271930774
1.0689180387622963	-69.21286206001281
1.0578366963272916	-73.15919513183107
1.0467465456120553	-77.14866296483675
1.0356688753600742	-81.18126683108022
1.0246279340836848	-85.25700830667105
1.0136513398955918	-89.37588935141949
1.0027705709054924	-93.5379124116626
0.9920215158870208	-97.74308055387522
0.9815004923658108	-101.99050112888602
0.5	99
1.5755811597090337	109.34143808977564
1.5761358625005195	109.2767445451882
1.5765760055046723	109.16892197099656
1.5769045109179083	109.01797036730716
1.5771220376880366	108.82388973424463
1.5772288254335747	108.58668007194501
1.5772249507373883	108.30634138055149
1.5771103962890247	107.9828736602143
1.5768850788593	107.61627691108669
1.5765488650814472	107.20655113332401
1.576101582730987	106.7536963270826
1.5755430298928337	106.25771249251898
1.5748729828037566	105.71859962978891
1.5740912026212681	105.13635773904775
1.5731974411922025	104.51098682044994
1.5721914458481931	103.84248687415021
1.5710729632601366	103.13085790030266
1.5698417424048445	102.37609989906196
1.568497536720027	101.57821287058465
1.5670401055416279	100.73719681502797
1.5654692149283247	99.8530517325512
1.563784637981187	98.92577762331643
1.5619861547630822	97.9553744874882
1.5600735519139786	96.94184232523469
1.5580466220460927	95.88518113672666
1.5559051629886422	94.78539092213845
1.553648976936733	93.64247168164775
1.5512778695440133	92.45642341543504
1.5487916489848104	91.2272461236845
1.546190124999383	89.9549398065825
1.5434731079264135	88.63950446431772
1.5406404077206202	87.28094009708087
1.5376918329510945	85.87924670506334
1.5346271897788202	84.4344242884572
1.5314462809203564	82.94647284745344
1.5281489046202428	81.4153923822413
1.5247348536775536	79.84118289300682
1.5212039146029401	78.2238443799302
1.5175558670204337	76.56337684318538
1.5137904834715974	74.85978028293533
1.509907529824492	73.1130546993312
1.5059067665300045	71.32320009250668
1.5017879509949559	69.49021646257569
1.4975508413430363	67.6141038096257
1.4931952017984942	65.69486213371283
1.4887208098398146	63.73249143485509
1.4841274651220489	61.7269917130248
1.479414999954161	59.678362968139595
1.4745832908526497	57.586605200053384
1.4696322704024434	55.45171840854431
1.464561938389526	53.27370259330286
1.4593723709932438	51.05255775391669
1.454063726815954	48.788283889852664
1.4486362487506477	46.48088100043674
1.443090261176541	44.13034908482746
1.437426162703589	41.73668814198544
1.4316444155544306	39.29989817063512
1.4257455335005926	36.81997916921841
1.4197300708411027	34.29693113584017
1.4135986150338045	31.730754068202657
1.4073517851723947	29.12144796352925
1.400990237616825	26.46901281847505
1.394514678968668	23.773448629022596
1.3879258855698287	21.034755390360033
1.3812247280935634	18.252933096735887
1.3744121997280632	15.42798174128717
1.3674894468351395	12.559901315832349
1.360457801534019	9.648691810623461
1.3533188161141052	6.694353214046487
1.3460742993464367	3.6968855122620425
1.3387263546681278	0.6562886887737704
1.3312774200436892	-2.4274372760893357
1.3237303092840935	-5.554292405795138
1.3160882548655002	-8.724276728354994
1.3083549528303255	-11.937390277223528
1.3005346110485099	-15.193633092382697
1.292632002780468	-18.493005221654045
1.2846517433332933	-21.835525159883105
1.276604425948058	-25.22107826860082
1.2684881525841094	-28.64989812580174
1.2603178923074085	-32.12178820990718
1.2521002574571565	-35.63680803420459
1.243845124739821	-39.19495774207587
1.2355636395112457	-42.79623750656884
1.2272683784170872	-46.44064753689699
1.218973530071284	-50.12818808645716
1.2106950955876787	-53.85885946275877
1.2024511115875476	-57.63266203972725
1.1942618991449732	-61.44959627304863
1.1861503430334968	-65.30966271930774
1.17814220672046	-69.21286206001281
1.1702664898845414	-73.15919513183107
1.16255583695123	-77.14866296483675
1.1550470072117018	-81.18126683108022
1.147781419539285	-85.25700830667105
1.1408057861370304	-89.37588935141949
1.1341728632998915	-93.5379124116626
1.1279423127044086	-97.74308055387522
1.122249320161483	-101.99050112888602
0.6	99
1.5783450205229785	109.34143808977564
1.5801674501248468	109.2767445451882
1.5816483265816879	109.16892197099656
1.5829111628462147	109.01797036730716
1.5840012289698084	108.82388973424463
1.5849407264687785	108.58668007194501
1.5857422622065307	108.30634138055149
1.5864136595334415	107.9828736602143
1.5869600658741065	107.61627691108669
1.5873850078585525	107.20655113332401
1.5876909726669977	106.7536963270826
1.5878797525054815	106.25771249251898
1.5879526607181749	105.71859962978891
1.5879106736665063	105.13635773904775
1.5877545272855786	104.51098682044994
1.5874847846584412	103.84248687415021
1.5871018843082956	103.13085790030266
1.5866061752247052	102.37609989906196
1.5859979425079445	101.57821287058465
1.585277426233129	100.73719681502797
1.5844448353357212	99.8530517325512
1.5835003578022897	98.92577762331643
1.5824441681031511	97.9553744874882
1.58127643256227	96.94184232523469
1.5799973131863516	95.88518113672666
1.57860697034672	94.78539092213845
1.5771055646101313	93.64247168164775
1.5754932579394858	92.45642341543504
1.5737702144268415	91.2272461236845
1.5719366006756013	89.9549398065825
1.5699925859142059	88.63950446431772
1.5679383418987478	87.28094009708087
1.5657740426460807	85.87924670506334
1.5634998640324298	84.4344242884572
1.5611159832952257	82.94647284745344
1.5586225784888854	81.4153923822413
1.556019827968481	79.84118289300682
1.553307910009239	78.2238443799302
1.5504870027131905	76.56337684318538
1.547557284404882	74.85978028293533
1.5445189347712265	73.1130546993312
1.5413721370485605	71.32320009250668
1.538117081592719	69.49021646257569
1.5347539711709335	67.6141038096257
1.5312830282725838	65.69486213371283
1.5277045046327344	63.73249143485509
1.5240186929866872	61.7269917130248
1.5202259408219536	59.678362968139595
1.5163266655790908	57.586605200053384
1.5123213704074785	55.45171840854431
1.5082106592646438	53.27370259330286
1.5039952499370266	51.05255775391669
1.4996759835467273	48.788283889852664
1.4952538293722928	46.48088100043674
1.490729884390737	44.13034908482746
1.4861053678120915	41.73668814198544
1.481381611900301	39.29989817063512
1.4765600513442774	36.81997916921841
1.4716422141000804	34.29693113584017
1.4666297167411366	31.730754068202657
1.4615242668235557	29.12144796352925
1.456327673688697	26.46901281847505
1.4510418677765615	23.773448629022596
1.4456689273184764	21.034755390360033
1.4402111105833666	18.252933096735887
1.4346708918370792	15.42798174128717
1.429050999730794	12.559901315832349
1.4233544576370927	9.648691810623461
1.417584626128401	6.694353214046487
1.411745248111806	3.6968855122620425
1.4058404971027467	0.6562886887737704
1.3998750289353747	-2.4274372760893357
1.3938540371172596	-5.554292405795138
1.387783312200322	-8.724276728354994
1.3816693059699146	-11.937390277223528
1.375519201838664	-15.193633092382697
1.3693409934045517	-18.493005221654045
1.3631426430357774	-21.835525159883105
1.3569393605221123	-25.22107826860082
1.3507317953834617	-28.64989812580174
1.3445407170492671	-32.12178820990718
1.3383772757429968	-35.63680803420459
1.3322567269810406	-39.19495774207587
1.326196102631414	-42.79623750656884
1.3202144286718973	-46.44064753689699
1.314332967592245	-50.12818808645716
1.3085754881777012	-53.85885946275877
1.3029685663127688	-57.63266203972725
1.297541921449676	-61.44959627304863
1.2923287945417103	-65.30966271930774
1.2873663746786237	-69.21286206001281
1.2826962834417919	-73.15919513183107
1.2783651282904045	-77.14866296483675
1.2744251390633292	-81.18126683108022
1.2709349049948853	-85.25700830667105
1.2679602323784696	-89.37588935141949
1.265575155694291	-93.5379124116626
1.2638631095217965	-97.74308055387522
1.2629981479571553	-101.99050112888602
0.7	99
1.5811088813369236	109.34143808977564
1.5841990377491737	109.2767445451882
1.5867206476587035	109.16892197099656
1.5889178147745213	109.01797036730716
1.5908804202515803	108.82388973424463
1.592652627503982	108.58668007194501
1.5942595736756733	108.30634138055149
1.5957169227778583	107.9828736602143
1.597035052888913	107.61627691108669
1.5982211506356578	107.20655113332401
1.5992803626030083	106.7536963270826
1.6002164751181296	106.25771249251898
1.601032338632593	105.71859962978891
1.6017301447117447	105.13635773904775
1.602311613378955	104.51098682044994
1.6027781234686895	103.84248687415021
1.6031308053564546	103.13085790030266
1.603370608044566	102.37609989906196
1.6034983482958622	101.57821287058465
1.6035147469246307	100.73719681502797
1.6034204557431173	99.8530517325512
1.6032160776233926	98.92577762331643
1.6029021814432198	97.9553744874882
1.6024793132105617	96.94184232523469
1.6019480043266103	95.88518113672666
1.601308777704798	94.78539092213845
1.60056215228353	93.64247168164775
1.5997086463349586	92.45642341543504
1.5987487798688722	91.2272461236845
1.59768307635182	89.9549398065825
1.596512063901998	88.63950446431772
1.5952362760768755	87.28094009708087
1.5938562523410673	85.87924670506334
1.592372538286039	84.4344242884572
1.590785685670095	82.94647284745344
1.589096252357528	81.4153923822413
1.5873048022594087	79.84118289300682
1.5854119054155382	78.2238443799302
1.5834181384059471	76.56337684318538
1.5813240853381672	74.85978028293533
1.5791303397179608	73.1130546993312
1.5768375075671166	71.32320009250668
1.574446212190482	69.49021646257569
1.5719571009988311	67.6141038096257
1.5693708547466736	65.69486213371283
1.5666881994256547	63.73249143485509
1.5639099208513256	61.7269917130248
1.5610368816897462	59.678362968139595
1.5580700403055319	57.586605200053384
1.5550104704125136	55.45171840854431
1.5518593801397613	53.27370259330286
1.5486181288808094	51.05255775391669
1.5452882402775003	48.788283889852664
1.5418714099939377	46.48088100043674
1.5383695076049326	44.13034908482746
1.5347845729205938	41.73668814198544
1.5311188082461713	39.29989817063512
1.5273745691879619	36.81997916921841
1.5235543573590575	34.29693113584017
1.519660818448469	31.730754068202657
1.515696748474717	29.12144796352925
1.511665109760569	26.46901281847505
1.5075690565844548	23.773448629022596
1.5034119690671244	21.034755390360033
1.49919749307317	18.252933096735887
1.4949295839460954	15.42798174128717
1.4906125526264487	12.559901315832349
1.486251113740166	9.648691810623461
1.481850436142697	6.694353214046487
1.4774161968771755	3.6968855122620425
1.4729546395373656	0.6562886887737704
1.4684726378270607	-2.4274372760893357
1.4639777649504262	-5.554292405795138
1.4594783695351436	-8.724276728354994
1.4549836591095033	-11.937390277223528
1.4505037926288182	-15.193633092382697
1.4460499840286352	-18.493005221654045
1.4416335427382612	-21.835525159883105
1.4372742950961666	-25.22107826860082
1.4329754381828135	-28.64989812580174
1.4287635417911253	-32.12178820990718
1.424654294028837	-35.63680803420459
1.4206683292222608	-39.19495774207587
1.4168285657515822	-42.79623750656884
1.4131604789267076	-46.44064753689699
1.409692405113206	-50.12818808645716
1.406455880767724	-53.85885946275877
1.4034860210379898	-57.63266203972725
1.4008219437543787	-61.44959627304863
1.3985072460499237	-65.30966271930774
1.3965905426367877	-69.21286206001281
1.3951260769990421	-73.15919513183107
1.394174419629579	-77.14866296483675
1.3938032709149564	-81.18126683108022
1.3940883904504857	-85.25700830667105
1.3951146786199085	-89.37588935141949
1.3969774480886905	-93.5379124116626
1.3997839063391844	-97.74308055387522
1.4037469757528271	-101.99050112888602
0.8	99
1.5838727421508685	109.34143808977564
1.588230625373501	109.2767445451882
1.591792968735719	109.16892197099656
1.594924466702828	109.01797036730716
1.5977596115333523	108.82388973424463
1.6003645285391859	108.58668007194501
1.6027768851448156	108.30634138055149
1.6050201860222746	107.9828736602143
1.60711003990372	107.61627691108669
1.6090572934127632	107.20655113332401
1.6108697525390194	106.7536963270826
1.6125531977307777	106.25771249251898
1.6141120165470115	105.71859962978891
1.6155496157569829	105.13635773904775
1.6168686994723311	104.51098682044994
1.6180714622789376	103.84248687415021
1.6191597264046138	103.13085790030266
1.6201350408644266	102.37609989906196
1.62099875408378	101.57821287058465
1.621752067616132	100.73719681502797
1.6223960761505136	99.8530517325512
1.6229317974444952	98.92577762331643
1.6233601947832887	97.9553744874882
1.6236821938588535	96.94184232523469
1.6238986954668693	95.88518113672666
1.624010585062876	94.78539092213845
1.6240187399569286	93.64247168164775
1.6239240347304316	92.45642341543504
1.6237273453109033	91.2272461236845
1.6234295520280384	89.9549398065825
1.6230315418897903	88.63950446431772
1.622534210255003	87.28094009708087
1.6219384620360535	85.87924670506334
1.6212452125396488	84.4344242884572
1.6204553880449644	82.94647284745344
1.6195699262261711	81.4153923822413
1.6185897765503365	79.84118289300682
1.6175159008218378	78.2238443799302
1.6163492740987035	76.56337684318538
1.6150908862714521	74.85978028293533
1.6137417446646956	73.1130546993312
1.6123028780856725	71.32320009250668
1.6107753427882454	69.49021646257569
1.6091602308267283	67.6141038096257
1.6074586812207632	65.69486213371283
1.6056718942185746	63.73249143485509
1.603801148715964	61.7269917130248
1.6018478225575385	59.678362968139595
1.599813415031973	57.586605200053384
1.5976995704175487	55.45171840854431
1.5955081010148788	53.27370259330286
1.5932410078245922	51.05255775391669
1.5909004970082736	48.788283889852664
1.588488990615583	46.48088100043674
1.5860091308191284	44.13034908482746
1.583463778029096	41.73668814198544
1.5808560045920417	39.29989817063512
1.578189087031647	36.81997916921841
1.575466500618035	34.29693113584017
1.5726919201558007	31.730754068202657
1.5698692301258785	29.12144796352925
1.5670025458324408	26.46901281847505
1.5640962453923484	23.773448629022596
1.561155010815772	21.034755390360033
1.558183875562973	18.252933096735887
1.5551882760551115	15.42798174128717
1.5521741055221034	12.559901315832349
1.5491477698432399	9.648691810623461
1.5461162461569928	6.694353214046487
1.5430871456425448	3.6968855122620425
1.5400687819719843	0.6562886887737704
1.5370702467187465	-2.4274372760893357
1.534101492783593	-5.554292405795138
1.5311734268699657	-8.724276728354994
1.5282980122490926	-11.937390277223528
1.5254883834189725	-15.193633092382697
1.522758974652719	-18.493005221654045
1.5201244424407454	-21.835525159883105
1.517609229670221	-25.22107826860082
1.5152190809821657	-28.64989812580174
1.5129863665329841	-32.12178820990718
1.510931312314677	-35.63680803420459
1.5090799314634809	-39.19495774207587
1.507461028871751	-42.79623750656884
1.506106529181518	-46.44064753689699
1.5050518426341672	-50.12818808645716
1.5043362733577466	-53.85885946275877
1.5040034757632106	-57.63266203972725
1.5041019660590818	-61.44959627304863
1.5046856975581373	-65.30966271930774
1.5058147105949515	-69.21286206001281
1.5075558705562921	-73.15919513183107
1.509983710968754	-77.14866296483675
1.513181402766584	-81.18126683108022
1.5172418759060862	-85.25700830667105
1.5222691248613474	-89.37588935141949
1.5283797404830899	-93.5379124116626
1.5357047031565727	-97.74308055387522
1.5444958035484997	-101.99050112888602
0.9	99
1.5866366029648133	109.34143808977564
1.5922622129978279	109.2767445451882
1.596865289812735	109.16892197099656
1.6009311186311346	109.01797036730716
1.6046388028151242	108.82388973424463
1.6080764295743897	108.58668007194501
1.6112941966139582	108.30634138055149
1.6143234492666914	107.9828736602143
1.6171850269185266	107.61627691108669
1.6198934361898683	107.20655113332401
1.6224591424750296	106.7536963270826
1.6248899203434257	106.25771249251898
1.6271916944614295	105.71859962978891
1.629369086802221	105.13635773904775
1.6314257855657073	104.51098682044994
1.6333648010891857	103.84248687415021
1.6351886474527728	103.13085790030266
1.6368994736842872	102.37609989906196
1.6384991598716976	101.57821287058465
1.6399893883076335	100.73719681502797
1.64137169655791	99.8530517325512
1.6426475172655983	98.92577762331643
1.6438182081233574	97.9553744874882
1.6448850745071455	96.94184232523469
1.6458493866071282	95.88518113672666
1.6467123924209541	94.78539092213845
1.6474753276303273	93.64247168164775
1.6481394231259041	92.45642341543504
1.648705910752934	91.2272461236845
1.6491760277042569	89.9549398065825
1.6495510198775827	88.63950446431772
1.649832144433131	87.28094009708087
1.65002067173104	85.87924670506334
1.6501178867932582	84.4344242884572
1.6501250904198337	82.94647284745344
1.6500436000948138	81.4153923822413
1.6498747508412637	79.84118289300682
1.6496198962281365	78.2238443799302
1.6492804097914602	76.56337684318538
1.648857687204737	74.85978028293533
1.6483531496114303	73.1130546993312
1.6477682486042287	71.32320009250668
1.6471044733860083	69.49021646257569
1.6463633606546257	67.6141038096257
1.6455465076948526	65.69486213371283
1.644655589011495	63.73249143485509
1.6436923765806022	61.7269917130248
1.6426587634253316	59.678362968139595
1.641556789758414	57.586605200053384
1.6403886704225838	55.45171840854431
1.6391568218899966	53.27370259330286
1.6378638867683746	51.05255775391669
1.6365127537390467	48.788283889852664
1.6351065712372277	46.48088100043674
1.6336487540333242	44.13034908482746
1.6321429831375989	41.73668814198544
1.6305932009379118	39.29989817063512
1.6290036048753318	36.81997916921841
1.6273786438770126	34.29693113584017
1.625723021863133	31.730754068202657
1.6240417117770398	29.12144796352925
1.6223399819043125	26.46901281847505
1.6206234342002417	23.773448629022596
1.6188980525644199	21.034755390360033
1.6171702580527758	18.252933096735887
1.6154469681641275	15.42798174128717
1.6137356584177578	12.559901315832349
1.6120444259463131	9.648691810623461
1.6103820561712887	6.694353214046487
1.6087580944079143	3.6968855122620425
1.607182924406603	0.6562886887737704
1.6056678556104318	-2.4274372760893357
1.6042252206167593	-5.554292405795138
1.6028684842047873	-8.724276728354994
1.6016123653886816	-11.937390277223528
1.6004729742091273	-15.193633092382697
1.5994679652768025	-18.493005221654045
1.5986153421432292	-21.835525159883105
1.5979441642442753	-25.22107826860082
1.5974627237815175	-28.64989812580174
1.5972091912748427	-32.12178820990718
1.5972083306005171	-35.63680803420459
1.5974915337047009	-39.19495774207587
1.598093491991919	-42.79623750656884
1.5990525794363282	-46.44064753689699
1.6004112801551282	-50.12818808645716
1.6022166659477692	-53.85885946275877
1.604520930488432	-57.63266203972725
1.6073819883637845	-61.44959627304863
1.6108641490663511	-65.30966271930774
1.6150388785531151	-69.21286206001281
1.6199856641135424	-73.15919513183107
1.6257930023079281	-77.14866296483675
1.6325595346182113	-81.18126683108022
1.6403953613616864	-85.25700830667105
1.6494235711027865	-89.37588935141949
1.6597820328774893	-93.5379124116626
1.6716254999739606	-97.74308055387522
1.685244631344172	-101.99050112888602
