# Table format: 3D
# table_unit = A
# axis1_unit = rev/min
# axis2_unit = Nm
# axis3_unit = Vrms
# axis1_token = W
# axis2_token = Tem
# axis3_token = Us
# Id set point generated from PC-FEA WRSM parameter setting:
# p=3.0
# Rs=0.0114 [Ohm]
# Rf=9.6547 [Ohm]
# $AME/libemd/data/WRSM_data/WRSM_01_Psid_IdIqIf.data
# $AME/libemd/data/WRSM_data/WRSM_01_Psiq_IdIqIf.data
# $AME/libemd/data/WRSM_data/WRSM_01_Psif_IdIqIf.data
# (corresponds to Ld=0.001235 [H], Lq=0.000983 [H], Msf=0.052 [H], Lf=3.93 [H])
# $AME/libemd/data/WRSM_data/WRSM_01_dhiron_IdIqIfW.data
# lsew=0.0 [H]
# lfew=0.0 [H]
# Uslim=400.0/sqrt(6.0) [Vrms] (phase voltage RMS magnitude)
# Islim=175.0 [Arms] (phase current RMS magnitude)
# Uflim=400.0 [V] (phase voltage)
# Iflim=5.0 [A] (phase current)
# 
# 
41
33
2
-1.00000000000000e+04	-9.50000000000000e+03	-9.00000000000000e+03	-8.50000000000000e+03	-8.00000000000000e+03	-7.50000000000000e+03	-7.00000000000000e+03	-6.50000000000000e+03	-6.00000000000000e+03	-5.50000000000000e+03	-5.00000000000000e+03	-4.50000000000000e+03	-4.00000000000000e+03	-3.50000000000000e+03	-3.00000000000000e+03	-2.50000000000000e+03	-2.00000000000000e+03	-1.50000000000000e+03	-1.00000000000000e+03	-5.00000000000000e+02	0.00000000000000e+00	5.00000000000000e+02	1.00000000000000e+03	1.50000000000000e+03	2.00000000000000e+03	2.50000000000000e+03	3.00000000000000e+03	3.50000000000000e+03	4.00000000000000e+03	4.50000000000000e+03	5.00000000000000e+03	5.50000000000000e+03	6.00000000000000e+03	6.50000000000000e+03	7.00000000000000e+03	7.50000000000000e+03	8.00000000000000e+03	8.50000000000000e+03	9.00000000000000e+03	9.50000000000000e+03	1.00000000000000e+04	
-1.60000000000000e+02	-1.50000000000000e+02	-1.40000000000000e+02	-1.30000000000000e+02	-1.20000000000000e+02	-1.10000000000000e+02	-1.00000000000000e+02	-9.00000000000000e+01	-8.00000000000000e+01	-7.00000000000000e+01	-6.00000000000000e+01	-5.00000000000000e+01	-4.00000000000000e+01	-3.00000000000000e+01	-2.00000000000000e+01	-1.00000000000000e+01	0.00000000000000e+00	1.00000000000000e+01	2.00000000000000e+01	3.00000000000000e+01	4.00000000000000e+01	5.00000000000000e+01	6.00000000000000e+01	7.00000000000000e+01	8.00000000000000e+01	9.00000000000000e+01	1.00000000000000e+02	1.10000000000000e+02	1.20000000000000e+02	1.30000000000000e+02	1.40000000000000e+02	1.50000000000000e+02	1.60000000000000e+02	
1.30639452948436e+02	1.63299316185545e+02	
-2.55177067099078e+02	-2.55151075695261e+02	-2.54136878529823e+02	-2.53529199453671e+02	-2.52470030281081e+02	-2.53046104977371e+02	-2.51124731302909e+02	-2.49824098956081e+02	-2.50330926565635e+02	-2.43472835702963e+02	-2.38954096710200e+02	-2.21342470889289e+02	-2.03693398919552e+02	-1.66393653970426e+02	-1.33333331937927e+02	-1.33326902277392e+02	-1.33333333315013e+02	-1.33333333326904e+02	-1.33332926293544e+02	-1.33333332027312e+02	-1.33326283003031e+02	-1.33333332966895e+02	-1.33334151070602e+02	-1.33334126875541e+02	-1.33333332276780e+02	-1.33333331072901e+02	-1.33333333334241e+02	-1.52737350446333e+02	-2.02411416227167e+02	-2.23445986126785e+02	-2.42169800401564e+02	-2.46158841009250e+02	-2.51584259234239e+02	-2.53933173215505e+02	-2.53871455129199e+02	-2.55001164166595e+02	-2.56240617571416e+02	-2.56857148819859e+02	-2.56639986006372e+02	-2.56091673646880e+02	-2.57684376255993e+02	
-2.55177067099078e+02	-2.55151075695261e+02	-2.54136878529823e+02	-2.53529199453671e+02	-2.52470030281081e+02	-2.53046104977371e+02	-2.51124731302909e+02	-2.49824098956081e+02	-2.50330926565635e+02	-2.43472835702963e+02	-2.38954096710200e+02	-2.21342470889289e+02	-2.03693398919552e+02	-1.66393653970426e+02	-1.33333331937927e+02	-1.33326902277392e+02	-1.33333333315013e+02	-1.33333333326904e+02	-1.33332926293544e+02	-1.33333332027312e+02	-1.33337473068493e+02	-1.33333332966895e+02	-1.33291337852433e+02	-1.33342521393587e+02	-1.33325558964168e+02	-1.33327103614430e+02	-1.33328957069408e+02	-1.52737350446333e+02	-2.02411416227167e+02	-2.23445986126785e+02	-2.42169800401564e+02	-2.46158841009250e+02	-2.51584259234239e+02	-2.53933173215505e+02	-2.53871455129199e+02	-2.55001164166595e+02	-2.56240617571416e+02	-2.56857148819859e+02	-2.56639986006372e+02	-2.56091673646880e+02	-2.57684376255993e+02	
-2.55177067099078e+02	-2.55151075695261e+02	-2.54136878529823e+02	-2.53529199453671e+02	-2.52470030281081e+02	-2.53046104977371e+02	-2.51124731302909e+02	-2.49824098956081e+02	-2.50330926565635e+02	-2.43472835702963e+02	-2.38954096710200e+02	-2.21342470889289e+02	-2.03693398919552e+02	-1.63575930023067e+02	-1.33293338929516e+02	-1.31911650988266e+02	-1.29305920003071e+02	-1.19206902129586e+02	-1.14997587448981e+02	-1.08465332386224e+02	-1.03399087003746e+02	-1.06794998732009e+02	-1.10726485973015e+02	-1.16603920533651e+02	-1.23406167064326e+02	-1.26887658111736e+02	-1.30642534943315e+02	-1.33070165762666e+02	-2.02411416227167e+02	-2.23445986126785e+02	-2.42169800401564e+02	-2.46158841009250e+02	-2.51584259234239e+02	-2.53933173215505e+02	-2.53871455129199e+02	-2.55001164166595e+02	-2.56240617571416e+02	-2.56857148819859e+02	-2.56639986006372e+02	-2.56091673646880e+02	-2.57684376255993e+02	
-2.55177067099078e+02	-2.55151075695261e+02	-2.54136878529823e+02	-2.53529199453671e+02	-2.52470030281081e+02	-2.53046104977371e+02	-2.51124731302909e+02	-2.49824098956081e+02	-2.50330926565635e+02	-2.43472835702963e+02	-2.38954096710200e+02	-2.21342470889289e+02	-2.03693398919552e+02	-1.30549925094757e+02	-1.25889484232648e+02	-1.21514875927518e+02	-1.17439657654938e+02	-1.10758404048569e+02	-1.07097525829296e+02	-1.00570289054813e+02	-9.56602743630107e+01	-9.53142720719117e+01	-1.03098608929884e+02	-1.08759788424320e+02	-1.12158803952108e+02	-1.12348856760250e+02	-1.17237293268681e+02	-1.23030016895920e+02	-1.69258310334363e+02	-2.23445986126785e+02	-2.42169800401564e+02	-2.46158841009250e+02	-2.51584259234239e+02	-2.53933173215505e+02	-2.53871455129199e+02	-2.55001164166595e+02	-2.56240617571416e+02	-2.56857148819859e+02	-2.56639986006372e+02	-2.56091673646880e+02	-2.57684376255993e+02	
-2.55177067099078e+02	-2.55151075695261e+02	-2.54136878529823e+02	-2.53529199453671e+02	-2.52470030281081e+02	-2.53046104977371e+02	-2.51124731302909e+02	-2.49824098956081e+02	-2.50330926565635e+02	-2.43472835702963e+02	-2.38954096710200e+02	-2.21342470889289e+02	-1.62612749793578e+02	-1.12208748195636e+02	-1.13807660357504e+02	-1.10011962935904e+02	-1.05734646526380e+02	-1.02572137445179e+02	-9.90300545620093e+01	-9.59857395098085e+01	-6.66388505885453e+01	-8.78511401001084e+01	-9.52859949026201e+01	-9.78847151593240e+01	-8.59396081031704e+01	-1.04544221661558e+02	-1.08095318619070e+02	-1.12819488246109e+02	-1.35984295028908e+02	-1.91598226026925e+02	-2.42169800401564e+02	-2.46158841009250e+02	-2.51584259234239e+02	-2.53933173215505e+02	-2.53871455129199e+02	-2.55001164166595e+02	-2.56240617571416e+02	-2.56857148819859e+02	-2.56639986006372e+02	-2.56091673646880e+02	-2.57684376255993e+02	
-2.55177067099078e+02	-2.55151075695261e+02	-2.54136878529823e+02	-2.53529199453671e+02	-2.52470030281081e+02	-2.53046104977371e+02	-2.51124731302909e+02	-2.49824098956081e+02	-2.50330926565635e+02	-2.43472835702963e+02	-2.38954096710200e+02	-1.85862978069745e+02	-1.31703571524667e+02	-1.04975397910916e+02	-1.02957325852073e+02	-9.77684145135037e+01	-9.54284808064769e+01	-6.66729158775289e+01	-7.15659357829661e+01	-8.82229550506262e+01	-6.66676953206066e+01	-6.66682672592211e+01	-6.66837828518798e+01	-7.17801605933018e+01	-7.83980582988883e+01	-9.68830265640329e+01	-9.96090965217984e+01	-1.05590712629560e+02	-1.12938018068822e+02	-1.58971104992441e+02	-2.06785041014503e+02	-2.46158841009250e+02	-2.51584259234239e+02	-2.53933173215505e+02	-2.53871455129199e+02	-2.55001164166595e+02	-2.56240617571416e+02	-2.56857148819859e+02	-2.56639986006372e+02	-2.56091673646880e+02	-2.57684376255993e+02	
-2.55177067099078e+02	-2.55151075695261e+02	-2.54136878529823e+02	-2.53529199453671e+02	-2.52470030281081e+02	-2.53046104977371e+02	-2.51124731302909e+02	-2.49824098956081e+02	-2.50330926565635e+02	-2.43472835702963e+02	-1.98440553612886e+02	-1.54267016665745e+02	-1.08682929764748e+02	-9.84081814566595e+01	-6.92171712413075e+01	-6.67225535015359e+01	-6.66768780701121e+01	-6.66669830253877e+01	-7.00397400094709e+01	-8.14282339303429e+01	-6.91730794150941e+01	-7.06154191451208e+01	-6.99779632995801e+01	-6.97579730348414e+01	-7.51667607900484e+01	-9.03775873283003e+01	-6.97267836028788e+01	-9.92309902289332e+01	-9.89586608568933e+01	-1.34757794605365e+02	-1.72621210846527e+02	-2.11288839329575e+02	-2.51584259234239e+02	-2.53933173215505e+02	-2.53871455129199e+02	-2.55001164166595e+02	-2.56240617571416e+02	-2.56857148819859e+02	-2.56639986006372e+02	-2.56091673646880e+02	-2.57684376255993e+02	
-2.55177067099078e+02	-2.55151075695261e+02	-2.54136878529823e+02	-2.53529199453671e+02	-2.52470030281081e+02	-2.53046104977371e+02	-2.51124731302909e+02	-2.49824098956081e+02	-2.50330925786224e+02	-2.03542872618226e+02	-1.67664029756903e+02	-1.29822040885344e+02	-9.95560764405453e+01	-9.26749706394086e+01	-6.67051424521875e+01	-6.66737944125021e+01	-6.66885894609351e+01	-7.32852437985717e+01	-6.66770734603528e+01	-7.48130896255107e+01	-6.66215887812929e+01	-6.66658975378817e+01	-6.66812427743780e+01	-6.66883425425631e+01	-6.66589806814015e+01	-6.66666667029154e+01	-6.66707428451070e+01	-9.31714576475193e+01	-9.36284790466430e+01	-1.13187859169730e+02	-1.48643386461391e+02	-1.79872889357258e+02	-2.06851277556248e+02	-2.53933173215505e+02	-2.53871455129199e+02	-2.55001164166595e+02	-2.56240617571416e+02	-2.56857148819859e+02	-2.56639986006372e+02	-2.56091673646880e+02	-2.57684376255993e+02	
-2.55177067099078e+02	-2.55151075695261e+02	-2.54136878529823e+02	-2.53529199453671e+02	-2.52470030281081e+02	-2.53046104977371e+02	-2.51124731302909e+02	-2.44403102978496e+02	-2.01196550082345e+02	-1.73066900481845e+02	-1.43496076826487e+02	-1.07314300719925e+02	-8.53546808598237e+01	-8.50880922416364e+01	-6.66648624887332e+01	-6.66816950229057e+01	-6.66654989528082e+01	-6.66070661517272e+01	-6.66441426391827e+01	-7.18812559845413e+01	-6.65166574058497e+01	-6.02420812612607e+01	-6.66532565693175e+01	-6.66690640911348e+01	-6.66568322896115e+01	-6.66666666353054e+01	-7.99231775002032e+01	-7.98733019933159e+01	-7.96431071870428e+01	-9.20904304337057e+01	-1.25518592982595e+02	-1.53051513599853e+02	-1.77671354724337e+02	-2.01443004635373e+02	-2.23594381365906e+02	-2.55001164166595e+02	-2.56240617571416e+02	-2.56857148819859e+02	-2.56639986006372e+02	-2.56091673646880e+02	-2.57684376255993e+02	
-2.55177067099078e+02	-2.55151075695261e+02	-2.54136878529823e+02	-2.53529199453671e+02	-2.52470030281081e+02	-2.53046104977371e+02	-2.16666428539711e+02	-1.93290012995148e+02	-1.69325779618376e+02	-1.44266481118613e+02	-1.15898968050014e+02	-8.44194846205022e+01	-8.02222342467044e+01	-6.66545053829096e+01	-6.67266099038269e+01	-6.66663351752296e+01	-6.66113016073189e+01	-6.66647757804856e+01	-6.66356172846757e+01	-6.66662422797649e+01	-6.57690207699886e+01	-6.66294583979000e+01	-6.66162449617773e+01	-6.03444255071536e+01	-6.66508245360539e+01	-6.66666666664699e+01	-6.66496694204470e+01	-6.66643677215212e+01	-6.66303791500719e+01	-7.10125620834275e+01	-9.94459169257906e+01	-1.25501354552836e+02	-1.49099684799178e+02	-1.70123324423705e+02	-1.90067215950415e+02	-2.08823215404038e+02	-2.25786272731290e+02	-2.56857148819859e+02	-2.56639986006372e+02	-2.56091673646880e+02	-2.57684376255993e+02	
-2.55177067099078e+02	-2.55151075695261e+02	-2.54136878529823e+02	-2.42612679894740e+02	-2.19465458458377e+02	-2.00066609777667e+02	-1.79994128138220e+02	-1.59415918857078e+02	-1.39436085621196e+02	-1.13430016868415e+02	-8.77514012376830e+01	-6.67075347283724e+01	-6.66666657356150e+01	-6.66668629461196e+01	-6.66676888665078e+01	-6.22295984565240e+01	-6.66005116226651e+01	-5.53587177674546e+01	-4.68634190724620e+01	-5.01686940771425e+01	-3.74275528724692e+01	-4.44537066265030e+01	-4.81578291671618e+01	-5.31714529252934e+01	-6.38438097312331e+01	-6.65996890094502e+01	-6.66594557789211e+01	-6.66604132377052e+01	-8.25575196849730e+01	-6.66676394075815e+01	-7.55573202940910e+01	-9.72819660711620e+01	-1.18809647938290e+02	-1.39150310960146e+02	-1.57457761897336e+02	-1.73940584694051e+02	-1.90096277309804e+02	-2.05347493581880e+02	-2.18616889249629e+02	-2.32460919446397e+02	-2.50680122955500e+02	
-2.43640700141145e+02	-2.26542522890704e+02	-2.10609894512526e+02	-1.93936739660190e+02	-1.77252896597822e+02	-1.61652993167631e+02	-1.43694788966024e+02	-1.23691707819352e+02	-1.05408764793534e+02	-8.47093167636279e+01	-7.00171297601558e+01	-6.49824577847011e+01	-6.15914554822999e+01	-6.65586359834062e+01	-6.92568870390745e+01	-6.59423810663086e+01	-5.69059373003515e+01	-4.93507244634944e+01	-4.01745674152574e+01	-3.56875790894435e+01	-3.11421209017371e+01	-3.38738427533738e+01	-3.75666101298050e+01	-4.05075830359619e+01	-5.34905822814236e+01	-6.26568269556932e+01	-6.66616356957726e+01	-6.66473754828522e+01	-6.65474644089997e+01	-6.66568985128244e+01	-6.66916505679929e+01	-7.22580332575094e+01	-9.06122765635582e+01	-1.06539987051834e+02	-1.22800480096893e+02	-1.47225695887750e+02	-1.53395686086012e+02	-1.67635103366835e+02	-1.78664480346929e+02	-1.91838586665719e+02	-2.03342763588498e+02	
-1.90560617235162e+02	-1.77045642657324e+02	-1.63216524804012e+02	-1.49292174151882e+02	-1.33699802802808e+02	-1.19501600529691e+02	-1.05819077556174e+02	-9.86257007884015e+01	-7.50913480018641e+01	-6.66651684169545e+01	-6.66671561963150e+01	-6.66689049608470e+01	-6.66671120413011e+01	-5.64637486159095e+00	-6.66672746933701e+01	-1.27879361454463e+01	-4.82611272484397e+01	4.64445890760594e+00	-2.45496302688936e+01	1.15749719147300e-01	1.81365376771772e-02	8.00480942407117e-04	2.98566551533891e-02	-3.57456466782300e+01	-2.05125061962298e+01	-1.50478084802077e+01	-2.00732035661727e+01	-1.93972963310758e+01	-6.66618075413508e+01	-6.66675582614654e+01	-6.65623412109894e+01	-6.66665743730439e+01	-8.45475150045686e+01	-7.54032386880857e+01	-8.90049650904585e+01	-1.03086054624392e+02	-1.15243604772942e+02	-1.26217263667110e+02	-1.38066790423469e+02	-1.48320901047816e+02	-1.59009368062606e+02	
-1.33519618001529e+02	-1.23341283051392e+02	-1.12903794270305e+02	-1.02196363389110e+02	-9.69263950617956e+01	-9.49929401771151e+01	-9.33662382851969e+01	-8.00670686247211e+01	-6.75109942331893e+01	-6.72909204454557e+01	-6.66772503668581e+01	-6.66703902980537e+01	-6.66665870129819e+01	-4.15971190618392e+01	-6.66577760434761e+01	-1.14480407713339e+01	-4.77007699222125e+01	-5.23807928122056e+00	-2.95386804726040e+01	-4.03974237141056e-02	-9.81418522866645e-02	-1.92248360978349e-01	-4.21081145798892e-02	-6.39000146512995e+00	-2.00107905609837e+01	-2.36296594331552e+01	-3.75039681668303e+01	-3.01099304919154e+01	-6.96135322945361e+01	-6.66801699282970e+01	-6.66689891005693e+01	-6.66762335321035e+01	-8.05693105002159e+01	-6.66678422002844e+01	-6.66646867099205e+01	-6.66647557893468e+01	-7.48410950304029e+01	-8.81871579437305e+01	-9.74700361001625e+01	-1.03711369059403e+02	-1.12125779844954e+02	
-7.87031543182429e+01	-7.02253631849851e+01	-6.18664201857314e+01	-6.66932877241134e+01	-6.66660645819122e+01	-6.66836570165053e+01	-6.52676546428469e+01	-6.66350617893150e+01	-5.82432800877599e+01	-6.81466253453829e-01	-4.98039808005516e-02	-1.11935111905570e-02	-1.61923472292085e+00	7.82974938309518e-03	-1.73405056516074e-01	5.88859630464143e-02	-2.44142967601184e+01	-3.08885778643755e-02	-4.41047266303177e+00	-2.05267387729952e+00	4.41830128401324e+00	1.07610974804397e-01	-1.67543454067295e-02	-7.34879656945110e-02	-1.74273668919645e+00	-1.80394458010574e+00	-1.06179436479316e+00	-1.93524912549374e+00	-6.66604008094968e+01	-6.66666838968484e+01	-1.38683493825695e+01	3.48283058199716e+00	-4.44287537585968e+01	-4.48091745133277e+01	-6.66660337457224e+01	-6.66662818482425e+01	-6.66657519830425e+01	-6.66666620420708e+01	-6.66665636786779e+01	-6.66668292129433e+01	-6.66666370825647e+01	
-2.13983642244143e+01	-1.35975462440126e+01	-1.32786262843259e+01	-1.21595230758646e+01	-1.12394009546505e+01	-1.07462844587492e+01	-9.62693087253418e+00	-7.36013489853955e+00	-7.36295186887871e+00	-6.12894507144805e+00	-4.73212664622672e+00	-3.37139494440852e+00	-1.91247842855461e+00	-1.98638232526247e-06	-7.57251350335693e-07	-9.29633751813370e-04	-4.35665968170162e-03	-3.95674944698874e-03	-2.83267050393108e-02	-1.07788132747855e-02	2.59912055910803e+00	-2.04838217172997e-02	-2.15029017263808e-02	-2.07524919013293e-03	-2.68472661227542e-01	-4.16754725462790e-01	-2.22096008471423e+00	-2.31958652309663e+00	-4.07341385700241e+00	-5.91879580304984e+00	-7.77653361861257e+00	-9.62252207192606e+00	-1.14393819918628e+01	-1.32336572184063e+01	-1.49732344278146e+01	-1.66717271057447e+01	-1.83236115855233e+01	-2.14183209143495e+01	-2.15092883410021e+01	-2.29105220641198e+01	-2.06754973089777e+01	
0.00000000000000e+00	0.00000000000000e+00	0.00000000000000e+00	0.00000000000000e+00	0.00000000000000e+00	0.00000000000000e+00	0.00000000000000e+00	0.00000000000000e+00	0.00000000000000e+00	0.00000000000000e+00	0.00000000000000e+00	0.00000000000000e+00	0.00000000000000e+00	0.00000000000000e+00	0.00000000000000e+00	0.00000000000000e+00	0.00000000000000e+00	0.00000000000000e+00	0.00000000000000e+00	0.00000000000000e+00	0.00000000000000e+00	0.00000000000000e+00	0.00000000000000e+00	0.00000000000000e+00	0.00000000000000e+00	0.00000000000000e+00	0.00000000000000e+00	0.00000000000000e+00	0.00000000000000e+00	0.00000000000000e+00	0.00000000000000e+00	0.00000000000000e+00	0.00000000000000e+00	0.00000000000000e+00	0.00000000000000e+00	0.00000000000000e+00	0.00000000000000e+00	0.00000000000000e+00	0.00000000000000e+00	0.00000000000000e+00	0.00000000000000e+00	
-2.06754973089777e+01	-2.29105220641198e+01	-2.15092883410021e+01	-2.14183209143495e+01	-1.83236115855233e+01	-1.66717271057447e+01	-1.49732344278146e+01	-1.32336572184063e+01	-1.14393819918628e+01	-9.62252207192606e+00	-7.77653361861257e+00	-5.91879580304984e+00	-4.07341385700241e+00	-2.31958652309663e+00	-2.22096008471423e+00	-4.16754725462790e-01	-2.68472661227542e-01	-2.07524919013293e-03	-2.15029017263808e-02	-2.04838217172997e-02	2.59912055910803e+00	-1.07788132747855e-02	-2.83267050393108e-02	-3.95674944698874e-03	-4.35665968170162e-03	-9.29633751813370e-04	-7.57251350335693e-07	-1.98638232526247e-06	-1.91247842855461e+00	-3.37139494440852e+00	-4.73212664622672e+00	-6.12894507144805e+00	-7.36295186887871e+00	-7.36013489853955e+00	-9.62693087253418e+00	-1.07462844587492e+01	-1.12394009546505e+01	-1.21595230758646e+01	-1.32786262843259e+01	-1.35975462440126e+01	-2.13983642244143e+01	
-6.66666370825647e+01	-6.66668292129433e+01	-6.66665636786779e+01	-6.66666620420708e+01	-6.66657519830425e+01	-6.66662818482425e+01	-6.66660337457224e+01	-4.48091745133277e+01	-4.44287537585968e+01	3.48283058199716e+00	-1.38683493825695e+01	-6.66666838968484e+01	-6.66604008094968e+01	-1.93524912549374e+00	-1.06179436479316e+00	-1.80394458010574e+00	-1.74273668919645e+00	-7.34879656945110e-02	-1.67543454067295e-02	1.07610974804397e-01	4.41830128401324e+00	-2.05267387729952e+00	-4.41047266303177e+00	-3.08885778643755e-02	-2.44142967601184e+01	5.88859630464143e-02	-1.73405056516074e-01	7.82974938309518e-03	-1.61923472292085e+00	-1.11935111905570e-02	-4.98039808005516e-02	-6.81466253453829e-01	-5.82432800877599e+01	-6.66350617893150e+01	-6.52676546428469e+01	-6.66836570165053e+01	-6.66660645819122e+01	-6.66932877241134e+01	-6.18664201857314e+01	-7.02253631849851e+01	-7.87031543182429e+01	
-1.12125779844954e+02	-1.03711369059403e+02	-9.74700361001625e+01	-8.81871579437305e+01	-7.48410950304029e+01	-6.66647557893468e+01	-6.66646867099205e+01	-6.66678422002844e+01	-8.05693105002159e+01	-6.66762335321035e+01	-6.66689891005693e+01	-6.66801699282970e+01	-6.96135322945361e+01	-3.01099304919154e+01	-3.75039681668303e+01	-2.36296594331552e+01	-2.00107905609837e+01	-6.39000146512995e+00	-4.21081145798892e-02	-1.92248360978349e-01	-9.81418522866645e-02	-4.03974237141056e-02	-2.95386804726040e+01	-5.23807928122056e+00	-4.77007699222125e+01	-1.14480407713339e+01	-6.66577760434761e+01	-4.15971190618392e+01	-6.66665870129819e+01	-6.66703902980537e+01	-6.66772503668581e+01	-6.72909204454557e+01	-6.75109942331893e+01	-8.00670686247211e+01	-9.33662382851969e+01	-9.49929401771151e+01	-9.69263950617956e+01	-1.02196363389110e+02	-1.12903794270305e+02	-1.23341283051392e+02	-1.33519618001529e+02	
-1.59009368062606e+02	-1.48320901047816e+02	-1.38066790423469e+02	-1.26217263667110e+02	-1.15243604772942e+02	-1.03086054624392e+02	-8.90049650904585e+01	-7.54032386880857e+01	-8.45475150045686e+01	-6.66665743730439e+01	-6.65623412109894e+01	-6.66675582614654e+01	-6.66618075413508e+01	-1.93972963310758e+01	-2.00732035661727e+01	-1.50478084802077e+01	-2.05125061962298e+01	-3.57456466782300e+01	2.98566551533891e-02	8.00480942407117e-04	1.81365376771772e-02	1.15749719147300e-01	-2.45496302688936e+01	4.64445890760594e+00	-4.82611272484397e+01	-1.27879361454463e+01	-6.66672746933701e+01	-5.64637486159095e+00	-6.66671120413011e+01	-6.66689049608470e+01	-6.66671561963150e+01	-6.66651684169545e+01	-7.50913480018641e+01	-9.86257007884015e+01	-1.05819077556174e+02	-1.19501600529691e+02	-1.33699802802808e+02	-1.49292174151882e+02	-1.63216524804012e+02	-1.77045642657324e+02	-1.90560617235162e+02	
-2.03342763588498e+02	-1.91838586665719e+02	-1.78664480346929e+02	-1.67635103366835e+02	-1.53395686086012e+02	-1.47225695887750e+02	-1.22800480096893e+02	-1.06539987051834e+02	-9.06122765635582e+01	-7.22580332575094e+01	-6.66916505679929e+01	-6.66568985128244e+01	-6.65474644089997e+01	-6.66473754828522e+01	-6.66616356957726e+01	-6.26568269556932e+01	-5.34905822814236e+01	-4.05075830359619e+01	-3.75666101298050e+01	-3.38738427533738e+01	-3.11421209017371e+01	-3.56875790894435e+01	-4.01745674152574e+01	-4.93507244634944e+01	-5.69059373003515e+01	-6.59423810663086e+01	-6.92568870390745e+01	-6.65586359834062e+01	-6.15914554822999e+01	-6.49824577847011e+01	-7.00171297601558e+01	-8.47093167636279e+01	-1.05408764793534e+02	-1.23691707819352e+02	-1.43694788966024e+02	-1.61652993167631e+02	-1.77252896597822e+02	-1.93936739660190e+02	-2.10609894512526e+02	-2.26542522890704e+02	-2.43640700141145e+02	
-2.50680122955500e+02	-2.32460919446397e+02	-2.18616889249629e+02	-2.05347493581880e+02	-1.90096277309804e+02	-1.73940584694051e+02	-1.57457761897336e+02	-1.39150310960146e+02	-1.18809647938290e+02	-9.72819660711620e+01	-7.55573202940910e+01	-6.66676394075815e+01	-8.25575196849730e+01	-6.66604132377052e+01	-6.66594557789211e+01	-6.65996890094502e+01	-6.38438097312331e+01	-5.31714529252934e+01	-4.81578291671618e+01	-4.44537066265030e+01	-3.74275528724692e+01	-5.01686940771425e+01	-4.68634190724620e+01	-5.53587177674546e+01	-6.66005116226651e+01	-6.22295984565240e+01	-6.66676888665078e+01	-6.66668629461196e+01	-6.66666657356150e+01	-6.67075347283724e+01	-8.77514012376830e+01	-1.13430016868415e+02	-1.39436085621196e+02	-1.59415918857078e+02	-1.79994128138220e+02	-2.00066609777667e+02	-2.19465458458377e+02	-2.42612679894740e+02	-2.54136878529823e+02	-2.55151075695261e+02	-2.55177067099078e+02	
-2.57684376255993e+02	-2.56091673646880e+02	-2.56639986006372e+02	-2.56857148819859e+02	-2.25786272731290e+02	-2.08823215404038e+02	-1.90067215950415e+02	-1.70123324423705e+02	-1.49099684799178e+02	-1.25501354552836e+02	-9.94459169257906e+01	-7.10125620834275e+01	-6.66303791500719e+01	-6.66643677215212e+01	-6.66496694204470e+01	-6.66666666664699e+01	-6.66508245360539e+01	-6.03444255071536e+01	-6.66162449617773e+01	-6.66294583979000e+01	-6.57690207699886e+01	-6.66662422797649e+01	-6.66356172846757e+01	-6.66647757804856e+01	-6.66113016073189e+01	-6.66663351752296e+01	-6.67266099038269e+01	-6.66545053829096e+01	-8.02222342467044e+01	-8.44194846205022e+01	-1.15898968050014e+02	-1.44266481118613e+02	-1.69325779618376e+02	-1.93290012995148e+02	-2.16666428539711e+02	-2.53046104977371e+02	-2.52470030281081e+02	-2.53529199453671e+02	-2.54136878529823e+02	-2.55151075695261e+02	-2.55177067099078e+02	
-2.57684376255993e+02	-2.56091673646880e+02	-2.56639986006372e+02	-2.56857148819859e+02	-2.56240617571416e+02	-2.55001164166595e+02	-2.23594381365906e+02	-2.01443004635373e+02	-1.77671354724337e+02	-1.53051513599853e+02	-1.25518592982595e+02	-9.20904304337057e+01	-7.96431071870428e+01	-7.98733019933159e+01	-7.99231775002032e+01	-6.66666666353054e+01	-6.66568322896115e+01	-6.66690640911348e+01	-6.66532565693175e+01	-6.02420812612607e+01	-6.65166574058497e+01	-7.18812559845413e+01	-6.66441426391827e+01	-6.66070661517272e+01	-6.66654989528082e+01	-6.66816950229057e+01	-6.66648624887332e+01	-8.50880922416364e+01	-8.53546808598237e+01	-1.07314300719925e+02	-1.43496076826487e+02	-1.73066900481845e+02	-2.01196550082345e+02	-2.44403102978496e+02	-2.51124731302909e+02	-2.53046104977371e+02	-2.52470030281081e+02	-2.53529199453671e+02	-2.54136878529823e+02	-2.55151075695261e+02	-2.55177067099078e+02	
-2.57684376255993e+02	-2.56091673646880e+02	-2.56639986006372e+02	-2.56857148819859e+02	-2.56240617571416e+02	-2.55001164166595e+02	-2.53871455129199e+02	-2.53933173215505e+02	-2.06851277556248e+02	-1.79872889357258e+02	-1.48643386461391e+02	-1.13187859169730e+02	-9.36284790466430e+01	-9.31714576475193e+01	-6.66707428451070e+01	-6.66666667029154e+01	-6.66589806814015e+01	-6.66883425425631e+01	-6.66812427743780e+01	-6.66658975378817e+01	-6.66215887812929e+01	-7.48130896255107e+01	-6.66770734603528e+01	-7.32852437985717e+01	-6.66885894609351e+01	-6.66737944125021e+01	-6.67051424521875e+01	-9.26749706394086e+01	-9.95560764405453e+01	-1.29822040885344e+02	-1.67664029756903e+02	-2.03542872618226e+02	-2.50330925786224e+02	-2.49824098956081e+02	-2.51124731302909e+02	-2.53046104977371e+02	-2.52470030281081e+02	-2.53529199453671e+02	-2.54136878529823e+02	-2.55151075695261e+02	-2.55177067099078e+02	
-2.57684376255993e+02	-2.56091673646880e+02	-2.56639986006372e+02	-2.56857148819859e+02	-2.56240617571416e+02	-2.55001164166595e+02	-2.53871455129199e+02	-2.53933173215505e+02	-2.51584259234239e+02	-2.11288839329575e+02	-1.72621210846527e+02	-1.34757794605365e+02	-9.89586608568933e+01	-9.92309902289332e+01	-6.97267836028788e+01	-9.03775873283003e+01	-7.51667607900484e+01	-6.97579730348414e+01	-6.99779632995801e+01	-7.06154191451208e+01	-6.91730794150941e+01	-8.14282339303429e+01	-7.00397400094709e+01	-6.66669830253877e+01	-6.66768780701121e+01	-6.67225535015359e+01	-6.92171712413075e+01	-9.84081814566595e+01	-1.08682929764748e+02	-1.54267016665745e+02	-1.98440553612886e+02	-2.43472835702963e+02	-2.50330926565635e+02	-2.49824098956081e+02	-2.51124731302909e+02	-2.53046104977371e+02	-2.52470030281081e+02	-2.53529199453671e+02	-2.54136878529823e+02	-2.55151075695261e+02	-2.55177067099078e+02	
-2.57684376255993e+02	-2.56091673646880e+02	-2.56639986006372e+02	-2.56857148819859e+02	-2.56240617571416e+02	-2.55001164166595e+02	-2.53871455129199e+02	-2.53933173215505e+02	-2.51584259234239e+02	-2.46158841009250e+02	-2.06785041014503e+02	-1.58971104992441e+02	-1.12938018068822e+02	-1.05590712629560e+02	-9.96090965217984e+01	-9.68830265640329e+01	-7.83980582988883e+01	-7.17801605933018e+01	-6.66837828518798e+01	-6.66682672592211e+01	-6.66676953206066e+01	-8.82229550506262e+01	-7.15659357829661e+01	-6.66729158775289e+01	-9.54284808064769e+01	-9.77684145135037e+01	-1.02957325852073e+02	-1.04975397910916e+02	-1.31703571524667e+02	-1.85862978069745e+02	-2.38954096710200e+02	-2.43472835702963e+02	-2.50330926565635e+02	-2.49824098956081e+02	-2.51124731302909e+02	-2.53046104977371e+02	-2.52470030281081e+02	-2.53529199453671e+02	-2.54136878529823e+02	-2.55151075695261e+02	-2.55177067099078e+02	
-2.57684376255993e+02	-2.56091673646880e+02	-2.56639986006372e+02	-2.56857148819859e+02	-2.56240617571416e+02	-2.55001164166595e+02	-2.53871455129199e+02	-2.53933173215505e+02	-2.51584259234239e+02	-2.46158841009250e+02	-2.42169800401564e+02	-1.91598226026925e+02	-1.35984295028908e+02	-1.12819488246109e+02	-1.08095318619070e+02	-1.04544221661558e+02	-8.59396081031704e+01	-9.78847151593240e+01	-9.52859949026201e+01	-8.78511401001084e+01	-6.66388505885453e+01	-9.59857395098085e+01	-9.90300545620093e+01	-1.02572137445179e+02	-1.05734646526380e+02	-1.10011962935904e+02	-1.13807660357504e+02	-1.12208748195636e+02	-1.62612749793578e+02	-2.21342470889289e+02	-2.38954096710200e+02	-2.43472835702963e+02	-2.50330926565635e+02	-2.49824098956081e+02	-2.51124731302909e+02	-2.53046104977371e+02	-2.52470030281081e+02	-2.53529199453671e+02	-2.54136878529823e+02	-2.55151075695261e+02	-2.55177067099078e+02	
-2.57684376255993e+02	-2.56091673646880e+02	-2.56639986006372e+02	-2.56857148819859e+02	-2.56240617571416e+02	-2.55001164166595e+02	-2.53871455129199e+02	-2.53933173215505e+02	-2.51584259234239e+02	-2.46158841009250e+02	-2.42169800401564e+02	-2.23445986126785e+02	-1.69258310334363e+02	-1.23030016895920e+02	-1.17237293268681e+02	-1.12348856760250e+02	-1.12158803952108e+02	-1.08759788424320e+02	-1.03098608929884e+02	-9.53142720719117e+01	-9.56602743630107e+01	-1.00570289054813e+02	-1.07097525829296e+02	-1.10758404048569e+02	-1.17439657654938e+02	-1.21514875927518e+02	-1.25889484232648e+02	-1.30549925094757e+02	-2.03693398919552e+02	-2.21342470889289e+02	-2.38954096710200e+02	-2.43472835702963e+02	-2.50330926565635e+02	-2.49824098956081e+02	-2.51124731302909e+02	-2.53046104977371e+02	-2.52470030281081e+02	-2.53529199453671e+02	-2.54136878529823e+02	-2.55151075695261e+02	-2.55177067099078e+02	
-2.57684376255993e+02	-2.56091673646880e+02	-2.56639986006372e+02	-2.56857148819859e+02	-2.56240617571416e+02	-2.55001164166595e+02	-2.53871455129199e+02	-2.53933173215505e+02	-2.51584259234239e+02	-2.46158841009250e+02	-2.42169800401564e+02	-2.23445986126785e+02	-2.02411416227167e+02	-1.33070165762666e+02	-1.30642534943315e+02	-1.26887658111736e+02	-1.23406167064326e+02	-1.16603920533651e+02	-1.10726485973015e+02	-1.06794998732009e+02	-1.03399087003746e+02	-1.08465332386224e+02	-1.14997587448981e+02	-1.19206902129586e+02	-1.29305920003071e+02	-1.31911650988266e+02	-1.33293338929516e+02	-1.63575930023067e+02	-2.03693398919552e+02	-2.21342470889289e+02	-2.38954096710200e+02	-2.43472835702963e+02	-2.50330926565635e+02	-2.49824098956081e+02	-2.51124731302909e+02	-2.53046104977371e+02	-2.52470030281081e+02	-2.53529199453671e+02	-2.54136878529823e+02	-2.55151075695261e+02	-2.55177067099078e+02	
-2.57684376255993e+02	-2.56091673646880e+02	-2.56639986006372e+02	-2.56857148819859e+02	-2.56240617571416e+02	-2.55001164166595e+02	-2.53871455129199e+02	-2.53933173215505e+02	-2.51584259234239e+02	-2.46158841009250e+02	-2.42169800401564e+02	-2.23445986126785e+02	-2.02411416227167e+02	-1.52737350446333e+02	-1.33328957069408e+02	-1.33327103614430e+02	-1.33325558964168e+02	-1.33342521393587e+02	-1.33291337852433e+02	-1.33333332966895e+02	-1.33337473068493e+02	-1.33333332027312e+02	-1.33332926293544e+02	-1.33333333326904e+02	-1.33333333315013e+02	-1.33326902277392e+02	-1.33333331937927e+02	-1.66393653970426e+02	-2.03693398919552e+02	-2.21342470889289e+02	-2.38954096710200e+02	-2.43472835702963e+02	-2.50330926565635e+02	-2.49824098956081e+02	-2.51124731302909e+02	-2.53046104977371e+02	-2.52470030281081e+02	-2.53529199453671e+02	-2.54136878529823e+02	-2.55151075695261e+02	-2.55177067099078e+02	
-2.57684376255993e+02	-2.56091673646880e+02	-2.56639986006372e+02	-2.56857148819859e+02	-2.56240617571416e+02	-2.55001164166595e+02	-2.53871455129199e+02	-2.53933173215505e+02	-2.51584259234239e+02	-2.46158841009250e+02	-2.42169800401564e+02	-2.23445986126785e+02	-2.02411416227167e+02	-1.52737350446333e+02	-1.33333333334241e+02	-1.33333331072901e+02	-1.33333332276780e+02	-1.33334126875541e+02	-1.33334151070602e+02	-1.33333332966895e+02	-1.33326283003031e+02	-1.33333332027312e+02	-1.33332926293544e+02	-1.33333333326904e+02	-1.33333333315013e+02	-1.33326902277392e+02	-1.33333331937927e+02	-1.66393653970426e+02	-2.03693398919552e+02	-2.21342470889289e+02	-2.38954096710200e+02	-2.43472835702963e+02	-2.50330926565635e+02	-2.49824098956081e+02	-2.51124731302909e+02	-2.53046104977371e+02	-2.52470030281081e+02	-2.53529199453671e+02	-2.54136878529823e+02	-2.55151075695261e+02	-2.55177067099078e+02	
-2.53113253500979e+02	-2.52821351108551e+02	-2.50147262096831e+02	-2.51130656914447e+02	-2.48654710477795e+02	-2.49244312390052e+02	-2.45475598494982e+02	-2.43874684226469e+02	-2.28463582462345e+02	-2.19088783278786e+02	-2.00930984091165e+02	-1.73252918012185e+02	-1.33333649101673e+02	-1.33332181549031e+02	-1.33333333332902e+02	-1.33327064196317e+02	-1.33327524435198e+02	-1.33333333333153e+02	-1.33333333337532e+02	-1.33333333338426e+02	-1.33330486915686e+02	-1.33332849079409e+02	-1.33333332457241e+02	-1.33333333333929e+02	-1.33334067108865e+02	-1.33324060896276e+02	-1.33312073856973e+02	-1.33333333318159e+02	-1.33333301469261e+02	-1.67150452715162e+02	-2.03542246108154e+02	-1.49531157854879e+02	-2.32056321841787e+02	-2.46541100819115e+02	-2.48625210739622e+02	-2.52276334238616e+02	-2.52038824893930e+02	-2.53895999333525e+02	-2.53617448210818e+02	-2.55635780007930e+02	-2.55019366930056e+02	
-2.53113253500979e+02	-2.52821351108551e+02	-2.50147262096831e+02	-2.51130656914447e+02	-2.48654710477795e+02	-2.49244312390052e+02	-2.45475598494982e+02	-2.43874684226469e+02	-2.28463582462345e+02	-2.19088783278786e+02	-2.00930984091165e+02	-1.73252918012185e+02	-1.33333649101673e+02	-1.33332181549031e+02	-1.33333333332902e+02	-1.33327064196317e+02	-1.33327524435198e+02	-1.33333333333153e+02	-1.33333333337532e+02	-1.33333333338426e+02	-1.33330486915686e+02	-1.33333616784234e+02	-1.33289748492490e+02	-1.33304677539369e+02	-1.33330083472000e+02	-1.33324827293800e+02	-1.33328940902810e+02	-1.33332464152488e+02	-1.33327868068729e+02	-1.67150452715162e+02	-2.03542246108154e+02	-1.49531157854879e+02	-2.32056321841787e+02	-2.46541100819115e+02	-2.48625210739622e+02	-2.52276334238616e+02	-2.52038824893930e+02	-2.53895999333525e+02	-2.53617448210818e+02	-2.55635780007930e+02	-2.55019366930056e+02	
-2.53113253500979e+02	-2.52821351108551e+02	-2.50147262096831e+02	-2.51130656914447e+02	-2.48654710477795e+02	-2.49244312390052e+02	-2.45475598494982e+02	-2.43874684226469e+02	-2.28463582462345e+02	-2.19088783278786e+02	-2.00930984091165e+02	-1.73252918012185e+02	-1.33290600480177e+02	-1.33286818023110e+02	-1.33293642214838e+02	-1.31910556845211e+02	-1.29304086533872e+02	-1.19074763642770e+02	-1.12589969243550e+02	-1.08464185887301e+02	-1.05482463198636e+02	-1.06795277936484e+02	-1.10692143621733e+02	-1.14427903070930e+02	-1.23401516398468e+02	-1.26881603156609e+02	-1.30642122282666e+02	-1.33071145617740e+02	-1.33175819368305e+02	-1.39417289977002e+02	-2.03542246108154e+02	-1.49531157854879e+02	-2.32056321841787e+02	-2.46541100819115e+02	-2.48625210739622e+02	-2.52276334238616e+02	-2.52038824893930e+02	-2.53895999333525e+02	-2.53617448210818e+02	-2.55635780007930e+02	-2.55019366930056e+02	
-2.53113253500979e+02	-2.52821351108551e+02	-2.50147262096831e+02	-2.51130656914447e+02	-2.48654710477795e+02	-2.49244312390052e+02	-2.45475598494982e+02	-2.43874684226469e+02	-2.28463582462345e+02	-2.19088783278786e+02	-2.01017878146203e+02	-1.34744863534013e+02	-1.33145270495475e+02	-1.30552759704384e+02	-1.25889663725767e+02	-1.21510955679003e+02	-1.17436378739856e+02	-1.10620666798109e+02	-1.04630129657791e+02	-1.00568908085661e+02	-9.35501893489388e+01	-9.54039746941322e+01	-1.03063502554452e+02	-1.08891821334288e+02	-1.12159204597741e+02	-1.12934573156415e+02	-1.17255710260029e+02	-1.23041060785052e+02	-1.27225452771661e+02	-1.31662430922880e+02	-1.68713174143202e+02	-1.49531157854879e+02	-2.32056321841787e+02	-2.46541100819115e+02	-2.48625210739622e+02	-2.52276334238616e+02	-2.52038824893930e+02	-2.53895999333525e+02	-2.53617448210818e+02	-2.55635780007930e+02	-2.55019366930056e+02	
-2.53113253500979e+02	-2.52821351108551e+02	-2.50147262096831e+02	-2.51130656914447e+02	-2.48654710477795e+02	-2.49244312390052e+02	-2.45475598494982e+02	-2.43874684226469e+02	-2.28463582462345e+02	-2.19088783278786e+02	-1.63072140847253e+02	-1.28618916696447e+02	-1.18409390543528e+02	-1.17984469957045e+02	-1.13606155525411e+02	-1.08828240663143e+02	-1.02116535789863e+02	-1.02425828202478e+02	-9.06450221094111e+01	-8.67851969022436e+01	-8.60090065772367e+01	-8.79423346064888e+01	-9.52496188239354e+01	-8.59610727364767e+01	-8.67781803453481e+01	-1.05114702484882e+02	-1.08158155799036e+02	-1.11115720208183e+02	-1.15865321651553e+02	-1.19889057283860e+02	-1.35791461751323e+02	-1.49531157854879e+02	-2.32056321841787e+02	-2.46541100819115e+02	-2.48625210739622e+02	-2.52276334238616e+02	-2.52038824893930e+02	-2.53895999333525e+02	-2.53617448210818e+02	-2.55635780007930e+02	-2.55019366930056e+02	
-2.53113253500979e+02	-2.52821351108551e+02	-2.50147262096831e+02	-2.51130656914447e+02	-2.48654710477795e+02	-2.49244312390052e+02	-2.45475598494982e+02	-2.43874684226469e+02	-2.28463582462345e+02	-1.75485253853123e+02	-1.31822626719314e+02	-1.17197448066914e+02	-1.10539023332818e+02	-1.04368817873223e+02	-1.05158957506311e+02	-1.01002424990478e+02	-9.43913897255286e+01	-6.98941777290650e+01	-8.27513481548210e+01	-6.66666440922069e+01	-7.23703487513270e+01	-6.66666213317264e+01	-6.67033060339434e+01	-7.78700948359134e+01	-7.88768535288364e+01	-6.66664108684112e+01	-6.92889579271749e+01	-1.03671907233921e+02	-1.08057416979513e+02	-1.10955342522828e+02	-1.13204216704448e+02	-1.49531157854879e+02	-1.85550762263129e+02	-2.46541100819115e+02	-2.48625210739622e+02	-2.52276334238616e+02	-2.52038824893930e+02	-2.53895999333525e+02	-2.53617448210818e+02	-2.55635780007930e+02	-2.55019366930056e+02	
-2.53113253500979e+02	-2.52821351108551e+02	-2.50147262096831e+02	-2.51130656914447e+02	-2.48654710477795e+02	-2.49244312390052e+02	-2.45475598494982e+02	-2.43874684226469e+02	-1.81218317308680e+02	-1.45618328573172e+02	-1.13561953539614e+02	-9.96316910807214e+01	-1.04981204812638e+02	-6.66802483469499e+01	-9.85786202369369e+01	-9.57002572811074e+01	-8.72980298642497e+01	-6.69298166404415e+01	-7.66662464570142e+01	-6.68816475055456e+01	-7.06344842278895e+01	-7.15077978918396e+01	-7.20499880194322e+01	-7.57540074618531e+01	-7.56393249757718e+01	-6.66156460660039e+01	-6.67045902385743e+01	-6.68146354180735e+01	-1.02864393523452e+02	-1.05646818244500e+02	-1.06766214277872e+02	-1.26543460239428e+02	-1.57578946978150e+02	-1.86188353594869e+02	-2.19684760446710e+02	-2.52276334160888e+02	-2.52038824893930e+02	-2.53895999333525e+02	-2.53617448210818e+02	-2.55635780007930e+02	-2.55019366930056e+02	
-2.53113253500979e+02	-2.52821351108551e+02	-2.50147262096831e+02	-2.51130656914447e+02	-2.48654710477795e+02	-2.49244312390120e+02	-2.14487329060950e+02	-1.82527766945807e+02	-1.53394130886397e+02	-1.21917325630908e+02	-1.00037265159209e+02	-9.97947572119411e+01	-9.95212426363168e+01	-6.68480537483992e+01	-9.26118102673933e+01	-8.95612692477922e+01	-7.96201774121912e+01	-6.66805714234305e+01	-6.76790169254533e+01	-6.66668083230839e+01	-6.79619188090067e+01	-6.66104652461448e+01	-6.88868451684677e+01	-6.66560736585668e+01	-6.66643061829561e+01	-6.73088023971395e+01	-6.66657036939873e+01	-6.91073699181271e+01	-8.79389597080998e+01	-9.34058191893986e+01	-7.29124250140024e+01	-1.05138463591838e+02	-1.35088639869475e+02	-1.60817703250903e+02	-1.84455208140026e+02	-2.05674701221143e+02	-2.36876955964526e+02	-2.53895999333525e+02	-2.53617448210818e+02	-2.55635780007930e+02	-2.55019366930056e+02	
-2.53113253500979e+02	-2.52821351108551e+02	-2.50147262096831e+02	-2.51130656914447e+02	-2.32630847009497e+02	-2.02388335501337e+02	-1.80076828055127e+02	-1.56574251856130e+02	-1.30049322164823e+02	-9.95994575078910e+01	-8.55179585680035e+01	-8.56277433093060e+01	-8.53409918572904e+01	-6.67008106492245e+01	-6.70720797679089e+01	-8.27228817667032e+01	-7.17020512109991e+01	-6.66246794564008e+01	-6.66054874930046e+01	-6.63498591175878e+01	-6.66394119090395e+01	-6.65849746472375e+01	-6.66499475542940e+01	-6.67310123554491e+01	-6.66547164740390e+01	-4.93670112981526e+01	-7.99236292388913e+01	-6.66632439193043e+01	-7.96060620282351e+01	-6.66400044210045e+01	-1.00980339455244e+02	-8.42742271722782e+01	-1.12185187694617e+02	-1.36537629779786e+02	-1.57409886366147e+02	-1.76718610621045e+02	-1.95134771589011e+02	-2.12322999286174e+02	-2.33346121500427e+02	-2.55635780007930e+02	-2.55019366930056e+02	
-2.53113253500979e+02	-2.52821351108551e+02	-2.30432321323086e+02	-2.08824348351021e+02	-1.89720801797262e+02	-1.71028023682980e+02	-1.50372392053846e+02	-1.28261608500901e+02	-1.04663625248333e+02	-7.78778763698285e+01	-7.12641420778001e+01	-7.09955791041110e+01	-7.07847205935526e+01	-6.66582488302772e+01	-6.66590648891647e+01	-6.66585078075257e+01	-6.66590458770188e+01	-6.66599570827081e+01	-6.66163545462563e+01	-6.65295697650206e+01	-6.65774195100382e+01	-5.46076043345217e+01	-6.66196217678530e+01	-6.00935277868898e+01	-6.66237051455532e+01	-6.66538804383192e+01	-6.66633692720117e+01	-6.66767958907325e+01	-6.66565709274343e+01	-6.67060749875531e+01	-7.40546168595303e+01	-8.15831518452478e+01	-8.79479766076148e+01	-1.09474219471282e+02	-1.29651466537050e+02	-1.48360726857442e+02	-1.64923302737451e+02	-1.80905408056745e+02	-1.96248855128295e+02	-2.10825055531885e+02	-2.23878073793721e+02	
-2.21857439432641e+02	-2.06237746456371e+02	-1.89605314229954e+02	-1.73159984985021e+02	-1.56348129517974e+02	-1.38977941140065e+02	-1.19170131799588e+02	-9.90757742465850e+01	-8.34931724404863e+01	-6.66897768853970e+01	-6.41765329802108e+01	-6.66667407431078e+01	-6.66897264576641e+01	-6.66771932162359e+01	-6.66665355126067e+01	-6.61504849404957e+01	-6.66090514568257e+01	-5.68474360555891e+01	-5.24385906616889e+01	-5.01927885697757e+01	-4.47856392563228e+01	-4.38294739085836e+01	-4.81463495475632e+01	-5.31746803702833e+01	-6.03041832510485e+01	-6.64870310734726e+01	-6.66505519745317e+01	-6.66652368139511e+01	-6.66635148247268e+01	-6.66666656772693e+01	-6.66715338785320e+01	-7.13288139044846e+01	-6.90775738932381e+01	-8.29095242619202e+01	-1.00992352740227e+02	-1.17923861185408e+02	-1.33926280239929e+02	-1.49441855830027e+02	-1.62605564972426e+02	-1.75704298883109e+02	-1.88340691686917e+02	
-1.79259337237354e+02	-1.65900510385446e+02	-1.54281831104972e+02	-1.36803571252378e+02	-1.20987160151237e+02	-1.05208421942666e+02	-8.90999717144398e+01	-7.37393005470688e+01	-6.66666656882861e+01	-6.66906326493604e+01	-6.67754097082202e+01	-6.67310194838054e+01	-6.92193186401932e+01	-3.00751081932188e-02	-6.65018545544712e+01	-6.19033452466076e+01	-5.68833939713873e+01	-4.55287345188473e+01	2.55793533731618e-03	-3.56525148056520e+01	9.14651374573985e-03	1.14525691435984e-02	-3.75671251789142e+01	-4.23529541886246e+01	-5.29511717196759e+01	-6.10259791811172e+01	-6.18257551736719e+01	-7.03785700665327e+01	-7.08625126878936e+01	-5.92228262820411e+01	-6.76578908778242e+01	-7.19762511332845e+01	-7.17593970445621e+01	-6.67901394857748e+01	-7.73936260803305e+01	-9.00332405076090e+01	-1.03164086722476e+02	-1.15374553811676e+02	-1.27885755089322e+02	-1.40372055579414e+02	-1.56539283760289e+02	
-1.35549159892757e+02	-1.33331802436946e+02	-1.18856451379301e+02	-1.01623255685098e+02	-9.69452913973748e+01	-1.15664263576109e+02	-8.24802645728836e+01	-8.91686010135374e+01	-6.67468806527468e+01	-6.67305652679831e+01	-6.66669828528121e+01	-1.33903312281800e+01	-6.66647958375538e+01	-1.33165291902946e+01	9.26534877268058e+00	-5.78020934565327e+01	-4.53745405635585e+01	-3.84071267236804e+01	-1.58174803281940e-01	2.35710418392765e-04	-2.43092242933820e-03	-5.86440538154982e-02	4.06540333006102e-02	4.35794055213225e-04	-4.25330842379647e+01	-6.05746135507048e+00	-6.55283072185193e+01	-6.65682653154187e+01	-6.65903880498882e+01	-6.66647005294182e+01	-6.66672197634180e+01	-6.66682600916115e+01	-6.66680111073980e+01	-6.66698453478826e+01	-8.23122280427174e+01	-6.98418907381472e+01	-1.00614765884377e+02	-1.09193236301268e+02	-9.90198187875575e+01	-1.14152352410661e+02	-1.30826581800433e+02	
-1.01213626813340e+02	-1.01742270071149e+02	-8.85726391144106e+01	-9.83041846788619e+01	-9.68148879890423e+01	-6.66678791651262e+01	-8.15823962757832e+01	-9.05981131663152e+01	-8.81869811201063e+01	-8.55944846220601e+01	-6.66708956396630e+01	-3.87170247671489e+01	-7.66492775387864e+01	-4.63155099500889e+01	-3.40816175385974e+00	-9.06194427455185e-01	-1.89543389023797e+01	-1.73728821648104e+01	-2.54301560287857e+00	-2.46301661987792e-02	-3.34953419900257e-02	-1.85383838503123e+00	-1.93223369354038e-02	-2.91602307720437e+00	-4.75880725772151e+01	-2.59168869661564e-01	-6.64816897590931e+01	-6.65833690574623e+01	-6.66673850462609e+01	-6.66653549544716e+01	-6.66736656352844e+01	-6.67080819730321e+01	-6.01171306500295e+01	-6.37623011939675e+01	-8.23643791664836e+01	-7.33208608263123e+01	-6.17911877054208e+01	-8.81735500457546e+01	-8.93765307635581e+01	-6.65564328776348e+01	-9.06851847777897e+01	
-6.62487667498684e+01	-6.66679527634385e+01	-6.66620951356891e+01	-6.66666992967184e+01	-5.81524530036821e+01	-6.66707415656608e+01	-5.76732522155243e+01	-5.62916923537911e+01	-5.67234341029481e+01	-5.62066086510881e+01	-6.66662454331474e+01	-5.53991935457297e+01	-5.49586215097091e+01	-2.38082458246628e-03	-1.73596234133060e-01	-4.30370101086763e-02	-1.35838215458668e+00	-3.06544745401158e+00	-8.90611098056730e-02	2.85737610174181e+00	-1.28687804104966e+00	4.04554317346986e-01	-8.76190253175133e-03	-2.42870851305804e-02	-3.63613040597307e+00	-7.84551137927866e+00	-4.97679971310387e+01	-6.60779273176868e+01	-6.66769537734362e+01	-6.66681752210451e+01	-6.66653091582069e+01	-6.59862080207331e+01	-6.66670554374561e+01	-6.66682774511063e+01	-6.66667620735266e+01	-6.68952762083551e+01	-6.66667680995999e+01	-1.94112572156500e+01	-6.66680392579057e+01	-6.66668167349289e+01	-6.66683962668131e+01	
-1.39374074700298e+01	-1.39492221211094e+01	-1.28234006738678e+01	-1.25336901874920e+01	-1.12294736727919e+01	-1.07517466604790e+01	-8.54802901782998e+00	-8.52624906251419e+00	-7.01921544296687e+00	-6.13422875223676e+00	-3.36796734658660e+00	-3.35964616780350e+00	-1.91275203168195e+00	-1.25154175493194e-01	-5.91336521086825e-04	-1.82456656781276e-04	-1.18884207219646e-02	-4.11718437072012e-02	-1.64972715583833e-02	7.76830452658854e-02	7.72083175867049e-01	2.26258540873921e-02	-6.59608264903070e-02	3.40626754859808e-03	-7.70788694978700e-01	-1.25829536017158e+00	-5.06756425238681e+01	-6.66641774221693e+01	-6.66667673926509e+01	-6.66670725746059e+01	-6.66669524697746e+01	-6.66669357995400e+01	-6.66676295404015e+01	-6.67432573994169e+01	-6.65314698752396e+01	-6.63244582275455e+01	-6.62378007057037e+01	-6.61531679516084e+01	-6.66323736687897e+01	-6.66643743319975e+01	-6.66065014669454e+01	
0.00000000000000e+00	0.00000000000000e+00	0.00000000000000e+00	0.00000000000000e+00	0.00000000000000e+00	0.00000000000000e+00	0.00000000000000e+00	0.00000000000000e+00	0.00000000000000e+00	0.00000000000000e+00	0.00000000000000e+00	0.00000000000000e+00	0.00000000000000e+00	0.00000000000000e+00	0.00000000000000e+00	0.00000000000000e+00	0.00000000000000e+00	0.00000000000000e+00	0.00000000000000e+00	0.00000000000000e+00	0.00000000000000e+00	0.00000000000000e+00	0.00000000000000e+00	0.00000000000000e+00	0.00000000000000e+00	0.00000000000000e+00	0.00000000000000e+00	0.00000000000000e+00	0.00000000000000e+00	0.00000000000000e+00	0.00000000000000e+00	0.00000000000000e+00	0.00000000000000e+00	0.00000000000000e+00	0.00000000000000e+00	0.00000000000000e+00	0.00000000000000e+00	0.00000000000000e+00	0.00000000000000e+00	0.00000000000000e+00	0.00000000000000e+00	
-6.66065014669454e+01	-6.66643743319975e+01	-6.66323736687897e+01	-6.61531679516084e+01	-6.62378007057037e+01	-6.63244582275455e+01	-6.65314698752396e+01	-6.67432573994169e+01	-6.66676295404015e+01	-6.66669357995400e+01	-6.66669524697746e+01	-6.66670725746059e+01	-6.66667673926509e+01	-6.66641774221693e+01	-5.06756425238681e+01	-1.25829536017158e+00	-7.70788694978700e-01	3.40626754859808e-03	-6.59608264903070e-02	2.26258540873921e-02	7.72083175867049e-01	7.76830452658854e-02	-1.64972715583833e-02	-4.11718437072012e-02	-1.18884207219646e-02	-1.82456656781276e-04	-5.91336521086825e-04	-1.25154175493194e-01	-1.91275203168195e+00	-3.35964616780350e+00	-3.36796734658660e+00	-6.13422875223676e+00	-7.01921544296687e+00	-8.52624906251419e+00	-8.54802901782998e+00	-1.07517466604790e+01	-1.12294736727919e+01	-1.25336901874920e+01	-1.28234006738678e+01	-1.39492221211094e+01	-1.39374074700298e+01	
-6.66683962668131e+01	-6.66668167349289e+01	-6.66680392579057e+01	-1.94112572156500e+01	-6.66667680995999e+01	-6.68952762083551e+01	-6.66667620735266e+01	-6.66682774511063e+01	-6.66670554374561e+01	-6.59862080207331e+01	-6.66653091582069e+01	-6.66681752210451e+01	-6.66769537734362e+01	-6.60779273176868e+01	-4.97679971310387e+01	-7.84551137927866e+00	-3.63613040597307e+00	-2.42870851305804e-02	-8.76190253175133e-03	4.04554317346986e-01	-1.28687804104966e+00	2.85737610174181e+00	-8.90611098056730e-02	-3.06544745401158e+00	-1.35838215458668e+00	-4.30370101086763e-02	-1.73596234133060e-01	-2.38082458246628e-03	-5.49586215097091e+01	-5.53991935457297e+01	-6.66662454331474e+01	-5.62066086510881e+01	-5.67234341029481e+01	-5.62916923537911e+01	-5.76732522155243e+01	-6.66707415656608e+01	-5.81524530036821e+01	-6.66666992967184e+01	-6.66620951356891e+01	-6.66679527634385e+01	-6.62487667498684e+01	
-9.06851847777897e+01	-6.65564328776348e+01	-8.93765307635581e+01	-8.81735500457546e+01	-6.17911877054208e+01	-7.33208608263123e+01	-8.23643791664836e+01	-6.37623011939675e+01	-6.01171306500295e+01	-6.67080819730321e+01	-6.66736656352844e+01	-6.66653549544716e+01	-6.66673850462609e+01	-6.65833690574623e+01	-6.64816897590931e+01	-2.59168869661564e-01	-4.75880725772151e+01	-2.91602307720437e+00	-1.93223369354038e-02	-1.85383838503123e+00	-3.34953419900257e-02	-2.46301661987792e-02	-2.54301560287857e+00	-1.73728821648104e+01	-1.89543389023797e+01	-9.06194427455185e-01	-3.40816175385974e+00	-4.63155099500889e+01	-7.66492775387864e+01	-3.87170247671489e+01	-6.66708956396630e+01	-8.55944846220601e+01	-8.81869811201063e+01	-9.05981131663152e+01	-8.15823962757832e+01	-6.66678791651262e+01	-9.68148879890423e+01	-9.83041846788619e+01	-8.85726391144106e+01	-1.01742270071149e+02	-1.01213626813340e+02	
-1.30826581800433e+02	-1.14152352410661e+02	-9.90198187875575e+01	-1.09193236301268e+02	-1.00614765884377e+02	-6.98418907381472e+01	-8.23122280427174e+01	-6.66698453478826e+01	-6.66680111073980e+01	-6.66682600916115e+01	-6.66672197634180e+01	-6.66647005294182e+01	-6.65903880498882e+01	-6.65682653154187e+01	-6.55283072185193e+01	-6.05746135507048e+00	-4.25330842379647e+01	4.35794055213225e-04	4.06540333006102e-02	-5.86440538154982e-02	-2.43092242933820e-03	2.35710418392765e-04	-1.58174803281940e-01	-3.84071267236804e+01	-4.53745405635585e+01	-5.78020934565327e+01	9.26534877268058e+00	-1.33165291902946e+01	-6.66647958375538e+01	-1.33903312281800e+01	-6.66669828528121e+01	-6.67305652679831e+01	-6.67468806527468e+01	-8.91686010135374e+01	-8.24802645728836e+01	-1.15664263576109e+02	-9.69452913973748e+01	-1.01623255685098e+02	-1.18856451379301e+02	-1.33331802436946e+02	-1.35549159892757e+02	
-1.56539283760289e+02	-1.40372055579414e+02	-1.27885755089322e+02	-1.15374553811676e+02	-1.03164086722476e+02	-9.00332405076090e+01	-7.73936260803305e+01	-6.67901394857748e+01	-7.17593970445621e+01	-7.19762511332845e+01	-6.76578908778242e+01	-5.92228262820411e+01	-7.08625126878936e+01	-7.03785700665327e+01	-6.18257551736719e+01	-6.10259791811172e+01	-5.29511717196759e+01	-4.23529541886246e+01	-3.75671251789142e+01	1.14525691435984e-02	9.14651374573985e-03	-3.56525148056520e+01	2.55793533731618e-03	-4.55287345188473e+01	-5.68833939713873e+01	-6.19033452466076e+01	-6.65018545544712e+01	-3.00751081932188e-02	-6.92193186401932e+01	-6.67310194838054e+01	-6.67754097082202e+01	-6.66906326493604e+01	-6.66666656882861e+01	-7.37393005470688e+01	-8.90999717144398e+01	-1.05208421942666e+02	-1.20987160151237e+02	-1.36803571252378e+02	-1.54281831104972e+02	-1.65900510385446e+02	-1.79259337237354e+02	
-1.88340691686917e+02	-1.75704298883109e+02	-1.62605564972426e+02	-1.49441855830027e+02	-1.33926280239929e+02	-1.17923861185408e+02	-1.00992352740227e+02	-8.29095242619202e+01	-6.90775738932381e+01	-7.13288139044846e+01	-6.66715338785320e+01	-6.66666656772693e+01	-6.66635148247268e+01	-6.66652368139511e+01	-6.66505519745317e+01	-6.64870310734726e+01	-6.03041832510485e+01	-5.31746803702833e+01	-4.81463495475632e+01	-4.38294739085836e+01	-4.47856392563228e+01	-5.01927885697757e+01	-5.24385906616889e+01	-5.68474360555891e+01	-6.66090514568257e+01	-6.61504849404957e+01	-6.66665355126067e+01	-6.66771932162359e+01	-6.66897264576641e+01	-6.66667407431078e+01	-6.41765329802108e+01	-6.66897768853970e+01	-8.34931724404863e+01	-9.90757742465850e+01	-1.19170131799588e+02	-1.38977941140065e+02	-1.56348129517974e+02	-1.73159984985021e+02	-1.89605314229954e+02	-2.06237746456371e+02	-2.21857439432641e+02	
-2.23878073793721e+02	-2.10825055531885e+02	-1.96248855128295e+02	-1.80905408056745e+02	-1.64923302737451e+02	-1.48360726857442e+02	-1.29651466537050e+02	-1.09474219471282e+02	-8.79479766076148e+01	-8.15831518452478e+01	-7.40546168595303e+01	-6.67060749875531e+01	-6.66565709274343e+01	-6.66767958907325e+01	-6.66633692720117e+01	-6.66538804383192e+01	-6.66237051455532e+01	-6.00935277868898e+01	-6.66196217678530e+01	-5.46076043345217e+01	-6.65774195100382e+01	-6.65295697650206e+01	-6.66163545462563e+01	-6.66599570827081e+01	-6.66590458770188e+01	-6.66585078075257e+01	-6.66590648891647e+01	-6.66582488302772e+01	-7.07847205935526e+01	-7.09955791041110e+01	-7.12641420778001e+01	-7.78778763698285e+01	-1.04663625248333e+02	-1.28261608500901e+02	-1.50372392053846e+02	-1.71028023682980e+02	-1.89720801797262e+02	-2.08824348351021e+02	-2.30432321323086e+02	-2.52821351108551e+02	-2.53113253500979e+02	
-2.55019366930056e+02	-2.55635780007930e+02	-2.33346121500427e+02	-2.12322999286174e+02	-1.95134771589011e+02	-1.76718610621045e+02	-1.57409886366147e+02	-1.36537629779786e+02	-1.12185187694617e+02	-8.42742271722782e+01	-1.00980339455244e+02	-6.66400044210045e+01	-7.96060620282351e+01	-6.66632439193043e+01	-7.99236292388913e+01	-4.93670112981526e+01	-6.66547164740390e+01	-6.67310123554491e+01	-6.66499475542940e+01	-6.65849746472375e+01	-6.66394119090395e+01	-6.63498591175878e+01	-6.66054874930046e+01	-6.66246794564008e+01	-7.17020512109991e+01	-8.27228817667032e+01	-6.70720797679089e+01	-6.67008106492245e+01	-8.53409918572904e+01	-8.56277433093060e+01	-8.55179585680035e+01	-9.95994575078910e+01	-1.30049322164823e+02	-1.56574251856130e+02	-1.80076828055127e+02	-2.02388335501337e+02	-2.32630847009497e+02	-2.51130656914447e+02	-2.50147262096831e+02	-2.52821351108551e+02	-2.53113253500979e+02	
-2.55019366930056e+02	-2.55635780007930e+02	-2.53617448210818e+02	-2.53895999333525e+02	-2.36876955964526e+02	-2.05674701221143e+02	-1.84455208140026e+02	-1.60817703250903e+02	-1.35088639869475e+02	-1.05138463591838e+02	-7.29124250140024e+01	-9.34058191893986e+01	-8.79389597080998e+01	-6.91073699181271e+01	-6.66657036939873e+01	-6.73088023971395e+01	-6.66643061829561e+01	-6.66560736585668e+01	-6.88868451684677e+01	-6.66104652461448e+01	-6.79619188090067e+01	-6.66668083230839e+01	-6.76790169254533e+01	-6.66805714234305e+01	-7.96201774121912e+01	-8.95612692477922e+01	-9.26118102673933e+01	-6.68480537483992e+01	-9.95212426363168e+01	-9.97947572119411e+01	-1.00037265159209e+02	-1.21917325630908e+02	-1.53394130886397e+02	-1.82527766945807e+02	-2.14487329060950e+02	-2.49244312390120e+02	-2.48654710477795e+02	-2.51130656914447e+02	-2.50147262096831e+02	-2.52821351108551e+02	-2.53113253500979e+02	
-2.55019366930056e+02	-2.55635780007930e+02	-2.53617448210818e+02	-2.53895999333525e+02	-2.52038824893930e+02	-2.52276334160888e+02	-2.19684760446710e+02	-1.86188353594869e+02	-1.57578946978150e+02	-1.26543460239428e+02	-1.06766214277872e+02	-1.05646818244500e+02	-1.02864393523452e+02	-6.68146354180735e+01	-6.67045902385743e+01	-6.66156460660039e+01	-7.56393249757718e+01	-7.57540074618531e+01	-7.20499880194322e+01	-7.15077978918396e+01	-7.06344842278895e+01	-6.68816475055456e+01	-7.66662464570142e+01	-6.69298166404415e+01	-8.72980298642497e+01	-9.57002572811074e+01	-9.85786202369369e+01	-6.66802483469499e+01	-1.04981204812638e+02	-9.96316910807214e+01	-1.13561953539614e+02	-1.45618328573172e+02	-1.81218317308680e+02	-2.43874684226469e+02	-2.45475598494982e+02	-2.49244312390052e+02	-2.48654710477795e+02	-2.51130656914447e+02	-2.50147262096831e+02	-2.52821351108551e+02	-2.53113253500979e+02	
-2.55019366930056e+02	-2.55635780007930e+02	-2.53617448210818e+02	-2.53895999333525e+02	-2.52038824893930e+02	-2.52276334238616e+02	-2.48625210739622e+02	-2.46541100819115e+02	-1.85550762263129e+02	-1.49531157854879e+02	-1.13204216704448e+02	-1.10955342522828e+02	-1.08057416979513e+02	-1.03671907233921e+02	-6.92889579271749e+01	-6.66664108684112e+01	-7.88768535288364e+01	-7.78700948359134e+01	-6.67033060339434e+01	-6.66666213317264e+01	-7.23703487513270e+01	-6.66666440922069e+01	-8.27513481548210e+01	-6.98941777290650e+01	-9.43913897255286e+01	-1.01002424990478e+02	-1.05158957506311e+02	-1.04368817873223e+02	-1.10539023332818e+02	-1.17197448066914e+02	-1.31822626719314e+02	-1.75485253853123e+02	-2.28463582462345e+02	-2.43874684226469e+02	-2.45475598494982e+02	-2.49244312390052e+02	-2.48654710477795e+02	-2.51130656914447e+02	-2.50147262096831e+02	-2.52821351108551e+02	-2.53113253500979e+02	
-2.55019366930056e+02	-2.55635780007930e+02	-2.53617448210818e+02	-2.53895999333525e+02	-2.52038824893930e+02	-2.52276334238616e+02	-2.48625210739622e+02	-2.46541100819115e+02	-2.32056321841787e+02	-1.49531157854879e+02	-1.35791461751323e+02	-1.19889057283860e+02	-1.15865321651553e+02	-1.11115720208183e+02	-1.08158155799036e+02	-1.05114702484882e+02	-8.67781803453481e+01	-8.59610727364767e+01	-9.52496188239354e+01	-8.79423346064888e+01	-8.60090065772367e+01	-8.67851969022436e+01	-9.06450221094111e+01	-1.02425828202478e+02	-1.02116535789863e+02	-1.08828240663143e+02	-1.13606155525411e+02	-1.17984469957045e+02	-1.18409390543528e+02	-1.28618916696447e+02	-1.63072140847253e+02	-2.19088783278786e+02	-2.28463582462345e+02	-2.43874684226469e+02	-2.45475598494982e+02	-2.49244312390052e+02	-2.48654710477795e+02	-2.51130656914447e+02	-2.50147262096831e+02	-2.52821351108551e+02	-2.53113253500979e+02	
-2.55019366930056e+02	-2.55635780007930e+02	-2.53617448210818e+02	-2.53895999333525e+02	-2.52038824893930e+02	-2.52276334238616e+02	-2.48625210739622e+02	-2.46541100819115e+02	-2.32056321841787e+02	-1.49531157854879e+02	-1.68713174143202e+02	-1.31662430922880e+02	-1.27225452771661e+02	-1.23041060785052e+02	-1.17255710260029e+02	-1.12934573156415e+02	-1.12159204597741e+02	-1.08891821334288e+02	-1.03063502554452e+02	-9.54039746941322e+01	-9.35501893489388e+01	-1.00568908085661e+02	-1.04630129657791e+02	-1.10620666798109e+02	-1.17436378739856e+02	-1.21510955679003e+02	-1.25889663725767e+02	-1.30552759704384e+02	-1.33145270495475e+02	-1.34744863534013e+02	-2.01017878146203e+02	-2.19088783278786e+02	-2.28463582462345e+02	-2.43874684226469e+02	-2.45475598494982e+02	-2.49244312390052e+02	-2.48654710477795e+02	-2.51130656914447e+02	-2.50147262096831e+02	-2.52821351108551e+02	-2.53113253500979e+02	
-2.55019366930056e+02	-2.55635780007930e+02	-2.53617448210818e+02	-2.53895999333525e+02	-2.52038824893930e+02	-2.52276334238616e+02	-2.48625210739622e+02	-2.46541100819115e+02	-2.32056321841787e+02	-1.49531157854879e+02	-2.03542246108154e+02	-1.39417289977002e+02	-1.33175819368305e+02	-1.33071145617740e+02	-1.30642122282666e+02	-1.26881603156609e+02	-1.23401516398468e+02	-1.14427903070930e+02	-1.10692143621733e+02	-1.06795277936484e+02	-1.05482463198636e+02	-1.08464185887301e+02	-1.12589969243550e+02	-1.19074763642770e+02	-1.29304086533872e+02	-1.31910556845211e+02	-1.33293642214838e+02	-1.33286818023110e+02	-1.33290600480177e+02	-1.73252918012185e+02	-2.00930984091165e+02	-2.19088783278786e+02	-2.28463582462345e+02	-2.43874684226469e+02	-2.45475598494982e+02	-2.49244312390052e+02	-2.48654710477795e+02	-2.51130656914447e+02	-2.50147262096831e+02	-2.52821351108551e+02	-2.53113253500979e+02	
-2.55019366930056e+02	-2.55635780007930e+02	-2.53617448210818e+02	-2.53895999333525e+02	-2.52038824893930e+02	-2.52276334238616e+02	-2.48625210739622e+02	-2.46541100819115e+02	-2.32056321841787e+02	-1.49531157854879e+02	-2.03542246108154e+02	-1.67150452715162e+02	-1.33327868068729e+02	-1.33332464152488e+02	-1.33328940902810e+02	-1.33324827293800e+02	-1.33330083472000e+02	-1.33304677539369e+02	-1.33289748492490e+02	-1.33333616784234e+02	-1.33330486915686e+02	-1.33333333338426e+02	-1.33333333337532e+02	-1.33333333333153e+02	-1.33327524435198e+02	-1.33327064196317e+02	-1.33333333332902e+02	-1.33332181549031e+02	-1.33333649101673e+02	-1.73252918012185e+02	-2.00930984091165e+02	-2.19088783278786e+02	-2.28463582462345e+02	-2.43874684226469e+02	-2.45475598494982e+02	-2.49244312390052e+02	-2.48654710477795e+02	-2.51130656914447e+02	-2.50147262096831e+02	-2.52821351108551e+02	-2.53113253500979e+02	
-2.55019366930056e+02	-2.55635780007930e+02	-2.53617448210818e+02	-2.53895999333525e+02	-2.52038824893930e+02	-2.52276334238616e+02	-2.48625210739622e+02	-2.46541100819115e+02	-2.32056321841787e+02	-1.49531157854879e+02	-2.03542246108154e+02	-1.67150452715162e+02	-1.33333301469261e+02	-1.33333333318159e+02	-1.33312073856973e+02	-1.33324060896276e+02	-1.33334067108865e+02	-1.33333333333929e+02	-1.33333332457241e+02	-1.33332849079409e+02	-1.33330486915686e+02	-1.33333333338426e+02	-1.33333333337532e+02	-1.33333333333153e+02	-1.33327524435198e+02	-1.33327064196317e+02	-1.33333333332902e+02	-1.33332181549031e+02	-1.33333649101673e+02	-1.73252918012185e+02	-2.00930984091165e+02	-2.19088783278786e+02	-2.28463582462345e+02	-2.43874684226469e+02	-2.45475598494982e+02	-2.49244312390052e+02	-2.48654710477795e+02	-2.51130656914447e+02	-2.50147262096831e+02	-2.52821351108551e+02	-2.53113253500979e+02	
