# Table format: T1D
# table_unit = barA
# axis1_unit = kJ/kg
# axis2_unit = null
# This file was automatically generated by generate_data_files.py
0.1	99
402.02769656093966	50.48346288312568
396.91625800142066	50.42269593305149
391.83826148597626	50.321320840690156
387.0313171577693	50.17934442763178
382.6107880163855	49.99696467483592
378.55960304796764	49.77457885470873
374.8037591353041	49.5127358643878
371.2655096802115	49.21209033693302
367.8809193016337	48.873374258303
364.60129193723253	48.497381474562275
361.3902827250594	48.08495914083402
358.22072481608313	47.63700260541846
355.0721111748694	47.15445197870559
351.92876732271844	46.638289542106854
348.77855965300364	46.0895375849053
345.61198437434797	45.50925646310312
342.4215198382299	44.89854277481272
339.2011604596602	44.258527597178954
335.9460766410194	43.59037475584997
332.65236308013783	42.895279111682655
329.31684986598617	42.17446485658597
325.93695877021247	41.429183814090024
322.5105924974919	40.660713741961395
319.0360482731739	39.87035663482051
315.5119496156503	39.059437024718676
311.9371918480211	38.22930027728699
308.31089809902403	37.3813108805881
304.63238339053305	36.51685072323224
300.9011250170899	35.63731735779058
297.11673786429986	34.74412224505467
293.2789536367425	33.83868897430087
289.387603206067	32.92245145440549
285.44260146955384	31.996852070467753
281.4439339955024	31.063339802147414
277.3916458097657	30.1233682919151
273.28583156995705	29.17839386420414
269.1266263913675	28.22987349190635
264.914197869371	27.279262699382812
260.6487389044246	26.328013399372754
256.33046120768785	25.377571659202598
251.95958938679152	24.429375391994668
247.53635552815064	23.484851968913233
243.06099420511623	22.5454157488298
238.53373785145266	21.612465522179814
233.95481244749286	20.68738186619238
229.32443347248133	19.771524409127146
224.64280208149495	18.866229001646165
219.9101014693285	17.97280479400505
215.12649338680367	17.09253121838658
210.2921147777599	16.226654876403114
205.40707450727064	15.376386332637434
200.471450153606	14.54289681604429
195.4852848385009	13.727314832153333
190.44858407187314	12.93072269030488
185.36131258892195	12.15415295165559
180.2233911590464	11.398584805426479
175.03469334769187	10.664940382877093
169.7952211870247	9.954185316588374
164.50420692497337	9.266803488898919
159.16189928112945	8.603836198672967
153.76777012379657	7.965835414319266
148.32140562781294	7.35338149063083
142.8223234582182	6.766975166633672
137.26996878327216	6.207033948718868
131.6637101327399	5.673888622165561
126.00283509102316	5.167779935690521
120.28654264734891	4.688855477687152
114.51394019125053	4.237166890656152
108.68404207710147	3.8126674418360342
102.79576181748072	3.415209946657098
96.8479065428106	3.044545216228753
90.83917114363878	2.700321085900822
84.76813205164439	2.3820821170399005
78.63324060440908	2.089270069856972
72.43281592553244	1.821225249479323
66.16503723469154	1.5771888297980146
59.82793548166297	1.3563062593621298
53.419384173062255	1.157631849673995
46.93703481002774	0.9801471841527273
40.37886844447748	0.822675311612183
33.74118491631374	0.6841662810791348
27.022040300877293	0.5632788431390627
20.218050620003755	0.4587575635607231
13.32588108422745	0.3692816829435678
6.341933261943709	0.2935095100276054
-0.7376806633950509	0.23009358946174033
-7.917168076237023	0.17769667032826775
-15.201091448914145	0.13500812918734667
-22.59441024485744	0.10076041706745624
-30.10253040457601	0.073745020849463
-37.73136275332591	0.05282736441501838
-45.487391773476546	0.03696003410305588
-53.37775620192265	0.025193708143184796
-61.41034276700286	0.01668521210345834
-69.59389393402236	0.010702221333944136
-77.9381288519719	0.006624291564784195
-86.4538803271014	0.003940117419469751
-95.15644106418803	0.002241273378588198
-104.04963737048178	0.0012122520109508219
0.2	99
403.2224185419224	50.48346288312568
399.2928036855568	50.42269593305149
395.3603251859068	50.321320840690156
391.63838087516507	50.17934442763178
388.23176916933414	49.99696467483592
385.127842114223	49.77457885470873
382.26342440526923	49.5127358643878
379.57181170646186	49.21209033693302
376.99823616661877	48.873374258303
374.5011185236258	48.497381474562275
372.0495386048006	48.08495914083402
369.6204671797271	47.63700260541846
367.19657780036766	47.15445197870559
364.7646652931024	46.638289542106854
362.3145322172501	46.0895375849053
359.8382065587111	45.50925646310312
357.32938777115436	44.89854277481272
354.7830496880158	44.258527597178954
352.1951519013798	43.59037475584997
349.5624269601743	42.895279111682655
346.8822212428733	42.17446485658597
344.152374330685	41.429183814090024
341.37112635654813	40.660713741961395
338.5370459359941	39.87035663482051
335.648973418366	39.059437024718676
332.70597566782493	38.22930027728699
329.7073096112014	37.3813108805881
326.65239251656067	36.51685072323224
323.5407774868622	35.63731735779058
320.3721330300163	34.74412224505467
317.14622584255284	33.83868897430087
313.86290614810315	32.92245145440549
310.5220950841503	31.996852070467753
307.123773542359	31.063339802147414
303.6679727222144	30.1233682919151
300.1547658418429	29.17839386420414
296.58426037575987	28.22987349190635
292.9565912500744	27.279262699382812
289.27191468749595	26.328013399372754
285.53040260434	25.377571659202598
281.7322374792429	24.429375391994668
277.87760762697314	23.484851968913233
273.9667028210546	22.5454157488298
269.9997102170746	21.612465522179814
265.9768105347668	20.68738186619238
261.8981744618187	19.771524409127146
257.7639592462087	18.866229001646165
253.57430544705315	17.97280479400505
249.3293338164086	17.09253121838658
245.0291422867857	16.226654876403114
240.6738030410733	15.376386332637434
236.263359643321	14.54289681604429
231.79782421070703	13.727314832153333
227.2771746085543	12.93072269030488
222.70135165205417	12.15415295165559
218.07025629994914	11.398584805426479
213.38374682724557	10.664940382877093
208.64177894356322	9.954185316588374
203.84368800140828	9.266803488898919
198.98961582472438	8.603836198672967
194.0790779207049	7.965835414319266
189.11167530056318	7.35338149063083
184.08694836734213	6.766975166633672
179.00437371461345	6.207033948718868
173.8633608566803	5.673888622165561
168.6632488897757	5.167779935690521
163.40329886482135	4.688855477687152
158.08269236596706	4.237166890656152
152.7005325280266	3.8126674418360342
147.25583680509624	3.415209946657098
141.7475329199331	3.044545216228753
136.1744546277176	2.700321085900822
130.53533725507265	2.3820821170399005
124.82881296277138	2.089270069856972
119.05340566543713	1.821225249479323
113.20752552249856	1.5771888297980146
107.28946289202872	1.3563062593621298
101.29738161144968	1.157631849673995
95.22922414869768	0.9801471841527273
89.08358932289	0.822675311612183
82.85660003330379	0.6841662810791348
76.54726356039333	0.5632788431390627
70.15252264620231	0.4587575635607231
63.66957630121702	0.3692816829435678
57.09541097547916	0.2935095100276054
50.42677802565653	0.23009358946174033
43.66016685275238	0.17769667032826775
36.7917728832067	0.13500812918734667
29.817459481665747	0.10076041706745624
22.7327128387036	0.073745020849463
15.53258891710178	0.05282736441501838
8.211651723560438	0.03696003410305588
0.7639026192397114	0.025193708143184796
-6.817298731309073	0.01668521210345834
-14.539319543961803	0.010702221333944136
-22.410339504615262	0.006624291564784195
-30.43943097477554	0.003940117419469751
-38.642252721862214	0.002241273378588198
-47.01279096229895	0.0012122520109508219
0.3	99
404.4171405229052	50.48346288312568
401.66934936969295	50.42269593305149
398.8823888858373	50.321320840690156
396.2454445925608	50.17934442763178
393.8527503222829	49.99696467483592
391.6960811804783	49.77457885470873
389.7230896752342	49.5127358643878
387.8781137327122	49.21209033693302
386.1155530316038	48.873374258303
384.400945110019	48.497381474562275
382.7087944845418	48.08495914083402
381.020209543371	47.63700260541846
379.3210444258659	47.15445197870559
377.60056326348626	46.638289542106854
375.85050478149657	46.0895375849053
374.0644287430741	45.50925646310312
372.2372557040788	44.89854277481272
370.36493891637144	44.258527597178954
368.4442271617403	43.59037475584997
366.47249084021087	42.895279111682655
364.4475926197604	42.17446485658597
362.3677898911575	41.429183814090024
360.2316602156043	40.660713741961395
358.03804359881434	39.87035663482051
355.7859972210816	39.059437024718676
353.47475948762883	38.22930027728699
351.1037211233787	37.3813108805881
348.6724016425884	36.51685072323224
346.18042995663455	35.63731735779058
343.62752819573285	34.74412224505467
341.0134980483632	33.83868897430087
338.3382090901392	32.92245145440549
335.6015886987468	31.996852070467753
332.8036130892156	31.063339802147414
329.94429963466314	30.1233682919151
327.02370011372875	29.17839386420414
324.0418943601522	28.22987349190635
320.99898463077784	27.279262699382812
317.89509047056737	26.328013399372754
314.73034400099226	25.377571659202598
311.50488557169433	24.429375391994668
308.2188597257956	23.484851968913233
304.8724114369928	22.5454157488298
301.46568258269656	21.612465522179814
297.9988086220407	20.68738186619238
294.47191545115606	19.771524409127146
290.8851164109224	18.866229001646165
287.23850942477765	17.97280479400505
283.5321742460135	17.09253121838658
279.76616979581155	16.226654876403114
275.940531574876	15.376386332637434
272.055269133036	14.54289681604429
268.1103635829131	13.727314832153333
264.10576514523547	12.93072269030488
260.04139071518637	12.15415295165559
255.91712144085182	11.398584805426479
251.73280030679925	10.664940382877093
247.4883367001018	9.954185316588374
243.18316907784316	9.266803488898919
238.81733236831934	8.603836198672967
234.39038571761316	7.965835414319266
229.90194497331342	7.35338149063083
225.35157327646596	6.766975166633672
220.73877864595468	6.207033948718868
216.06301158062067	5.673888622165561
211.32366268852826	5.167779935690521
206.52005508229382	4.688855477687152
201.6514445406836	4.237166890656152
196.71702297895177	3.8126674418360342
191.71591179271178	3.415209946657098
186.64715929705557	3.044545216228753
181.50973811179645	2.700321085900822
176.3025424585009	2.3820821170399005
171.02438532113368	2.089270069856972
165.67399540534183	1.821225249479323
160.25001381030552	1.5771888297980146
154.75099030239443	1.3563062593621298
149.17537904983703	1.157631849673995
143.52141348736757	0.9801471841527273
137.7883102013026	0.822675311612183
131.97201515029383	0.6841662810791348
126.07248681990936	0.5632788431390627
120.08699467240083	0.4587575635607231
114.01327151820655	0.3692816829435678
107.84888868901463	0.2935095100276054
101.59123671470809	0.23009358946174033
95.23750178174177	0.17769667032826775
88.78463721532754	0.13500812918734667
82.22932920818889	0.10076041706745624
75.56795608198321	0.073745020849463
68.79654058752949	0.05282736441501838
61.91069522059739	0.03696003410305588
54.905561440402096	0.025193708143184796
47.77574530438469	0.01668521210345834
40.51525484609871	0.010702221333944136
33.11744984274145	0.006624291564784195
25.57501837755023	0.003940117419469751
17.871935620463624	0.002241273378588198
10.02405544588391	0.0012122520109508219
0.4	99
405.6118625038879	50.48346288312568
404.04589505382904	50.42269593305149
402.4044525857679	50.321320840690156
400.85250830995653	50.17934442763178
399.47373147523166	49.99696467483592
398.2643202467337	49.77457885470873
397.18275494519924	49.5127358643878
396.1844157589626	49.21209033693302
395.23286989658885	48.873374258303
394.3007716964122	48.497381474562275
393.3680503642829	48.08495914083402
392.4199519070149	47.63700260541846
391.44551105136424	47.15445197870559
390.4364612338702	46.638289542106854
389.3864773457431	46.0895375849053
388.2906509274372	45.50925646310312
387.1451236370033	44.89854277481272
385.946828144727	44.258527597178954
384.69330242210077	43.59037475584997
383.3825547202474	42.895279111682655
382.0129639966476	42.17446485658597
380.58320545163	41.429183814090024
379.09219407466054	40.660713741961395
377.5390412616346	39.87035663482051
375.9230210237973	39.059437024718676
374.2435433074326	38.22930027728699
372.50013263555604	37.3813108805881
370.6924107686161	36.51685072323224
368.8200824264069	35.63731735779058
366.88292336144934	34.74412224505467
364.8807702541735	33.83868897430087
362.8135120321753	32.92245145440549
360.68108231334327	31.996852070467753
358.48345263607223	31.063339802147414
356.220626547112	30.1233682919151
353.89263438561466	29.17839386420414
351.4995283445445	28.22987349190635
349.0413780114813	27.279262699382812
346.5182662536387	26.328013399372754
343.9302853976444	25.377571659202598
341.2775336641457	24.429375391994668
338.56011182461805	23.484851968913233
335.77812005293123	22.5454157488298
332.9316549483185	21.612465522179814
330.0208067093146	20.68738186619238
327.04565644049353	19.771524409127146
324.0062735756362	18.866229001646165
320.90271340250223	17.97280479400505
317.73501467561846	17.09253121838658
314.50319730483733	16.226654876403114
311.2072601086787	15.376386332637434
307.847178622751	14.54289681604429
304.42290295511924	13.727314832153333
300.9343556819167	12.93072269030488
297.38142977831853	12.15415295165559
293.7639865817545	11.398584805426479
290.08185378635295	10.664940382877093
286.3348944566403	9.954185316588374
282.5226501542781	9.266803488898919
278.6450489119143	8.603836198672967
274.70169351452154	7.965835414319266
270.69221464606375	7.35338149063083
266.61619818558984	6.766975166633672
262.47318357729597	6.207033948718868
258.26266230456105	5.673888622165561
253.98407648728082	5.167779935690521
249.63681129976624	4.688855477687152
245.2201967154001	4.237166890656152
240.73351342987695	3.8126674418360342
236.17598678032732	3.415209946657098
231.54678567417804	3.044545216228753
226.84502159587532	2.700321085900822
222.06974766192926	2.3820821170399005
217.21995767949602	2.089270069856972
212.29458514524651	1.821225249479323
207.29250209811252	1.5771888297980146
202.2125177127602	1.3563062593621298
197.05337648822453	1.157631849673995
191.81360282603754	0.9801471841527273
186.4930310797152	0.822675311612183
181.08743026728388	0.6841662810791348
175.59771007942547	0.5632788431390627
170.02146669859943	0.4587575635607231
164.3569667351961	0.3692816829435678
158.60236640255008	0.2935095100276054
152.7556954037597	0.23009358946174033
146.8148367107312	0.17769667032826775
140.7775015474484	0.13500812918734667
134.6411989347121	0.10076041706745624
128.40319932526282	0.073745020849463
122.06049225795718	0.05282736441501838
115.60973871763444	0.03696003410305588
109.04722026156448	0.025193708143184796
102.36878934007852	0.01668521210345834
95.56982923615932	0.010702221333944136
88.64523919009807	0.006624291564784195
81.58946772987618	0.003940117419469751
74.3861239627894	0.002241273378588198
67.06090185406673	0.0012122520109508219
0.5	99
406.8065844848707	50.48346288312568
406.42244073796525	50.42269593305149
405.9265162856984	50.321320840690156
405.4595720273523	50.17934442763178
405.09471262818033	49.99696467483592
404.832559312989	49.77457885470873
404.64242021516424	49.5127358643878
404.4907177852129	49.21209033693302
404.35018676157387	48.873374258303
404.20059828280534	48.497381474562275
404.02730624402415	48.08495914083402
403.81969427065883	47.63700260541846
403.5699776768625	47.15445197870559
403.2723592042541	46.638289542106854
402.92244990998967	46.0895375849053
402.5168731118003	45.50925646310312
402.0529915699277	44.89854277481272
401.5287173730827	44.258527597178954
400.94237768246126	43.59037475584997
400.29261860028384	42.895279111682655
399.57833537353474	42.17446485658597
398.79862101210244	41.429183814090024
397.9527279337167	40.660713741961395
397.0400389244549	39.87035663482051
396.0600448265129	39.059437024718676
395.0123271272364	38.22930027728699
393.89654414773344	37.3813108805881
392.7124198946438	36.51685072323224
391.4597348961792	35.63731735779058
390.13831852716584	34.74412224505467
388.74804245998376	33.83868897430087
387.28881497421133	32.92245145440549
385.76057592793967	31.996852070467753
384.1632921829289	31.063339802147414
382.49695345956064	30.1233682919151
380.76156865750045	29.17839386420414
378.9571623289368	28.22987349190635
377.0837713921848	27.279262699382812
375.1414420367101	26.328013399372754
373.1302267942966	25.377571659202598
371.05018175659706	24.429375391994668
368.9013639234405	23.484851968913233
366.6838286688696	22.5454157488298
364.39762731394046	21.612465522179814
362.0428047965886	20.68738186619238
359.61939742983094	19.771524409127146
357.12743074034995	18.866229001646165
354.56691738022676	17.97280479400505
351.9378551052233	17.09253121838658
349.2402248138632	16.226654876403114
346.4739886424814	15.376386332637434
343.63908811246597	14.54289681604429
340.7354423273254	13.727314832153333
337.76294621859773	12.93072269030488
334.7214688414508	12.15415295165559
331.61085172265723	11.398584805426479
328.4309072659066	10.664940382877093
325.1814522131788	9.954185316588374
321.862131230713	9.266803488898919
318.4727654555092	8.603836198672967
315.01300131142983	7.965835414319266
311.48248431881393	7.35338149063083
307.88082309471366	6.766975166633672
304.2075885086373	6.207033948718868
300.4623130285014	5.673888622165561
296.6444902860334	5.167779935690521
292.75356751723876	4.688855477687152
288.7889488901166	4.237166890656152
284.7500038808021	3.8126674418360342
280.636061767943	3.415209946657098
276.4464120513005	3.044545216228753
272.18030507995417	2.700321085900822
267.8369528653575	2.3820821170399005
263.4155300378582	2.089270069856972
258.91517488515126	1.821225249479323
254.33499038591955	1.5771888297980146
249.67404512312592	1.3563062593621298
244.93137392661197	1.157631849673995
240.10579216470748	0.9801471841527273
235.19775195812767	0.822675311612183
230.20284538427393	0.6841662810791348
225.12293333894155	0.5632788431390627
219.95593872479796	0.4587575635607231
214.70066195218564	0.3692816829435678
209.35584411608548	0.2935095100276054
203.92015409281134	0.23009358946174033
198.39217163972057	0.17769667032826775
192.77036587956914	0.13500812918734667
187.05306866123527	0.10076041706745624
181.2384425685424	0.073745020849463
175.32444392838488	0.05282736441501838
169.30878221467137	0.03696003410305588
163.1888790827268	0.025193708143184796
156.96183337577241	0.01668521210345834
150.62440362621987	0.010702221333944136
144.17302853745474	0.006624291564784195
137.60391708220203	0.003940117419469751
130.90031230511528	0.002241273378588198
124.09774826224961	0.0012122520109508219
0.6	99
408.0013064658535	50.48346288312568
408.7989864221014	50.42269593305149
409.44857998562895	50.321320840690156
410.06663574474806	50.17934442763178
410.71569378112906	49.99696467483592
411.4007983792443	49.77457885470873
412.1020854851293	49.5127358643878
412.79701981146326	49.21209033693302
413.46750362655894	48.873374258303
414.10042486919855	48.497381474562275
414.6865621237652	48.08495914083402
415.2194366343027	47.63700260541846
415.6944443023608	47.15445197870559
416.108257174638	46.638289542106854
416.4584224742361	46.0895375849053
416.74309529616335	45.50925646310312
416.96085950285214	44.89854277481272
417.1106066014383	44.258527597178954
417.1914529428217	43.59037475584997
417.20268248032045	42.895279111682655
417.143706750422	42.17446485658597
417.014036572575	41.429183814090024
416.81326179277283	40.660713741961395
416.541036587275	39.87035663482051
416.1970686292287	39.059437024718676
415.7811109470403	38.22930027728699
415.2929556599107	37.3813108805881
414.7324290206715	36.51685072323224
414.0993873659516	35.63731735779058
413.39371369288233	34.74412224505467
412.61531466579413	33.83868897430087
411.76411791624747	32.92245145440549
410.8400695425361	31.996852070467753
409.8431317297854	31.063339802147414
408.7732803720095	30.1233682919151
407.63050292938635	29.17839386420414
406.4147963133291	28.22987349190635
405.1261647728883	27.279262699382812
403.76461781978145	26.328013399372754
402.33016819094877	25.377571659202598
400.8228298490484	24.429375391994668
399.2426160222629	23.484851968913233
397.5895372848078	22.5454157488298
395.86359967956236	21.612465522179814
394.06480288386257	20.68738186619238
392.1931384191683	19.771524409127146
390.2485879050637	18.866229001646165
388.2311213579514	17.97280479400505
386.1406955348283	17.09253121838658
383.97725232288894	16.226654876403114
381.7407171762841	15.376386332637434
379.430997602181	14.54289681604429
377.04798169953153	13.727314832153333
374.591536755279	12.93072269030488
372.0615079045829	12.15415295165559
369.4577168635601	11.398584805426479
366.77996074546036	10.664940382877093
364.02800996971735	9.954185316588374
361.20161230714785	9.266803488898919
358.30048199910414	8.603836198672967
355.3243091083381	7.965835414319266
352.27275399156423	7.35338149063083
349.14544800383766	6.766975166633672
345.94199343997855	6.207033948718868
342.66196375244186	5.673888622165561
339.3049040847859	5.167779935690521
335.8703237347112	4.688855477687152
332.3577010648331	4.237166890656152
328.7664943317272	3.8126674418360342
325.09613675555846	3.415209946657098
321.34603842842307	3.044545216228753
317.51558856403284	2.700321085900822
313.60415806878586	2.3820821170399005
309.61110239622064	2.089270069856972
305.5357646250559	1.821225249479323
301.3774786737265	1.5771888297980146
297.13557253349165	1.3563062593621298
292.8093713649993	1.157631849673995
288.39798150337737	0.9801471841527273
283.9024728365402	0.822675311612183
279.318260501264	0.6841662810791348
274.6481565984575	0.5632788431390627
269.89041075099647	0.4587575635607231
265.04435716917516	0.3692816829435678
260.1093218296209	0.2935095100276054
255.0846127818629	0.23009358946174033
249.9695065687099	0.17769667032826775
244.76323021168992	0.13500812918734667
239.46493838775845	0.10076041706745624
234.07368581182206	0.073745020849463
228.58839559881253	0.05282736441501838
223.00782571170828	0.03696003410305588
217.33053790388914	0.025193708143184796
211.55487741146615	0.01668521210345834
205.67897801628033	0.010702221333944136
199.7008178848115	0.006624291564784195
193.61836643452773	0.003940117419469751
187.41450064744112	0.002241273378588198
181.1345946704325	0.0012122520109508219
0.7	99
409.1960284468362	50.48346288312568
411.17553210623754	50.42269593305149
412.97064368555954	50.321320840690156
414.6736994621438	50.17934442763178
416.33667493407785	49.99696467483592
417.9690374454996	49.77457885470873
419.5617507550943	49.5127358643878
421.1033218377137	49.21209033693302
422.58482049154395	48.873374258303
424.0002514555917	48.497381474562275
425.34581800350645	48.08495914083402
426.61917899794656	47.63700260541846
427.81891092785906	47.15445197870559
428.9441551450219	46.638289542106854
429.99439503848254	46.0895375849053
430.96931748052646	45.50925646310312
431.8687274357766	44.89854277481272
432.6924958297939	44.258527597178954
433.44052820318217	43.59037475584997
434.11274636035694	42.895279111682655
434.70907812730917	42.17446485658597
435.22945213304746	41.429183814090024
435.6737956518291	40.660713741961395
436.0420342500953	39.87035663482051
436.33409243194427	39.059437024718676
436.5498947668441	38.22930027728699
436.68936717208805	37.3813108805881
436.75243814669915	36.51685072323224
436.73903983572393	35.63731735779058
436.6491088585989	34.74412224505467
436.48258687160444	33.83868897430087
436.23942085828355	32.92245145440549
435.9195631571326	31.996852070467753
435.52297127664207	31.063339802147414
435.0496072844582	30.1233682919151
434.49943720127214	29.17839386420414
433.8724302977214	28.22987349190635
433.16855815359173	27.279262699382812
432.3877936028528	26.328013399372754
431.530109587601	25.377571659202598
430.5954779414999	24.429375391994668
429.58386812108535	23.484851968913233
428.4952459007462	22.5454157488298
427.32957204518436	21.612465522179814
426.0868009711364	20.68738186619238
424.7668794085057	19.771524409127146
423.3697450697774	18.866229001646165
421.89532533567586	17.97280479400505
420.3435359644331	17.09253121838658
418.71427983191484	16.226654876403114
417.0074457100868	15.376386332637434
415.22290709189593	14.54289681604429
413.36052107173776	13.727314832153333
411.4201272919602	12.93072269030488
409.40154696771515	12.15415295165559
407.30458200446265	11.398584805426479
405.1290142250141	10.664940382877093
402.87456772625586	9.954185316588374
400.5410933835828	9.266803488898919
398.1281985426992	8.603836198672967
395.6356169052465	7.965835414319266
393.0630236643144	7.35338149063083
390.4100729129615	6.766975166633672
387.6763983713198	6.207033948718868
384.8616144763823	5.673888622165561
381.96531788353843	5.167779935690521
378.9870799521836	4.688855477687152
375.92645323954963	4.237166890656152
372.7829847826524	3.8126674418360342
369.55621174317395	3.415209946657098
366.2456648055455	3.044545216228753
362.8508720481118	2.700321085900822
359.37136327221396	2.3820821170399005
355.80667475458284	2.089270069856972
352.15635436496063	1.821225249479323
348.41996696153353	1.5771888297980146
344.5970999438574	1.3563062593621298
340.6873688033868	1.157631849673995
336.69017084204734	0.9801471841527273
332.6071937149528	0.822675311612183
328.4336756182539	0.6841662810791348
324.1733798579736	0.5632788431390627
319.82488277719506	0.4587575635607231
315.3880523861647	0.3692816829435678
310.8627995431564	0.2935095100276054
306.2490714709145	0.23009358946174033
301.5468414976993	0.17769667032826775
296.75609454381083	0.13500812918734667
291.87680811428163	0.10076041706745624
286.9089290551016	0.073745020849463
281.8523472692403	0.05282736441501838
276.7068692087453	0.03696003410305588
271.4721967250515	0.025193708143184796
266.14792144715994	0.01668521210345834
260.7335524063409	0.010702221333944136
255.2286072321681	0.006624291564784195
249.63281578685363	0.003940117419469751
243.9286889897668	0.002241273378588198
238.17144107861532	0.0012122520109508219
0.8	99
410.39075042781894	50.48346288312568
413.55207779037363	50.42269593305149
416.49270738549006	50.321320840690156
419.2807631795396	50.17934442763178
421.95765608702646	49.99696467483592
424.53727651175495	49.77457885470873
427.0214160250593	49.5127358643878
429.40962386396404	49.21209033693302
431.702137356529	48.873374258303
433.90007804198495	48.497381474562275
436.00507388324763	48.08495914083402
438.0189213615905	47.63700260541846
439.94337755335727	47.15445197870559
441.7800531154059	46.638289542106854
443.5303676027292	46.0895375849053
445.19553966488957	45.50925646310312
446.776595368701	44.89854277481272
448.27438505814956	44.258527597178954
449.68960346354265	43.59037475584997
451.0228102403934	42.895279111682655
452.27444950419635	42.17446485658597
453.44486769352005	41.429183814090024
454.5343295108853	40.660713741961395
455.5430319129155	39.87035663482051
456.4711162346599	39.059437024718676
457.3186785866481	38.22930027728699
458.08577868426545	37.3813108805881
458.7724472727269	36.51685072323224
459.37869230549626	35.63731735779058
459.9045040243154	34.74412224505467
460.3498590774148	33.83868897430087
460.7147238003196	32.92245145440549
460.99905677172904	31.996852070467753
461.2028108234987	31.063339802147414
461.325934196907	30.1233682919151
461.3683714731581	29.17839386420414
461.3300642821137	28.22987349190635
461.2109515342952	27.279262699382812
461.0109693859243	26.328013399372754
460.7300509842532	25.377571659202598
460.36812603395134	24.429375391994668
459.9251202199079	23.484851968913233
459.4009545166845	22.5454157488298
458.7955444108063	21.612465522179814
458.10879905841045	20.68738186619238
457.3406203978431	19.771524409127146
456.4909022344912	18.866229001646165
455.5595293134005	17.97280479400505
454.5463763940381	17.09253121838658
453.4513073409406	16.226654876403114
452.2741742438895	15.376386332637434
451.0148165816111	14.54289681604429
449.6730604439438	13.727314832153333
448.2487178286414	12.93072269030488
446.7415860308474	12.15415295165559
445.1514471453654	11.398584805426479
443.4780677045678	10.664940382877093
441.7211254827944	9.954185316588374
439.8805744600177	9.266803488898919
437.9559150862941	8.603836198672967
435.9469247021548	7.965835414319266
433.8532933370647	7.35338149063083
431.6746978220854	6.766975166633672
429.4108033026611	6.207033948718868
427.0612652003227	5.673888622165561
424.6257316822911	5.167779935690521
422.10383616965606	4.688855477687152
419.4952054142662	4.237166890656152
416.7994752335776	3.8126674418360342
414.0162867307895	3.415209946657098
411.145291182668	3.044545216228753
408.1861555321906	2.700321085900822
405.13856847564233	2.3820821170399005
402.00224711294527	2.089270069856972
398.7769441048654	1.821225249479323
395.46245524934056	1.5771888297980146
392.0586273542232	1.3563062593621298
388.5653662417743	1.157631849673995
384.9823601807172	0.9801471841527273
381.3119145933654	0.822675311612183
377.5490907352441	0.6841662810791348
373.69860311748977	0.5632788431390627
369.7593548033936	0.4587575635607231
365.7317476031543	0.3692816829435678
361.61627725669183	0.2935095100276054
357.41353015996594	0.23009358946174033
353.12417642668885	0.17769667032826775
348.7489588759317	0.13500812918734667
344.28867784080484	0.10076041706745624
339.7441722983813	0.073745020849463
335.116298939668	0.05282736441501838
330.4059127057823	0.03696003410305588
325.613855546214	0.025193708143184796
320.74096548285377	0.01668521210345834
315.7881267964015	0.010702221333944136
310.7563965795247	0.006624291564784195
305.6472651391795	0.003940117419469751
300.44287733209273	0.002241273378588198
295.20828748679816	0.0012122520109508219
0.9	99
411.5854724088017	50.48346288312568
415.9286234745097	50.42269593305149
420.0147710854206	50.321320840690156
423.88782689693534	50.17934442763178
427.5786372399752	49.99696467483592
431.1055155780103	49.77457885470873
434.4810812950243	49.5127358643878
437.7159258902144	49.21209033693302
440.81945422151404	48.873374258303
443.79990462837804	48.497381474562275
446.66432976298876	48.08495914083402
449.4186637252344	47.63700260541846
452.0678441788556	47.15445197870559
454.6159510857898	46.638289542106854
457.0663401669756	46.0895375849053
459.4217618492527	45.50925646310312
461.68446330162544	44.89854277481272
463.8562742865052	44.258527597178954
465.9386787239031	43.59037475584997
467.93287412043	42.895279111682655
469.8398208810835	42.17446485658597
471.6602832539925	41.429183814090024
473.39486336994156	40.660713741961395
475.0440295757358	39.87035663482051
476.6081400373756	39.059437024718676
478.08746240645183	38.22930027728699
479.4821901964428	37.3813108805881
480.7924563987545	36.51685072323224
482.0183447752686	35.63731735779058
483.15989919003187	34.74412224505467
484.21713128322506	33.83868897430087
485.19002674235566	32.92245145440549
486.07855038632545	31.996852070467753
486.8826503703553	31.063339802147414
487.6022611093557	30.1233682919151
488.2373057450439	29.17839386420414
488.7876982665061	28.22987349190635
489.2533449149987	27.279262699382812
489.6341451689956	26.328013399372754
489.9299923809054	25.377571659202598
490.1407741264027	24.429375391994668
490.26637231873036	23.484851968913233
490.3066631326229	22.5454157488298
490.2615167764283	21.612465522179814
490.13079714568437	20.68738186619238
489.9143613871805	19.771524409127146
489.6120593992049	18.866229001646165
489.2237332911251	17.97280479400505
488.74921682364305	17.09253121838658
488.1883348499665	16.226654876403114
487.5409027776921	15.376386332637434
486.80672607132607	14.54289681604429
485.98559981614994	13.727314832153333
485.07730836532255	12.93072269030488
484.08162509397965	12.15415295165559
482.9983122862682	11.398584805426479
481.8271211841215	10.664940382877093
480.56768323933295	9.954185316588374
479.2200555364526	9.266803488898919
477.78363162988904	8.603836198672967
476.2582324990631	7.965835414319266
474.643563009815	7.35338149063083
472.9393227312093	6.766975166633672
471.14520823400227	6.207033948718868
469.26091592426303	5.673888622165561
467.28614548104355	5.167779935690521
465.2205923871285	4.688855477687152
463.0639575889827	4.237166890656152
460.8159656845027	3.8126674418360342
458.4763617184051	3.415209946657098
456.04491755979046	3.044545216228753
453.52143901626954	2.700321085900822
450.9057736790707	2.3820821170399005
448.1978194713076	2.089270069856972
445.39753384477007	1.821225249479323
442.5049435371476	1.5771888297980146
439.5201547645889	1.3563062593621298
436.4433636801616	1.157631849673995
433.27454951938716	0.9801471841527273
430.0166354717779	0.822675311612183
426.66450585223413	0.6841662810791348
423.2238263770057	0.5632788431390627
419.69382682959224	0.4587575635607231
416.0754428201439	0.3692816829435678
412.3697549702272	0.2935095100276054
408.57798884901763	0.23009358946174033
404.7015113556781	0.17769667032826775
400.74182320805244	0.13500812918734667
396.700547567328	0.10076041706745624
392.5794155416609	0.073745020849463
388.3802506100955	0.05282736441501838
384.1049562028193	0.03696003410305588
379.75551436737635	0.025193708143184796
375.33400951854753	0.01668521210345834
370.8427011864622	0.010702221333944136
366.2841859268813	0.006624291564784195
361.6617144915052	0.003940117419469751
356.95706567441863	0.002241273378588198
352.245133894981	0.0012122520109508219
