# Table format: 1D
# AnglePCyl 	PCyl_raw
0  1.01347
0.25  1.01381
0.45  1.01416
0.65  1.01452
0.85  1.0149
1.05  1.01528
1.25  1.01567
1.45  1.01606
1.65  1.01646
1.85  1.01686
2.05  1.01727
2.25  1.01769
2.45  1.01812
2.65  1.01857
2.85  1.01903
3.05  1.01952
3.25  1.02003
3.45  1.02056
3.65  1.02111
3.85  1.02168
4.05  1.02226
4.25  1.02285
4.45  1.02345
4.65  1.02403
4.85  1.0246
5.05  1.02514
5.25  1.02564
5.45  1.0261
5.65  1.02651
5.85  1.02686
6.05  1.02714
6.25  1.02735
6.45  1.0275
6.65  1.02759
6.85  1.0276
7.05  1.02756
7.25  1.02746
7.45  1.0273
7.65  1.0271
7.85  1.02685
8.05  1.02655
8.25  1.02622
8.45  1.02584
8.65  1.02542
8.85  1.02496
9.05  1.02444
9.25  1.02388
9.45  1.02326
9.65  1.02257
9.85  1.02182
10.05  1.02098
10.25  1.02006
10.45  1.01905
10.65  1.01793
10.85  1.01672
11.05  1.01539
11.25  1.01395
11.45  1.0124
11.65  1.01073
11.85  1.00894
12.05  1.00704
12.25  1.00503
12.45  1.0029
12.65  1.00066
12.85  0.998325
13.05  0.995885
13.25  0.993347
13.45  0.990713
13.65  0.987984
13.85  0.985158
14.05  0.982233
14.25  0.979204
14.45  0.976061
14.65  0.972797
14.85  0.969397
15.05  0.965848
15.25  0.962133
15.45  0.958237
15.65  0.954141
15.85  0.94983
16.05  0.945286
16.25  0.940496
16.45  0.93545
16.65  0.93014
16.85  0.92456
17.05  0.918712
17.25  0.912599
17.45  0.906229
17.65  0.899613
17.85  0.892768
18.05  0.885709
18.25  0.878458
18.45  0.871033
18.65  0.863456
18.85  0.855748
19.05  0.847925
19.25  0.840005
19.45  0.832003
19.65  0.823929
19.85  0.815792
20.05  0.807597
20.25  0.799347
20.45  0.791042
20.65  0.782682
20.85  0.774264
21.05  0.765783
21.25  0.757237
21.45  0.748622
21.65  0.739934
21.85  0.731172
22.05  0.722335
22.25  0.713424
22.45  0.70444
22.65  0.695387
22.85  0.686269
23.05  0.677092
23.25  0.667862
23.45  0.658586
23.65  0.649272
23.85  0.639928
24.05  0.630562
24.25  0.621183
24.45  0.611801
24.65  0.602424
24.85  0.593062
25.05  0.583726
25.25  0.574426
25.45  0.565173
25.65  0.555979
25.85  0.546856
26.05  0.537815
26.25  0.528869
26.45  0.520029
26.65  0.511309
26.85  0.502718
27.05  0.494269
27.25  0.485971
27.45  0.477833
27.65  0.469865
27.85  0.462074
28.05  0.454466
28.25  0.447048
28.45  0.439823
28.65  0.432796
28.85  0.425969
29.05  0.419347
29.25  0.41293
29.45  0.406721
29.65  0.40072
29.85  0.394929
30.05  0.389348
30.25  0.383978
30.45  0.37882
30.65  0.373874
30.85  0.36914
31.05  0.36462
31.25  0.360315
31.45  0.356227
31.65  0.352358
31.85  0.34871
32.05  0.345287
32.25  0.342094
32.45  0.339133
32.65  0.336411
32.85  0.333932
33.05  0.3317
33.25  0.329719
33.45  0.327992
33.65  0.326521
33.85  0.325305
34.05  0.324342
34.25  0.323627
34.45  0.323152
34.65  0.322907
34.85  0.32288
35.05  0.323054
35.25  0.323413
35.45  0.323938
35.65  0.324608
35.85  0.325404
36.05  0.326305
36.25  0.327293
36.45  0.328349
36.65  0.32946
36.85  0.330611
37.05  0.331794
37.25  0.333001
37.45  0.334229
37.65  0.335475
37.85  0.336742
38.05  0.338032
38.25  0.339349
38.45  0.340698
38.65  0.342084
38.85  0.343512
39.05  0.344985
39.25  0.346507
39.45  0.34808
39.65  0.349702
39.85  0.351372
40.05  0.353088
40.25  0.354847
40.45  0.356643
40.65  0.358472
40.85  0.360329
41.05  0.362209
41.25  0.364107
41.45  0.36602
41.65  0.367944
41.85  0.369877
42.05  0.371814
42.25  0.373756
42.45  0.375698
42.65  0.377638
42.85  0.379574
43.05  0.381501
43.25  0.383415
43.45  0.385311
43.65  0.387183
43.85  0.389025
44.05  0.39083
44.25  0.39259
44.45  0.394299
44.65  0.39595
44.85  0.397537
45.05  0.399055
45.25  0.400499
45.45  0.401867
45.65  0.403156
45.85  0.404365
46.05  0.405494
46.25  0.406543
46.45  0.407514
46.65  0.408406
46.85  0.409222
47.05  0.409963
47.25  0.410628
47.45  0.41122
47.65  0.411736
47.85  0.412178
48.05  0.412545
48.25  0.412836
48.45  0.413051
48.65  0.413189
48.85  0.413252
49.05  0.413241
49.25  0.413156
49.45  0.413
49.65  0.412777
49.85  0.412489
50.05  0.412139
50.25  0.411732
50.45  0.411271
50.65  0.410758
50.85  0.410195
51.05  0.409585
51.25  0.408927
51.45  0.408221
51.65  0.407466
51.85  0.40666
52.05  0.405802
52.25  0.404889
52.45  0.403919
52.65  0.402891
52.85  0.401805
53.05  0.400662
53.25  0.399462
53.45  0.398211
53.65  0.396911
53.85  0.39557
54.05  0.394195
54.25  0.392793
54.45  0.391374
54.65  0.389945
54.85  0.388516
55.05  0.387095
55.25  0.385688
55.45  0.384302
55.65  0.382942
55.85  0.381611
56.05  0.380311
56.25  0.379041
56.45  0.377803
56.65  0.376593
56.85  0.37541
57.05  0.374249
57.25  0.373108
57.45  0.371982
57.65  0.37087
57.85  0.369768
58.05  0.368675
58.25  0.367589
58.45  0.36651
58.65  0.36544
58.85  0.364378
59.05  0.363329
59.25  0.362295
59.45  0.36128
59.65  0.360287
59.85  0.359322
60.05  0.358389
60.25  0.357491
60.45  0.356633
60.65  0.355818
60.85  0.355049
61.05  0.354329
61.25  0.353659
61.45  0.353041
61.65  0.352473
61.85  0.351957
62.05  0.351492
62.25  0.351076
62.45  0.350709
62.65  0.350389
62.85  0.350116
63.05  0.34989
63.25  0.349711
63.45  0.349579
63.65  0.349497
63.85  0.349466
64.05  0.349489
64.25  0.349569
64.45  0.349708
64.65  0.349909
64.85  0.350173
65.05  0.350499
65.25  0.350887
65.45  0.351332
65.65  0.351831
65.85  0.352375
66.05  0.352955
66.25  0.35356
66.45  0.354179
66.65  0.354798
66.85  0.355405
67.05  0.355989
67.25  0.35654
67.45  0.357049
67.65  0.357513
67.85  0.357931
68.05  0.358306
68.25  0.358644
68.45  0.358956
68.65  0.359256
68.85  0.35956
69.05  0.359885
69.25  0.36025
69.45  0.36067
69.65  0.361161
69.85  0.361733
70.05  0.362392
70.25  0.36314
70.45  0.363973
70.65  0.364879
70.85  0.365844
71.05  0.366846
71.25  0.367862
71.45  0.368865
71.65  0.369826
71.85  0.370719
72.05  0.371519
72.25  0.372205
72.45  0.372759
72.65  0.373172
72.85  0.373439
73.05  0.373562
73.25  0.37355
73.45  0.373418
73.65  0.373182
73.85  0.372865
74.05  0.372489
74.25  0.372077
74.45  0.371651
74.65  0.371227
74.85  0.370821
75.05  0.37044
75.25  0.370089
75.45  0.369767
75.65  0.369466
75.85  0.369176
76.05  0.368885
76.25  0.368577
76.45  0.368238
76.65  0.367854
76.85  0.367415
77.05  0.366912
77.25  0.366341
77.45  0.365705
77.65  0.365009
77.85  0.364261
78.05  0.363476
78.25  0.362668
78.45  0.361854
78.65  0.36105
78.85  0.36027
79.05  0.359527
79.25  0.358828
79.45  0.358178
79.65  0.357578
79.85  0.357022
80.05  0.356502
80.25  0.356006
80.45  0.355521
80.65  0.355031
80.85  0.354522
81.05  0.353979
81.25  0.353392
81.45  0.352752
81.65  0.352055
81.85  0.351301
82.05  0.350495
82.25  0.349644
82.45  0.348759
82.65  0.347854
82.85  0.346944
83.05  0.346044
83.25  0.345168
83.45  0.34433
83.65  0.343538
83.85  0.342801
84.05  0.342122
84.25  0.3415
84.45  0.340933
84.65  0.340413
84.85  0.339932
85.05  0.339479
85.25  0.339043
85.45  0.338612
85.65  0.338176
85.85  0.337724
86.05  0.337249
86.25  0.336745
86.45  0.336211
86.65  0.335644
86.85  0.335046
87.05  0.33442
87.25  0.333771
87.45  0.333104
87.65  0.332425
87.85  0.33174
88.05  0.331055
88.25  0.330375
88.45  0.329705
88.65  0.329048
88.85  0.328408
89.05  0.327785
89.25  0.327182
89.45  0.326599
89.65  0.326037
89.85  0.325496
90.05  0.324976
90.25  0.324478
90.45  0.323999
90.65  0.323541
90.85  0.323102
91.05  0.322682
91.25  0.322279
91.45  0.321891
91.65  0.321515
91.85  0.32115
92.05  0.320793
92.25  0.320439
92.45  0.320087
92.65  0.319733
92.85  0.319375
93.05  0.319012
93.25  0.318643
93.45  0.318268
93.65  0.317887
93.85  0.317504
94.05  0.317122
94.25  0.316742
94.45  0.316371
94.65  0.316011
94.85  0.315665
95.05  0.315339
95.25  0.315033
95.45  0.314748
95.65  0.314487
95.85  0.314247
96.05  0.314027
96.25  0.313824
96.45  0.313637
96.65  0.313462
96.85  0.313295
97.05  0.313136
97.25  0.312982
97.45  0.312832
97.65  0.312688
97.85  0.31255
98.05  0.312423
98.25  0.312309
98.45  0.312212
98.65  0.312138
98.85  0.31209
99.05  0.312071
99.25  0.312085
99.45  0.312132
99.65  0.312212
99.85  0.312323
100.05  0.312462
100.25  0.312623
100.45  0.312801
100.65  0.312988
100.85  0.313177
101.05  0.31336
101.25  0.313532
101.45  0.313687
101.65  0.31382
101.85  0.313929
102.05  0.314014
102.25  0.314075
102.45  0.314116
102.65  0.314141
102.85  0.314155
103.05  0.314166
103.25  0.314178
103.45  0.314199
103.65  0.314234
103.85  0.314288
104.05  0.314363
104.25  0.314462
104.45  0.314586
104.65  0.314732
104.85  0.314899
105.05  0.315083
105.25  0.315282
105.45  0.315489
105.65  0.315702
105.85  0.315916
106.05  0.316129
106.25  0.316338
106.45  0.316542
106.65  0.31674
106.85  0.316933
107.05  0.317122
107.25  0.317309
107.45  0.317497
107.65  0.317686
107.85  0.317879
108.05  0.318077
108.25  0.31828
108.45  0.318489
108.65  0.318704
108.85  0.318921
109.05  0.319141
109.25  0.31936
109.45  0.319576
109.65  0.319788
109.85  0.319992
110.05  0.320189
110.25  0.320377
110.45  0.320556
110.65  0.320727
110.85  0.320892
111.05  0.321052
111.25  0.32121
111.45  0.321368
111.65  0.321528
111.85  0.321691
112.05  0.32186
112.25  0.322033
112.45  0.322211
112.65  0.322392
112.85  0.322572
113.05  0.322749
113.25  0.322918
113.45  0.323075
113.65  0.323216
113.85  0.323336
114.05  0.323432
114.25  0.323501
114.45  0.323541
114.65  0.323552
114.85  0.323534
115.05  0.32349
115.25  0.323423
115.45  0.323337
115.65  0.323237
115.85  0.323128
116.05  0.323017
116.25  0.322907
116.45  0.322804
116.65  0.322711
116.85  0.32263
117.05  0.322562
117.25  0.322507
117.45  0.322464
117.65  0.322428
117.85  0.322395
118.05  0.322362
118.25  0.322321
118.45  0.322269
118.65  0.3222
118.85  0.32211
119.05  0.321996
119.25  0.321855
119.45  0.321687
119.65  0.321494
119.85  0.321278
120.05  0.321043
120.25  0.320793
120.45  0.320535
120.65  0.320274
120.85  0.320016
121.05  0.319767
121.25  0.319532
121.45  0.319314
121.65  0.319115
121.85  0.318935
122.05  0.318774
122.25  0.318629
122.45  0.318495
122.65  0.318367
122.85  0.318239
123.05  0.318105
123.25  0.317959
123.45  0.317796
123.65  0.31761
123.85  0.317398
124.05  0.317159
124.25  0.316894
124.45  0.316604
124.65  0.316294
124.85  0.315968
125.05  0.315634
125.25  0.3153
125.45  0.314973
125.65  0.314662
125.85  0.314373
126.05  0.314115
126.25  0.313891
126.45  0.313706
126.65  0.313561
126.85  0.313457
127.05  0.31339
127.25  0.313357
127.45  0.313353
127.65  0.313371
127.85  0.313405
128.05  0.313446
128.25  0.313488
128.45  0.313522
128.65  0.313543
128.85  0.313545
129.05  0.313524
129.25  0.313478
129.45  0.313405
129.65  0.313305
129.85  0.313179
130.05  0.313029
130.25  0.312859
130.45  0.312672
130.65  0.312472
130.85  0.312263
131.05  0.31205
131.25  0.311836
131.45  0.311625
131.65  0.31142
131.85  0.311225
132.05  0.31104
132.25  0.31087
132.45  0.310714
132.65  0.310573
132.85  0.310448
133.05  0.310339
133.25  0.310246
133.45  0.310166
133.65  0.3101
133.85  0.310046
134.05  0.310001
134.25  0.309965
134.45  0.309933
134.65  0.309905
134.85  0.309879
135.05  0.309851
135.25  0.309821
135.45  0.309787
135.65  0.309748
135.85  0.309703
136.05  0.309653
136.25  0.309598
136.45  0.309539
136.65  0.309476
136.85  0.309411
137.05  0.309344
137.25  0.309277
137.45  0.309211
137.65  0.309145
137.85  0.309079
138.05  0.309012
138.25  0.308943
138.45  0.30887
138.65  0.30879
138.85  0.308703
139.05  0.308606
139.25  0.308498
139.45  0.308379
139.65  0.308247
139.85  0.308105
140.05  0.307953
140.25  0.307795
140.45  0.307634
140.65  0.307474
140.85  0.307318
141.05  0.307171
141.25  0.307037
141.45  0.306917
141.65  0.306814
141.85  0.306729
142.05  0.306661
142.25  0.306609
142.45  0.306571
142.65  0.306544
142.85  0.306525
143.05  0.306512
143.25  0.306503
143.45  0.306498
143.65  0.306497
143.85  0.306502
144.05  0.306519
144.25  0.306552
144.45  0.306608
144.65  0.306696
144.85  0.306822
145.05  0.306992
145.25  0.307212
145.45  0.307482
145.65  0.307801
145.85  0.308164
146.05  0.308561
146.25  0.308977
146.45  0.309395
146.65  0.309792
146.85  0.310144
147.05  0.310426
147.25  0.310614
147.45  0.310684
147.65  0.310616
147.85  0.310396
148.05  0.310015
148.25  0.309473
148.45  0.308774
148.65  0.307935
148.85  0.306976
149.05  0.305926
149.25  0.304818
149.45  0.30369
149.65  0.30258
149.85  0.301526
150.05  0.300565
150.25  0.299726
150.45  0.299035
150.65  0.298509
150.85  0.298156
151.05  0.297976
151.25  0.29796
151.45  0.298093
151.65  0.298352
151.85  0.298708
152.05  0.299134
152.25  0.299596
152.45  0.300067
152.65  0.300519
152.85  0.300932
153.05  0.301289
153.25  0.301581
153.45  0.301807
153.65  0.30197
153.85  0.30208
154.05  0.302151
154.25  0.3022
154.45  0.302246
154.65  0.302306
154.85  0.302398
155.05  0.302534
155.25  0.302722
155.45  0.302966
155.65  0.303265
155.85  0.303614
156.05  0.304001
156.25  0.304414
156.45  0.304836
156.65  0.305252
156.85  0.305647
157.05  0.306007
157.25  0.306323
157.45  0.306586
157.65  0.306796
157.85  0.306954
158.05  0.307066
158.25  0.307141
158.45  0.307192
158.65  0.307231
158.85  0.307271
159.05  0.307326
159.25  0.307406
159.45  0.307518
159.65  0.307669
159.85  0.307858
160.05  0.308084
160.25  0.308341
160.45  0.308623
160.65  0.30892
160.85  0.309221
161.05  0.309518
161.25  0.309802
161.45  0.310065
161.65  0.310304
161.85  0.310517
162.05  0.310705
162.25  0.310871
162.45  0.311021
162.65  0.311162
162.85  0.311302
163.05  0.311448
163.25  0.311607
163.45  0.311786
163.65  0.311986
163.85  0.312209
164.05  0.312453
164.25  0.312717
164.45  0.312993
164.65  0.313276
164.85  0.313558
165.05  0.313833
165.25  0.314095
165.45  0.314338
165.65  0.314559
165.85  0.314758
166.05  0.314936
166.25  0.315095
166.45  0.315242
166.65  0.315382
166.85  0.315521
167.05  0.315667
167.25  0.315826
167.45  0.316003
167.65  0.3162
167.85  0.316419
168.05  0.316659
168.25  0.316916
168.45  0.317187
168.65  0.317466
168.85  0.317746
169.05  0.318021
169.25  0.318286
169.45  0.318536
169.65  0.318769
169.85  0.318985
170.05  0.319184
170.25  0.319371
170.45  0.319551
170.65  0.319731
170.85  0.319918
171.05  0.32012
171.25  0.320343
171.45  0.320593
171.65  0.320873
171.85  0.321184
172.05  0.321524
172.25  0.32189
172.45  0.322275
172.65  0.322672
172.85  0.323069
173.05  0.323458
173.25  0.323828
173.45  0.324171
173.65  0.324477
173.85  0.324742
174.05  0.324964
174.25  0.325142
174.45  0.325279
174.65  0.325381
174.85  0.325456
175.05  0.325513
175.25  0.325564
175.45  0.325619
175.65  0.325691
175.85  0.325788
176.05  0.325919
176.25  0.326092
176.45  0.32631
176.65  0.326576
176.85  0.326887
177.05  0.327243
177.25  0.327638
177.45  0.328065
177.65  0.328518
177.85  0.328989
178.05  0.329469
178.25  0.32995
178.45  0.330427
178.65  0.330891
178.85  0.331339
179.05  0.331766
179.25  0.332169
179.45  0.332547
179.65  0.332898
179.85  0.333224
180.05  0.333524
180.25  0.333801
180.45  0.334058
180.65  0.334296
180.85  0.33452
181.05  0.334734
181.25  0.334943
181.45  0.33515
181.65  0.335361
181.85  0.335581
182.05  0.335815
182.25  0.336068
182.45  0.336344
182.65  0.336645
182.85  0.336975
183.05  0.337333
183.25  0.337718
183.45  0.338129
183.65  0.33856
183.85  0.339008
184.05  0.339464
184.25  0.339921
184.45  0.340371
184.65  0.340807
184.85  0.341221
185.05  0.341607
185.25  0.34196
185.45  0.342278
185.65  0.342561
185.85  0.34281
186.05  0.34303
186.25  0.343227
186.45  0.343407
186.65  0.34358
186.85  0.343754
187.05  0.343938
187.25  0.344137
187.45  0.344358
187.65  0.344604
187.85  0.344875
188.05  0.34517
188.25  0.345485
188.45  0.345813
188.65  0.346147
188.85  0.346477
189.05  0.346794
189.25  0.347091
189.45  0.347358
189.65  0.347592
189.85  0.347789
190.05  0.347949
190.25  0.348076
190.45  0.348174
190.65  0.348252
190.85  0.34832
191.05  0.348388
191.25  0.34847
191.45  0.348574
191.65  0.348711
191.85  0.348887
192.05  0.349108
192.25  0.349373
192.45  0.349681
192.65  0.350025
192.85  0.350398
193.05  0.350789
193.25  0.351184
193.45  0.351571
193.65  0.351936
193.85  0.352269
194.05  0.352559
194.25  0.352798
194.45  0.352984
194.65  0.353116
194.85  0.353197
195.05  0.353233
195.25  0.353233
195.45  0.353208
195.65  0.35317
195.85  0.353132
196.05  0.353105
196.25  0.3531
196.45  0.353126
196.65  0.353188
196.85  0.353289
197.05  0.35343
197.25  0.353608
197.45  0.353817
197.65  0.354051
197.85  0.3543
198.05  0.354557
198.25  0.354812
198.45  0.355058
198.65  0.355287
198.85  0.355496
199.05  0.355682
199.25  0.355843
199.45  0.355983
199.65  0.356104
199.85  0.35621
200.05  0.356308
200.25  0.356404
200.45  0.356502
200.65  0.356608
200.85  0.356724
201.05  0.356854
201.25  0.356997
201.45  0.357153
201.65  0.357319
201.85  0.357491
202.05  0.357664
202.25  0.357835
202.45  0.357998
202.65  0.358149
202.85  0.358287
203.05  0.358408
203.25  0.358512
203.45  0.358602
203.65  0.358679
203.85  0.358748
204.05  0.358813
204.25  0.35888
204.45  0.358955
204.65  0.359042
204.85  0.359146
205.05  0.359271
205.25  0.359419
205.45  0.359591
205.65  0.359787
205.85  0.360005
206.05  0.360241
206.25  0.360494
206.45  0.360757
206.65  0.361027
206.85  0.361301
207.05  0.361573
207.25  0.361843
207.45  0.362108
207.65  0.362367
207.85  0.362622
208.05  0.362874
208.25  0.363126
208.45  0.363381
208.65  0.363644
208.85  0.363919
209.05  0.364209
209.25  0.364519
209.45  0.364852
209.65  0.365209
209.85  0.365593
210.05  0.366003
210.25  0.36644
210.45  0.366901
210.65  0.367386
210.85  0.367891
211.05  0.368412
211.25  0.368948
211.45  0.369495
211.65  0.370049
211.85  0.370608
212.05  0.371169
212.25  0.371731
212.45  0.372292
212.65  0.372851
212.85  0.37341
213.05  0.373967
213.25  0.374524
213.45  0.375083
213.65  0.375645
213.85  0.376211
214.05  0.376785
214.25  0.377367
214.45  0.37796
214.65  0.378566
214.85  0.379185
215.05  0.379819
215.25  0.380468
215.45  0.381131
215.65  0.381807
215.85  0.382495
216.05  0.383192
216.25  0.383895
216.45  0.384599
216.65  0.3853
216.85  0.385994
217.05  0.386676
217.25  0.387342
217.45  0.387986
217.65  0.388607
217.85  0.389201
218.05  0.389768
218.25  0.390306
218.45  0.390818
218.65  0.391307
218.85  0.391777
219.05  0.392233
219.25  0.39268
219.45  0.393127
219.65  0.393579
219.85  0.394044
220.05  0.394528
220.25  0.395036
220.45  0.395571
220.65  0.396136
220.85  0.396732
221.05  0.397357
221.25  0.398009
221.45  0.398682
221.65  0.399372
221.85  0.400073
222.05  0.400776
222.25  0.401476
222.45  0.402167
222.65  0.402842
222.85  0.403497
223.05  0.404131
223.25  0.404742
223.45  0.40533
223.65  0.405899
223.85  0.406452
224.05  0.406992
224.25  0.407527
224.45  0.408061
224.65  0.408599
224.85  0.409148
225.05  0.409709
225.25  0.410287
225.45  0.410882
225.65  0.411493
225.85  0.41212
226.05  0.41276
226.25  0.413409
226.45  0.414062
226.65  0.414715
226.85  0.415365
227.05  0.416007
227.25  0.416639
227.45  0.417261
227.65  0.417871
227.85  0.418472
228.05  0.419067
228.25  0.41966
228.45  0.420255
228.65  0.420859
228.85  0.421478
229.05  0.422115
229.25  0.422777
229.45  0.423466
229.65  0.424185
229.85  0.424934
230.05  0.425712
230.25  0.426517
230.45  0.427345
230.65  0.428191
230.85  0.429049
231.05  0.429913
231.25  0.430777
231.45  0.431635
231.65  0.432482
231.85  0.433315
232.05  0.434131
232.25  0.434929
232.45  0.435709
232.65  0.436473
232.85  0.437223
233.05  0.437963
233.25  0.438697
233.45  0.439428
233.65  0.440161
233.85  0.440898
234.05  0.441643
234.25  0.442396
234.45  0.443159
234.65  0.44393
234.85  0.444708
235.05  0.445491
235.25  0.446276
235.45  0.44706
235.65  0.447838
235.85  0.448609
236.05  0.449369
236.25  0.450117
236.45  0.450853
236.65  0.451575
236.85  0.452285
237.05  0.452984
237.25  0.453676
237.45  0.454362
237.65  0.455047
237.85  0.455733
238.05  0.456424
238.25  0.457122
238.45  0.457829
238.65  0.458546
238.85  0.459273
239.05  0.46001
239.25  0.460754
239.45  0.461505
239.65  0.462258
239.85  0.463012
240.05  0.463764
240.25  0.464509
240.45  0.465247
240.65  0.465975
240.85  0.466691
241.05  0.467396
241.25  0.468088
241.45  0.46877
241.65  0.469443
241.85  0.470109
242.05  0.47077
242.25  0.47143
242.45  0.472091
242.65  0.472754
242.85  0.473424
243.05  0.474101
243.25  0.474786
243.45  0.475481
243.65  0.476186
243.85  0.4769
244.05  0.477622
244.25  0.478353
244.45  0.479091
244.65  0.479835
244.85  0.480585
245.05  0.481341
245.25  0.482104
245.45  0.482874
245.65  0.483652
245.85  0.484442
246.05  0.485245
246.25  0.486065
246.45  0.486904
246.65  0.487765
246.85  0.488651
247.05  0.489564
247.25  0.490505
247.45  0.491474
247.65  0.49247
247.85  0.493491
248.05  0.494534
248.25  0.495596
248.45  0.49667
248.65  0.49775
248.85  0.49883
249.05  0.499903
249.25  0.500962
249.45  0.502001
249.65  0.503015
249.85  0.503999
250.05  0.504951
250.25  0.505869
250.45  0.506754
250.65  0.507607
250.85  0.508433
251.05  0.509237
251.25  0.510024
251.45  0.510803
251.65  0.51158
251.85  0.512363
252.05  0.513159
252.25  0.513975
252.45  0.514814
252.65  0.515681
252.85  0.516578
253.05  0.517504
253.25  0.518458
253.45  0.519436
253.65  0.520434
253.85  0.521447
254.05  0.522467
254.25  0.523488
254.45  0.524505
254.65  0.52551
254.85  0.5265
255.05  0.52747
255.25  0.528418
255.45  0.529344
255.65  0.530248
255.85  0.531131
256.05  0.531996
256.25  0.532849
256.45  0.533691
256.65  0.53453
256.85  0.535368
257.05  0.536209
257.25  0.537058
257.45  0.537918
257.65  0.538789
257.85  0.539673
258.05  0.540571
258.25  0.541484
258.45  0.542409
258.65  0.543348
258.85  0.5443
259.05  0.545266
259.25  0.546245
259.45  0.547239
259.65  0.548251
259.85  0.549282
260.05  0.550337
260.25  0.551418
260.45  0.552528
260.65  0.553671
260.85  0.554849
261.05  0.556065
261.25  0.55732
261.45  0.558613
261.65  0.559944
261.85  0.561311
262.05  0.56271
262.25  0.564138
262.45  0.565592
262.65  0.567066
262.85  0.568557
263.05  0.570061
263.25  0.571575
263.45  0.573096
263.65  0.574624
263.85  0.576158
264.05  0.577699
264.25  0.579247
264.45  0.580805
264.65  0.582374
264.85  0.583956
265.05  0.585554
265.25  0.587168
265.45  0.588799
265.65  0.590446
265.85  0.592109
266.05  0.593785
266.25  0.595471
266.45  0.597166
266.65  0.598865
266.85  0.600565
267.05  0.602266
267.25  0.603965
267.45  0.605661
267.65  0.607355
267.85  0.609049
268.05  0.610745
268.25  0.612448
268.45  0.614162
268.65  0.615891
268.85  0.617641
269.05  0.619415
269.25  0.621219
269.45  0.623056
269.65  0.624926
269.85  0.626832
270.05  0.628772
270.25  0.630745
270.45  0.632748
270.65  0.634779
270.85  0.636834
271.05  0.638908
271.25  0.640999
271.45  0.643103
271.65  0.645219
271.85  0.647346
272.05  0.649482
272.25  0.651628
272.45  0.653787
272.65  0.655958
272.85  0.658146
273.05  0.66035
273.25  0.662573
273.45  0.664817
273.65  0.66708
273.85  0.669364
274.05  0.671665
274.25  0.673983
274.45  0.676316
274.65  0.67866
274.85  0.681014
275.05  0.683375
275.25  0.685744
275.45  0.688121
275.65  0.690507
275.85  0.692905
276.05  0.69532
276.25  0.697758
276.45  0.700224
276.65  0.702725
276.85  0.705269
277.05  0.70786
277.25  0.710503
277.45  0.713202
277.65  0.715957
277.85  0.718769
278.05  0.721634
278.25  0.724547
278.45  0.727501
278.65  0.73049
278.85  0.733504
279.05  0.736535
279.25  0.739575
279.45  0.742617
279.65  0.745657
279.85  0.74869
280.05  0.751718
280.25  0.75474
280.45  0.757761
280.65  0.760786
280.85  0.763822
281.05  0.766877
281.25  0.769958
281.45  0.773072
281.65  0.776225
281.85  0.779422
282.05  0.782665
282.25  0.785953
282.45  0.789285
282.65  0.792658
282.85  0.796066
283.05  0.799504
283.25  0.802965
283.45  0.806444
283.65  0.809938
283.85  0.813444
284.05  0.816961
284.25  0.820494
284.45  0.824047
284.65  0.827628
284.85  0.831247
285.05  0.834914
285.25  0.838643
285.45  0.842443
285.65  0.846327
285.85  0.850303
286.05  0.854377
286.25  0.858552
286.45  0.862829
286.65  0.867203
286.85  0.871668
287.05  0.876214
287.25  0.880829
287.45  0.885498
287.65  0.890208
287.85  0.894943
288.05  0.899692
288.25  0.904442
288.45  0.909184
288.65  0.913911
288.85  0.918621
289.05  0.923313
289.25  0.927989
289.45  0.932654
289.65  0.937313
289.85  0.941974
290.05  0.946645
290.25  0.951331
290.45  0.95604
290.65  0.960777
290.85  0.965544
291.05  0.970343
291.25  0.975175
291.45  0.980039
291.65  0.984933
291.85  0.989855
292.05  0.994805
292.25  0.99978
292.45  1.00478
292.65  1.00981
292.85  1.01488
293.05  1.01998
293.25  1.02512
293.45  1.03031
293.65  1.03557
293.85  1.04089
294.05  1.04628
294.25  1.05175
294.45  1.0573
294.65  1.06293
294.85  1.06864
295.05  1.07442
295.25  1.08026
295.45  1.08616
295.65  1.0921
295.85  1.09807
296.05  1.10405
296.25  1.11003
296.45  1.11601
296.65  1.12196
296.85  1.12789
297.05  1.1338
297.25  1.13968
297.45  1.14554
297.65  1.15139
297.85  1.15724
298.05  1.16311
298.25  1.16902
298.45  1.17498
298.65  1.181
298.85  1.18711
299.05  1.19333
299.25  1.19965
299.45  1.20609
299.65  1.21266
299.85  1.21936
300.05  1.22619
300.25  1.23314
300.45  1.2402
300.65  1.24737
300.85  1.25463
301.05  1.26197
301.25  1.26938
301.45  1.27684
301.65  1.28435
301.85  1.2919
302.05  1.29947
302.25  1.30706
302.45  1.31467
302.65  1.3223
302.85  1.32994
303.05  1.3376
303.25  1.34529
303.45  1.35302
303.65  1.36078
303.85  1.36859
304.05  1.37645
304.25  1.38439
304.45  1.3924
304.65  1.40051
304.85  1.40871
305.05  1.41701
305.25  1.42543
305.45  1.43397
305.65  1.44263
305.85  1.45141
306.05  1.46032
306.25  1.46935
306.45  1.47851
306.65  1.48777
306.85  1.49715
307.05  1.50662
307.25  1.51619
307.45  1.52583
307.65  1.53555
307.85  1.54532
308.05  1.55514
308.25  1.565
308.45  1.57489
308.65  1.58482
308.85  1.59477
309.05  1.60476
309.25  1.61478
309.45  1.62484
309.65  1.63495
309.85  1.64513
310.05  1.65538
310.25  1.66572
310.45  1.67616
310.65  1.68672
310.85  1.69741
311.05  1.70823
311.25  1.7192
311.45  1.73032
311.65  1.7416
311.85  1.75302
312.05  1.76458
312.25  1.77628
312.45  1.78811
312.65  1.80004
312.85  1.81208
313.05  1.8242
313.25  1.83639
313.45  1.84865
313.65  1.86095
313.85  1.8733
314.05  1.88569
314.25  1.89813
314.45  1.91061
314.65  1.92316
314.85  1.93577
315.05  1.94847
315.25  1.96126
315.45  1.97418
315.65  1.98723
315.85  2.00042
316.05  2.01378
316.25  2.02731
316.45  2.04103
316.65  2.05492
316.85  2.069
317.05  2.08326
317.25  2.09769
317.45  2.11228
317.65  2.12702
317.85  2.14188
318.05  2.15687
318.25  2.17196
318.45  2.18714
318.65  2.20241
318.85  2.21775
319.05  2.23317
319.25  2.24867
319.45  2.26424
319.65  2.2799
319.85  2.29566
320.05  2.31153
320.25  2.32752
320.45  2.34364
320.65  2.35991
320.85  2.37634
321.05  2.39292
321.25  2.40967
321.45  2.42659
321.65  2.44368
321.85  2.46094
322.05  2.47835
322.25  2.49593
322.45  2.51366
322.65  2.53154
322.85  2.54957
323.05  2.56775
323.25  2.5861
323.45  2.6046
323.65  2.62329
323.85  2.64216
324.05  2.66124
324.25  2.68052
324.45  2.70003
324.65  2.71978
324.85  2.73976
325.05  2.75997
325.25  2.78041
325.45  2.80107
325.65  2.82192
325.85  2.84293
326.05  2.86408
326.25  2.88534
326.45  2.90667
326.65  2.92803
326.85  2.9494
327.05  2.97076
327.25  2.99208
327.45  3.01336
327.65  3.0346
327.85  3.05582
328.05  3.07705
328.25  3.0983
328.45  3.11963
328.65  3.14109
328.85  3.16271
329.05  3.18456
329.25  3.20668
329.45  3.22911
329.65  3.25188
329.85  3.27503
330.05  3.29856
330.25  3.32247
330.45  3.34676
330.65  3.3714
330.85  3.39637
331.05  3.42162
331.25  3.44712
331.45  3.47281
331.65  3.49867
331.85  3.52465
332.05  3.55072
332.25  3.57687
332.45  3.60307
332.65  3.62932
332.85  3.65564
333.05  3.68202
333.25  3.70851
333.45  3.73513
333.65  3.7619
333.85  3.78885
334.05  3.81602
334.25  3.84342
334.45  3.87108
334.65  3.899
334.85  3.92717
335.05  3.95561
335.25  3.98428
335.45  4.01318
335.65  4.04226
335.85  4.07152
336.05  4.10091
336.25  4.13041
336.45  4.16
336.65  4.18965
336.85  4.21937
337.05  4.24913
337.25  4.27894
337.45  4.3088
337.65  4.33873
337.85  4.36874
338.05  4.39885
338.25  4.42907
338.45  4.45942
338.65  4.48992
338.85  4.52058
339.05  4.5514
339.25  4.58238
339.45  4.61353
339.65  4.64484
339.85  4.67629
340.05  4.70788
340.25  4.73959
340.45  4.77141
340.65  4.80333
340.85  4.83533
341.05  4.8674
341.25  4.89955
341.45  4.93175
341.65  4.96402
341.85  4.99634
342.05  5.02872
342.25  5.06116
342.45  5.09366
342.65  5.12621
342.85  5.15881
343.05  5.19147
343.25  5.22417
343.45  5.2569
343.65  5.28967
343.85  5.32246
344.05  5.35527
344.25  5.38811
344.45  5.42096
344.65  5.45383
344.85  5.48673
345.05  5.51968
345.25  5.55267
345.45  5.58574
345.65  5.6189
345.85  5.65215
346.05  5.68553
346.25  5.71904
346.45  5.75268
346.65  5.78647
346.85  5.8204
347.05  5.85446
347.25  5.88864
347.45  5.92291
347.65  5.95726
347.85  5.99166
348.05  6.02608
348.25  6.0605
348.45  6.0949
348.65  6.12926
348.85  6.16356
349.05  6.1978
349.25  6.23199
349.45  6.26613
349.65  6.30024
349.85  6.33434
350.05  6.36845
350.25  6.40261
350.45  6.43685
350.65  6.47119
350.85  6.50565
351.05  6.54027
351.25  6.57506
351.45  6.61002
351.65  6.64515
351.85  6.68046
352.05  6.71594
352.25  6.75156
352.45  6.78732
352.65  6.8232
352.85  6.85917
353.05  6.89522
353.25  6.93133
353.45  6.96751
353.65  7.00373
353.85  7.04
354.05  7.07633
354.25  7.11272
354.45  7.14919
354.65  7.18576
354.85  7.22243
355.05  7.25924
355.25  7.29619
355.45  7.3333
355.65  7.37059
355.85  7.40806
356.05  7.44572
356.25  7.48358
356.45  7.52163
356.65  7.55987
356.85  7.5983
357.05  7.63692
357.25  7.67571
357.45  7.71467
357.65  7.7538
357.85  7.79309
358.05  7.83254
358.25  7.87214
358.45  7.9119
358.65  7.9518
358.85  7.99185
359.05  8.03204
359.25  8.07236
359.45  8.11282
359.65  8.15339
359.85  8.19408
360.05  8.23488
360.25  8.27576
360.45  8.31673
360.65  8.35778
360.85  8.39889
361.05  8.44007
361.25  8.4813
361.45  8.52259
361.65  8.56395
361.85  8.60536
362.05  8.64685
362.25  8.68841
362.45  8.73006
362.65  8.77181
362.85  8.81364
363.05  8.85558
363.25  8.89761
363.45  8.93973
363.65  8.98192
363.85  9.02418
364.05  9.06648
364.25  9.10879
364.45  9.15109
364.65  9.19334
364.85  9.23553
365.05  9.27761
365.25  9.31956
365.45  9.36135
365.65  9.40297
365.85  9.44438
366.05  9.48559
366.25  9.52658
366.45  9.56735
366.65  9.60789
366.85  9.64821
367.05  9.68831
367.25  9.72819
367.45  9.76785
367.65  9.80729
367.85  9.84652
368.05  9.88551
368.25  9.92428
368.45  9.96279
368.65  10.001
368.85  10.039
369.05  10.0766
369.25  10.114
369.45  10.1509
369.65  10.1875
369.85  10.2237
370.05  10.2594
370.25  10.2947
370.45  10.3295
370.65  10.3638
370.85  10.3975
371.05  10.4308
371.25  10.4635
371.45  10.4957
371.65  10.5273
371.85  10.5583
372.05  10.5887
372.25  10.6184
372.45  10.6476
372.65  10.6761
372.85  10.7039
373.05  10.731
373.25  10.7574
373.45  10.7831
373.65  10.808
373.85  10.8322
374.05  10.8555
374.25  10.8781
374.45  10.8999
374.65  10.9208
374.85  10.9409
375.05  10.9601
375.25  10.9785
375.45  10.996
375.65  11.0126
375.85  11.0283
376.05  11.0431
376.25  11.0569
376.45  11.0697
376.65  11.0816
376.85  11.0924
377.05  11.1022
377.25  11.111
377.45  11.1186
377.65  11.1252
377.85  11.1306
378.05  11.135
378.25  11.1382
378.45  11.1403
378.65  11.1413
378.85  11.1412
379.05  11.14
379.25  11.1377
379.45  11.1344
379.65  11.13
379.85  11.1246
380.05  11.1182
380.25  11.1107
380.45  11.1023
380.65  11.0929
380.85  11.0826
381.05  11.0712
381.25  11.0589
381.45  11.0456
381.65  11.0313
381.85  11.0161
382.05  10.9998
382.25  10.9826
382.45  10.9644
382.65  10.9452
382.85  10.925
383.05  10.9039
383.25  10.8818
383.45  10.8587
383.65  10.8348
383.85  10.81
384.05  10.7843
384.25  10.7578
384.45  10.7304
384.65  10.7023
384.85  10.6735
385.05  10.6439
385.25  10.6136
385.45  10.5825
385.65  10.5509
385.85  10.5185
386.05  10.4855
386.25  10.4519
386.45  10.4176
386.65  10.3827
386.85  10.3471
387.05  10.311
387.25  10.2743
387.45  10.2369
387.65  10.199
387.85  10.1606
388.05  10.1216
388.25  10.082
388.45  10.042
388.65  10.0016
388.85  9.96063
389.05  9.91929
389.25  9.87755
389.45  9.83544
389.65  9.79299
389.85  9.75022
390.05  9.70715
390.25  9.6638
390.45  9.6202
390.65  9.57635
390.85  9.53229
391.05  9.48801
391.25  9.44354
391.45  9.39888
391.65  9.35406
391.85  9.30908
392.05  9.26394
392.25  9.21868
392.45  9.17328
392.65  9.12777
392.85  9.08215
393.05  9.03642
393.25  8.99061
393.45  8.94472
393.65  8.89876
393.85  8.85273
394.05  8.80664
394.25  8.76051
394.45  8.71433
394.65  8.66813
394.85  8.6219
395.05  8.57567
395.25  8.52943
395.45  8.4832
395.65  8.43699
395.85  8.39082
396.05  8.3447
396.25  8.29865
396.45  8.25268
396.65  8.2068
396.85  8.16103
397.05  8.11538
397.25  8.06987
397.45  8.02451
397.65  7.97931
397.85  7.93428
398.05  7.88942
398.25  7.84473
398.45  7.80022
398.65  7.75589
398.85  7.71173
399.05  7.66775
399.25  7.62393
399.45  7.58027
399.65  7.53676
399.85  7.49342
400.05  7.45022
400.25  7.40717
400.45  7.36427
400.65  7.32153
400.85  7.27894
401.05  7.23652
401.25  7.19428
401.45  7.15223
401.65  7.11037
401.85  7.06873
402.05  7.02731
402.25  6.98613
402.45  6.94519
402.65  6.9045
402.85  6.86408
403.05  6.82391
403.25  6.78401
403.45  6.74438
403.65  6.705
403.85  6.66588
404.05  6.627
404.25  6.58836
404.45  6.54995
404.65  6.51176
404.85  6.47378
405.05  6.436
405.25  6.39842
405.45  6.36102
405.65  6.32382
405.85  6.2868
406.05  6.24997
406.25  6.21333
406.45  6.17689
406.65  6.14065
406.85  6.10462
407.05  6.06881
407.25  6.03322
407.45  5.99786
407.65  5.96275
407.85  5.92788
408.05  5.89326
408.25  5.85891
408.45  5.82482
408.65  5.79101
408.85  5.75746
409.05  5.72418
409.25  5.69117
409.45  5.65843
409.65  5.62596
409.85  5.59375
410.05  5.5618
410.25  5.5301
410.45  5.49864
410.65  5.46742
410.85  5.43643
411.05  5.40566
411.25  5.3751
411.45  5.34476
411.65  5.31462
411.85  5.28467
412.05  5.25491
412.25  5.22534
412.45  5.19596
412.65  5.16677
412.85  5.13777
413.05  5.10896
413.25  5.08035
413.45  5.05195
413.65  5.02376
413.85  4.99578
414.05  4.96804
414.25  4.94052
414.45  4.91324
414.65  4.8862
414.85  4.8594
415.05  4.83284
415.25  4.80651
415.45  4.78041
415.65  4.75453
415.85  4.72887
416.05  4.70341
416.25  4.67813
416.45  4.65304
416.65  4.62811
416.85  4.60334
417.05  4.57871
417.25  4.55424
417.45  4.5299
417.65  4.5057
417.85  4.48164
418.05  4.45772
418.25  4.43395
418.45  4.41034
418.65  4.38689
418.85  4.36361
419.05  4.34051
419.25  4.31761
419.45  4.29489
419.65  4.27238
419.85  4.25007
420.05  4.22796
420.25  4.20605
420.45  4.18435
420.65  4.16284
420.85  4.14152
421.05  4.12038
421.25  4.09943
421.45  4.07864
421.65  4.05802
421.85  4.03756
422.05  4.01726
422.25  3.9971
422.45  3.9771
422.65  3.95723
422.85  3.93751
423.05  3.91793
423.25  3.89849
423.45  3.87918
423.65  3.86001
423.85  3.84096
424.05  3.82203
424.25  3.80322
424.45  3.78453
424.65  3.76595
424.85  3.74748
425.05  3.72911
425.25  3.71085
425.45  3.69269
425.65  3.67463
425.85  3.65669
426.05  3.63886
426.25  3.62117
426.45  3.6036
426.65  3.58619
426.85  3.56894
427.05  3.55185
427.25  3.53495
427.45  3.51823
427.65  3.50169
427.85  3.48535
428.05  3.46919
428.25  3.4532
428.45  3.43739
428.65  3.42172
428.85  3.40619
429.05  3.39078
429.25  3.37546
429.45  3.36022
429.65  3.34504
429.85  3.3299
430.05  3.31479
430.25  3.29971
430.45  3.28464
430.65  3.26959
430.85  3.25458
431.05  3.23959
431.25  3.22466
431.45  3.2098
431.65  3.19502
431.85  3.18036
432.05  3.16581
432.25  3.15141
432.45  3.13716
432.65  3.12308
432.85  3.10916
433.05  3.09541
433.25  3.08182
433.45  3.06838
433.65  3.05509
433.85  3.04192
434.05  3.02885
434.25  3.01588
434.45  3.00297
434.65  2.99012
434.85  2.97731
435.05  2.96453
435.25  2.95178
435.45  2.93905
435.65  2.92634
435.85  2.91367
436.05  2.90104
436.25  2.88847
436.45  2.87596
436.65  2.86354
436.85  2.85121
437.05  2.83899
437.25  2.8269
437.45  2.81493
437.65  2.8031
437.85  2.7914
438.05  2.77984
438.25  2.76841
438.45  2.7571
438.65  2.7459
438.85  2.73481
439.05  2.7238
439.25  2.71288
439.45  2.70203
439.65  2.69124
439.85  2.68051
440.05  2.66982
440.25  2.65918
440.45  2.64859
440.65  2.63803
440.85  2.62752
441.05  2.61706
441.25  2.60666
441.45  2.59631
441.65  2.58602
441.85  2.57579
442.05  2.56563
442.25  2.55555
442.45  2.54553
442.65  2.53559
442.85  2.52573
443.05  2.51595
443.25  2.50624
443.45  2.49661
443.65  2.48706
443.85  2.47758
444.05  2.46819
444.25  2.45887
444.45  2.44963
444.65  2.44047
444.85  2.43139
445.05  2.42238
445.25  2.41344
445.45  2.40458
445.65  2.39578
445.85  2.38704
446.05  2.37837
446.25  2.36974
446.45  2.36116
446.65  2.35262
446.85  2.34411
447.05  2.33564
447.25  2.32719
447.45  2.31877
447.65  2.31038
447.85  2.30202
448.05  2.29369
448.25  2.28539
448.45  2.27714
448.65  2.26894
448.85  2.26079
449.05  2.25271
449.25  2.2447
449.45  2.23677
449.65  2.22892
449.85  2.22116
450.05  2.21349
450.25  2.20591
450.45  2.19842
450.65  2.19101
450.85  2.18368
451.05  2.17643
451.25  2.16924
451.45  2.1621
451.65  2.15502
451.85  2.14798
452.05  2.14097
452.25  2.13399
452.45  2.12703
452.65  2.12009
452.85  2.11316
453.05  2.10624
453.25  2.09933
453.45  2.09244
453.65  2.08557
453.85  2.07871
454.05  2.07189
454.25  2.0651
454.45  2.05835
454.65  2.05164
454.85  2.045
455.05  2.03842
455.25  2.03191
455.45  2.02548
455.65  2.01912
455.85  2.01286
456.05  2.00667
456.25  2.00057
456.45  1.99456
456.65  1.98861
456.85  1.98274
457.05  1.97693
457.25  1.97117
457.45  1.96545
457.65  1.95977
457.85  1.9541
458.05  1.94843
458.25  1.94277
458.45  1.93711
458.65  1.93143
458.85  1.92574
459.05  1.92003
459.25  1.91432
459.45  1.90862
459.65  1.90292
459.85  1.89724
460.05  1.89161
460.25  1.88602
460.45  1.8805
460.65  1.87505
460.85  1.86969
461.05  1.86442
461.25  1.85926
461.45  1.85419
461.65  1.84922
461.85  1.84433
462.05  1.83953
462.25  1.83479
462.45  1.8301
462.65  1.82545
462.85  1.82081
463.05  1.81618
463.25  1.81153
463.45  1.80686
463.65  1.80217
463.85  1.79743
464.05  1.79266
464.25  1.78785
464.45  1.78302
464.65  1.77816
464.85  1.77331
465.05  1.76846
465.25  1.76363
465.45  1.75884
465.65  1.75409
465.85  1.74941
466.05  1.7448
466.25  1.74026
466.45  1.7358
466.65  1.73142
466.85  1.72712
467.05  1.72289
467.25  1.71872
467.45  1.71462
467.65  1.71057
467.85  1.70656
468.05  1.70258
468.25  1.69863
468.45  1.69471
468.65  1.6908
468.85  1.68689
469.05  1.683
469.25  1.67911
469.45  1.67523
469.65  1.67135
469.85  1.66747
470.05  1.6636
470.25  1.65973
470.45  1.65587
470.65  1.65201
470.85  1.64816
471.05  1.64433
471.25  1.6405
471.45  1.63668
471.65  1.63288
471.85  1.62911
472.05  1.62536
472.25  1.62164
472.45  1.61796
472.65  1.61432
472.85  1.61072
473.05  1.60718
473.25  1.60368
473.45  1.60024
473.65  1.59686
473.85  1.59352
474.05  1.59023
474.25  1.58699
474.45  1.58377
474.65  1.58059
474.85  1.57743
475.05  1.57427
475.25  1.57112
475.45  1.56797
475.65  1.5648
475.85  1.56163
476.05  1.55844
476.25  1.55523
476.45  1.55202
476.65  1.5488
476.85  1.54558
477.05  1.54236
477.25  1.53916
477.45  1.53598
477.65  1.53282
477.85  1.52971
478.05  1.52662
478.25  1.52359
478.45  1.52059
478.65  1.51764
478.85  1.51473
479.05  1.51186
479.25  1.50902
479.45  1.50622
479.65  1.50343
479.85  1.50067
480.05  1.49792
480.25  1.49519
480.45  1.49246
480.65  1.48973
480.85  1.48701
481.05  1.48428
481.25  1.48156
481.45  1.47883
481.65  1.4761
481.85  1.47337
482.05  1.47063
482.25  1.46789
482.45  1.46514
482.65  1.46239
482.85  1.45964
483.05  1.45689
483.25  1.45414
483.45  1.4514
483.65  1.44867
483.85  1.44596
484.05  1.44327
484.25  1.4406
484.45  1.43798
484.65  1.4354
484.85  1.43286
485.05  1.43038
485.25  1.42795
485.45  1.42557
485.65  1.42325
485.85  1.42097
486.05  1.41873
486.25  1.41653
486.45  1.41435
486.65  1.41218
486.85  1.41002
487.05  1.40785
487.25  1.40567
487.45  1.40347
487.65  1.40125
487.85  1.399
488.05  1.39673
488.25  1.39445
488.45  1.39217
488.65  1.38988
488.85  1.3876
489.05  1.38535
489.25  1.38312
489.45  1.38093
489.65  1.37879
489.85  1.37668
490.05  1.37462
490.25  1.3726
490.45  1.37062
490.65  1.36865
490.85  1.3667
491.05  1.36475
491.25  1.3628
491.45  1.36083
491.65  1.35883
491.85  1.3568
492.05  1.35475
492.25  1.35266
492.45  1.35055
492.65  1.34843
492.85  1.3463
493.05  1.34417
493.25  1.34206
493.45  1.33998
493.65  1.33793
493.85  1.33592
494.05  1.33396
494.25  1.33204
494.45  1.33018
494.65  1.32835
494.85  1.32655
495.05  1.32479
495.25  1.32303
495.45  1.32128
495.65  1.31953
495.85  1.31778
496.05  1.31601
496.25  1.31423
496.45  1.31244
496.65  1.31065
496.85  1.30887
497.05  1.30709
497.25  1.30534
497.45  1.30362
497.65  1.30194
497.85  1.3003
498.05  1.2987
498.25  1.29714
498.45  1.29562
498.65  1.29413
498.85  1.29266
499.05  1.2912
499.25  1.28973
499.45  1.28824
499.65  1.28672
499.85  1.28517
500.05  1.28357
500.25  1.28194
500.45  1.28027
500.65  1.27856
500.85  1.27684
501.05  1.2751
501.25  1.27338
501.45  1.27167
501.65  1.26999
501.85  1.26835
502.05  1.26677
502.25  1.26524
502.45  1.26376
502.65  1.26232
502.85  1.26093
503.05  1.25957
503.25  1.25823
503.45  1.25689
503.65  1.25556
503.85  1.25421
504.05  1.25285
504.25  1.25148
504.45  1.2501
504.65  1.24872
504.85  1.24735
505.05  1.24601
505.25  1.24471
505.45  1.24346
505.65  1.24228
505.85  1.24117
506.05  1.24013
506.25  1.23915
506.45  1.23822
506.65  1.23733
506.85  1.23643
507.05  1.2355
507.25  1.23451
507.45  1.23341
507.65  1.23218
507.85  1.23078
508.05  1.2292
508.25  1.22743
508.45  1.22545
508.65  1.22329
508.85  1.22096
509.05  1.2185
509.25  1.21595
509.45  1.21336
509.65  1.21079
509.85  1.20828
510.05  1.20588
510.25  1.20365
510.45  1.20162
510.65  1.19981
510.85  1.19824
511.05  1.1969
511.25  1.19579
511.45  1.19489
511.65  1.19415
511.85  1.19354
512.05  1.19302
512.25  1.19255
512.45  1.19207
512.65  1.19157
512.85  1.191
513.05  1.19035
513.25  1.18962
513.45  1.1888
513.65  1.1879
513.85  1.18695
514.05  1.18596
514.25  1.18497
514.45  1.18401
514.65  1.18309
514.85  1.18223
515.05  1.18146
515.25  1.18078
515.45  1.18018
515.65  1.17965
515.85  1.17918
516.05  1.17873
516.25  1.1783
516.45  1.17784
516.65  1.17734
516.85  1.17677
517.05  1.17611
517.25  1.17536
517.45  1.17451
517.65  1.17358
517.85  1.17258
518.05  1.17152
518.25  1.17045
518.45  1.16937
518.65  1.16834
518.85  1.16736
519.05  1.16647
519.25  1.16567
519.45  1.16498
519.65  1.1644
519.85  1.16391
520.05  1.16351
520.25  1.16317
520.45  1.16286
520.65  1.16257
520.85  1.16225
521.05  1.16188
521.25  1.16145
521.45  1.16094
521.65  1.16033
521.85  1.15963
522.05  1.15885
522.25  1.158
522.45  1.15709
522.65  1.15615
522.85  1.15521
523.05  1.15428
523.25  1.15338
523.45  1.15255
523.65  1.15178
523.85  1.15108
524.05  1.15046
524.25  1.14992
524.45  1.14943
524.65  1.14899
524.85  1.14858
525.05  1.14819
525.25  1.14779
525.45  1.14737
525.65  1.14692
525.85  1.14643
526.05  1.1459
526.25  1.14534
526.45  1.14473
526.65  1.14411
526.85  1.14346
527.05  1.14281
527.25  1.14217
527.45  1.14154
527.65  1.14093
527.85  1.14034
528.05  1.13977
528.25  1.13922
528.45  1.13868
528.65  1.13813
528.85  1.13757
529.05  1.13699
529.25  1.13637
529.45  1.13572
529.65  1.13501
529.85  1.13426
530.05  1.13347
530.25  1.13265
530.45  1.13181
530.65  1.13096
530.85  1.13012
531.05  1.1293
531.25  1.12853
531.45  1.12781
531.65  1.12715
531.85  1.12655
532.05  1.12602
532.25  1.12553
532.45  1.12509
532.65  1.12467
532.85  1.12426
533.05  1.12383
533.25  1.12336
533.45  1.12283
533.65  1.12222
533.85  1.12152
534.05  1.12073
534.25  1.11983
534.45  1.11883
534.65  1.11775
534.85  1.11659
535.05  1.11538
535.25  1.11413
535.45  1.11287
535.65  1.11161
535.85  1.11038
536.05  1.10918
536.25  1.10804
536.45  1.10695
536.65  1.10592
536.85  1.10494
537.05  1.10401
537.25  1.1031
537.45  1.10221
537.65  1.10131
537.85  1.1004
538.05  1.09945
538.25  1.09844
538.45  1.09738
538.65  1.09625
538.85  1.09505
539.05  1.09378
539.25  1.09245
539.45  1.09105
539.65  1.08961
539.85  1.08813
540.05  1.08663
540.25  1.08511
540.45  1.08359
540.65  1.08207
540.85  1.08057
541.05  1.07908
541.25  1.0776
541.45  1.07615
541.65  1.07472
541.85  1.07329
542.05  1.07188
542.25  1.07047
542.45  1.06906
542.65  1.06766
542.85  1.06625
543.05  1.06484
543.25  1.06343
543.45  1.06202
543.65  1.06061
543.85  1.0592
544.05  1.05779
544.25  1.0564
544.45  1.05501
544.65  1.05363
544.85  1.05226
545.05  1.05089
545.25  1.04954
545.45  1.04818
545.65  1.04682
545.85  1.04547
546.05  1.0441
546.25  1.04272
546.45  1.04134
546.65  1.03994
546.85  1.03854
547.05  1.03712
547.25  1.0357
547.45  1.03428
547.65  1.03286
547.85  1.03145
548.05  1.03004
548.25  1.02865
548.45  1.02728
548.65  1.02592
548.85  1.02459
549.05  1.02327
549.25  1.02197
549.45  1.02069
549.65  1.01943
549.85  1.01818
550.05  1.01695
550.25  1.01574
550.45  1.01454
550.65  1.01336
550.85  1.01219
551.05  1.01105
551.25  1.00993
551.45  1.00883
551.65  1.00778
551.85  1.00675
552.05  1.00577
552.25  1.00483
552.45  1.00393
552.65  1.00308
552.85  1.00227
553.05  1.0015
553.25  1.00077
553.45  1.00007
553.65  0.999405
553.85  0.998757
554.05  0.998125
554.25  0.997503
554.45  0.996886
554.65  0.996268
554.85  0.995647
555.05  0.995021
555.25  0.99439
555.45  0.993753
555.65  0.993114
555.85  0.992477
556.05  0.991846
556.25  0.991227
556.45  0.990626
556.65  0.990049
556.85  0.989502
557.05  0.988991
557.25  0.98852
557.45  0.988094
557.65  0.987715
557.85  0.987384
558.05  0.987102
558.25  0.986867
558.45  0.986676
558.65  0.986525
558.85  0.98641
559.05  0.986325
559.25  0.986264
559.45  0.986219
559.65  0.986186
559.85  0.986157
560.05  0.986126
560.25  0.986089
560.45  0.986043
560.65  0.985984
560.85  0.985911
561.05  0.985825
561.25  0.985728
561.45  0.985622
561.65  0.985512
561.85  0.985402
562.05  0.985299
562.25  0.985209
562.45  0.985138
562.65  0.985092
562.85  0.985075
563.05  0.985091
563.25  0.985144
563.45  0.985233
563.65  0.985359
563.85  0.98552
564.05  0.985711
564.25  0.985928
564.45  0.986166
564.65  0.986419
564.85  0.986679
565.05  0.98694
565.25  0.987197
565.45  0.987444
565.65  0.987679
565.85  0.9879
566.05  0.988104
566.25  0.988295
566.45  0.988473
566.65  0.988642
566.85  0.988806
567.05  0.988972
567.25  0.989143
567.45  0.989326
567.65  0.989524
567.85  0.989743
568.05  0.989986
568.25  0.990254
568.45  0.99055
568.65  0.990874
568.85  0.991225
569.05  0.991602
569.25  0.992003
569.45  0.992427
569.65  0.992872
569.85  0.993335
570.05  0.993816
570.25  0.994311
570.45  0.99482
570.65  0.995342
570.85  0.995876
571.05  0.996419
571.25  0.996972
571.45  0.997531
571.65  0.998096
571.85  0.998663
572.05  0.99923
572.25  0.999795
572.45  1.00035
572.65  1.0009
572.85  1.00145
573.05  1.00198
573.25  1.0025
573.45  1.00301
573.65  1.00352
573.85  1.00402
574.05  1.00454
574.25  1.00506
574.45  1.0056
574.65  1.00617
574.85  1.00677
575.05  1.00742
575.25  1.00811
575.45  1.00884
575.65  1.00962
575.85  1.01045
576.05  1.01131
576.25  1.0122
576.45  1.0131
576.65  1.014
576.85  1.01489
577.05  1.01575
577.25  1.01656
577.45  1.01732
577.65  1.01801
577.85  1.01862
578.05  1.01915
578.25  1.01961
578.45  1.01999
578.65  1.02032
578.85  1.02059
579.05  1.02084
579.25  1.02107
579.45  1.02131
579.65  1.02158
579.85  1.02189
580.05  1.02227
580.25  1.02271
580.45  1.02323
580.65  1.02384
580.85  1.02452
581.05  1.02528
581.25  1.02608
581.45  1.02694
581.65  1.02781
581.85  1.02868
582.05  1.02954
582.25  1.03036
582.45  1.03112
582.65  1.03182
582.85  1.03244
583.05  1.03297
583.25  1.03342
583.45  1.0338
583.65  1.0341
583.85  1.03434
584.05  1.03454
584.25  1.03471
584.45  1.03486
584.65  1.03502
584.85  1.03519
585.05  1.0354
585.25  1.03564
585.45  1.03592
585.65  1.03625
585.85  1.03663
586.05  1.03705
586.25  1.0375
586.45  1.03798
586.65  1.03847
586.85  1.03897
587.05  1.03946
587.25  1.03994
587.45  1.04039
587.65  1.04081
587.85  1.04119
588.05  1.04153
588.25  1.04182
588.45  1.04207
588.65  1.04227
588.85  1.04243
589.05  1.04255
589.25  1.04264
589.45  1.04269
589.65  1.04272
589.85  1.04273
590.05  1.04272
590.25  1.04269
590.45  1.04267
590.65  1.04264
590.85  1.04261
591.05  1.0426
591.25  1.0426
591.45  1.04262
591.65  1.04268
591.85  1.04276
592.05  1.04289
592.25  1.04305
592.45  1.04326
592.65  1.0435
592.85  1.04379
593.05  1.04411
593.25  1.04446
593.45  1.04483
593.65  1.04521
593.85  1.04559
594.05  1.04596
594.25  1.04631
594.45  1.04662
594.65  1.04689
594.85  1.04711
595.05  1.04728
595.25  1.04738
595.45  1.04743
595.65  1.04741
595.85  1.04733
596.05  1.04721
596.25  1.04705
596.45  1.04686
596.65  1.04666
596.85  1.04645
597.05  1.04624
597.25  1.04605
597.45  1.04589
597.65  1.04577
597.85  1.04569
598.05  1.04565
598.25  1.04566
598.45  1.04572
598.65  1.04581
598.85  1.04594
599.05  1.0461
599.25  1.04628
599.45  1.04646
599.65  1.04663
599.85  1.04679
600.05  1.04692
600.25  1.04701
600.45  1.04705
600.65  1.04704
600.85  1.04697
601.05  1.04684
601.25  1.04665
601.45  1.04639
601.65  1.04608
601.85  1.04573
602.05  1.04534
602.25  1.04493
602.45  1.0445
602.65  1.04408
602.85  1.04368
603.05  1.04331
603.25  1.04298
603.45  1.0427
603.65  1.04249
603.85  1.04235
604.05  1.04227
604.25  1.04225
604.45  1.04229
604.65  1.04237
604.85  1.04249
605.05  1.04262
605.25  1.04274
605.45  1.04284
605.65  1.0429
605.85  1.0429
606.05  1.04283
606.25  1.04268
606.45  1.04244
606.65  1.04211
606.85  1.0417
607.05  1.04121
607.25  1.04067
607.45  1.04009
607.65  1.0395
607.85  1.03891
608.05  1.03836
608.25  1.03786
608.45  1.03744
608.65  1.03712
608.85  1.0369
609.05  1.03679
609.25  1.0368
609.45  1.03691
609.65  1.0371
609.85  1.03738
610.05  1.0377
610.25  1.03804
610.45  1.03839
610.65  1.0387
610.85  1.03896
611.05  1.03914
611.25  1.03923
611.45  1.0392
611.65  1.03907
611.85  1.03882
612.05  1.03845
612.25  1.03799
612.45  1.03745
612.65  1.03684
612.85  1.03618
613.05  1.03551
613.25  1.03483
613.45  1.03418
613.65  1.03357
613.85  1.03301
614.05  1.03251
614.25  1.03209
614.45  1.03174
614.65  1.03147
614.85  1.03127
615.05  1.03112
615.25  1.03103
615.45  1.03098
615.65  1.03095
615.85  1.03094
616.05  1.03093
616.25  1.03092
616.45  1.03088
616.65  1.03082
616.85  1.03072
617.05  1.03059
617.25  1.03042
617.45  1.03021
617.65  1.02995
617.85  1.02965
618.05  1.02931
618.25  1.02894
618.45  1.02854
618.65  1.02812
618.85  1.02768
619.05  1.02723
619.25  1.02679
619.45  1.02636
619.65  1.02595
619.85  1.02558
620.05  1.02525
620.25  1.02497
620.45  1.02475
620.65  1.02459
620.85  1.02449
621.05  1.02446
621.25  1.02449
621.45  1.02458
621.65  1.0247
621.85  1.02486
622.05  1.02503
622.25  1.0252
622.45  1.02536
622.65  1.02548
622.85  1.02555
623.05  1.02556
623.25  1.02551
623.45  1.02537
623.65  1.02516
623.85  1.02488
624.05  1.02452
624.25  1.02411
624.45  1.02366
624.65  1.02317
624.85  1.02266
625.05  1.02216
625.25  1.02168
625.45  1.02122
625.65  1.02081
625.85  1.02044
626.05  1.02013
626.25  1.01987
626.45  1.01965
626.65  1.01948
626.85  1.01934
627.05  1.01923
627.25  1.01912
627.45  1.01901
627.65  1.01889
627.85  1.01874
628.05  1.01855
628.25  1.01832
628.45  1.01805
628.65  1.01774
628.85  1.01737
629.05  1.01696
629.25  1.01651
629.45  1.01603
629.65  1.01552
629.85  1.01499
630.05  1.01444
630.25  1.01389
630.45  1.01333
630.65  1.01277
630.85  1.01221
631.05  1.01166
631.25  1.01113
631.45  1.0106
631.65  1.01009
631.85  1.0096
632.05  1.00912
632.25  1.00867
632.45  1.00824
632.65  1.00783
632.85  1.00745
633.05  1.00709
633.25  1.00675
633.45  1.00643
633.65  1.00613
633.85  1.00584
634.05  1.00555
634.25  1.00527
634.45  1.00498
634.65  1.00468
634.85  1.00435
635.05  1.00401
635.25  1.00364
635.45  1.00323
635.65  1.00281
635.85  1.00236
636.05  1.00189
636.25  1.00141
636.45  1.00094
636.65  1.00048
636.85  1.00004
637.05  0.999646
637.25  0.999296
637.45  0.999005
637.65  0.998777
637.85  0.998618
638.05  0.998528
638.25  0.998505
638.45  0.998541
638.65  0.998629
638.85  0.998756
639.05  0.99891
639.25  0.999075
639.45  0.999236
639.65  0.999381
639.85  0.999496
640.05  0.99957
640.25  0.999595
640.45  0.999567
640.65  0.999483
640.85  0.999346
641.05  0.99916
641.25  0.998931
641.45  0.998669
641.65  0.998384
641.85  0.998089
642.05  0.997795
642.25  0.997513
642.45  0.997255
642.65  0.99703
642.85  0.996844
643.05  0.996705
643.25  0.996614
643.45  0.996574
643.65  0.996582
643.85  0.996637
644.05  0.996733
644.25  0.996863
644.45  0.997019
644.65  0.997192
644.85  0.997371
645.05  0.997546
645.25  0.997706
645.45  0.997839
645.65  0.997937
645.85  0.997989
646.05  0.997989
646.25  0.99793
646.45  0.997809
646.65  0.997625
646.85  0.99738
647.05  0.997079
647.25  0.996729
647.45  0.99634
647.65  0.995926
647.85  0.9955
648.05  0.995079
648.25  0.994677
648.45  0.994311
648.65  0.993994
648.85  0.993738
649.05  0.993551
649.25  0.99344
649.45  0.993404
649.65  0.99344
649.85  0.993541
650.05  0.993694
650.25  0.993886
650.45  0.994098
650.65  0.994311
650.85  0.994507
651.05  0.994667
651.25  0.994775
651.45  0.994816
651.65  0.994782
651.85  0.994667
652.05  0.994471
652.25  0.994198
652.45  0.993857
652.65  0.99346
652.85  0.993025
653.05  0.992567
653.25  0.992108
653.45  0.991665
653.65  0.991256
653.85  0.990898
654.05  0.990601
654.25  0.990376
654.45  0.990228
654.65  0.990157
654.85  0.990161
655.05  0.990234
655.25  0.990367
655.45  0.99055
655.65  0.990771
655.85  0.991016
656.05  0.991274
656.25  0.991533
656.45  0.991782
656.65  0.992013
656.85  0.992219
657.05  0.992394
657.25  0.992534
657.45  0.992639
657.65  0.992708
657.85  0.992741
658.05  0.99274
658.25  0.992709
658.45  0.99265
658.65  0.992568
658.85  0.992469
659.05  0.992357
659.25  0.992241
659.45  0.992126
659.65  0.992021
659.85  0.991935
660.05  0.991877
660.25  0.991855
660.45  0.991876
660.65  0.991949
660.85  0.992078
661.05  0.992266
661.25  0.992513
661.45  0.992817
661.65  0.993171
661.85  0.993566
662.05  0.99399
662.25  0.994429
662.45  0.994865
662.65  0.995281
662.85  0.995661
663.05  0.995988
663.25  0.996248
663.45  0.996429
663.65  0.996527
663.85  0.996537
664.05  0.996463
664.25  0.996312
664.45  0.996096
664.65  0.995829
664.85  0.995531
665.05  0.99522
665.25  0.994918
665.45  0.994644
665.65  0.994415
665.85  0.994246
666.05  0.994145
666.25  0.994119
666.45  0.994169
666.65  0.994289
666.85  0.994472
667.05  0.994704
667.25  0.994971
667.45  0.995254
667.65  0.995537
667.85  0.995801
668.05  0.996031
668.25  0.996214
668.45  0.996338
668.65  0.996396
668.85  0.996385
669.05  0.996305
669.25  0.996158
669.45  0.995951
669.65  0.99569
669.85  0.995384
670.05  0.995043
670.25  0.994677
670.45  0.994295
670.65  0.993904
670.85  0.993512
671.05  0.993126
671.25  0.99275
671.45  0.992389
671.65  0.992045
671.85  0.991721
672.05  0.991421
672.25  0.991145
672.45  0.990896
672.65  0.990676
672.85  0.990485
673.05  0.990325
673.25  0.990194
673.45  0.990093
673.65  0.990019
673.85  0.989969
674.05  0.989937
674.25  0.989918
674.45  0.989905
674.65  0.989891
674.85  0.98987
675.05  0.989834
675.25  0.98978
675.45  0.989703
675.65  0.989604
675.85  0.989482
676.05  0.989343
676.25  0.989192
676.45  0.989037
676.65  0.98889
676.85  0.98876
677.05  0.988658
677.25  0.988593
677.45  0.988574
677.65  0.988605
677.85  0.988689
678.05  0.988824
678.25  0.989004
678.45  0.989223
678.65  0.989468
678.85  0.989726
679.05  0.989983
679.25  0.990224
679.45  0.990436
679.65  0.990606
679.85  0.990726
680.05  0.990791
680.25  0.990797
680.45  0.990749
680.65  0.99065
680.85  0.99051
681.05  0.99034
681.25  0.990151
681.45  0.989957
681.65  0.989769
681.85  0.989597
682.05  0.989449
682.25  0.98933
682.45  0.989243
682.65  0.989186
682.85  0.989157
683.05  0.989151
683.25  0.989161
683.45  0.989183
683.65  0.98921
683.85  0.989238
684.05  0.989267
684.25  0.989296
684.45  0.989327
684.65  0.989365
684.85  0.989413
685.05  0.989478
685.25  0.989562
685.45  0.989668
685.65  0.989796
685.85  0.989939
686.05  0.990088
686.25  0.99023
686.45  0.990347
686.65  0.990417
686.85  0.990417
687.05  0.990322
687.25  0.990111
687.45  0.989762
687.65  0.989261
687.85  0.988598
688.05  0.987773
688.25  0.986794
688.45  0.985676
688.65  0.984445
688.85  0.983133
689.05  0.981778
689.25  0.980421
689.45  0.979107
689.65  0.977877
689.85  0.976769
690.05  0.975816
690.25  0.975042
690.45  0.974461
690.65  0.974079
690.85  0.973889
691.05  0.973877
691.25  0.974018
691.45  0.974281
691.65  0.974633
691.85  0.975038
692.05  0.975461
692.25  0.97587
692.45  0.97624
692.65  0.976552
692.85  0.976798
693.05  0.976974
693.25  0.97709
693.45  0.977159
693.65  0.977201
693.85  0.977241
694.05  0.977304
694.25  0.977415
694.45  0.977597
694.65  0.977866
694.85  0.978234
695.05  0.978704
695.25  0.979273
695.45  0.97993
695.65  0.980659
695.85  0.981438
696.05  0.982242
696.25  0.983046
696.45  0.983824
696.65  0.984554
696.85  0.985218
697.05  0.985803
697.25  0.986303
697.45  0.986717
697.65  0.987049
697.85  0.987311
698.05  0.987516
698.25  0.987681
698.45  0.987822
698.65  0.987956
698.85  0.988096
699.05  0.988255
699.25  0.988438
699.45  0.988648
699.65  0.988883
699.85  0.989139
700.05  0.989405
700.25  0.989672
700.45  0.989929
700.65  0.990164
700.85  0.990368
701.05  0.990534
701.25  0.990659
701.45  0.990742
701.65  0.990785
701.85  0.990795
702.05  0.990778
702.25  0.990745
702.45  0.990705
702.65  0.990668
702.85  0.990641
703.05  0.990629
703.25  0.990637
703.45  0.990665
703.65  0.99071
703.85  0.990769
704.05  0.990836
704.25  0.990904
704.45  0.990968
704.65  0.991021
704.85  0.991061
705.05  0.991086
705.25  0.991098
705.45  0.991101
705.65  0.991102
705.85  0.991108
706.05  0.991129
706.25  0.991175
706.45  0.991255
706.65  0.991375
706.85  0.991539
707.05  0.99175
707.25  0.992005
707.45  0.992298
707.65  0.99262
707.85  0.99296
708.05  0.993306
708.25  0.993644
708.45  0.993962
708.65  0.994249
708.85  0.994498
709.05  0.994705
709.25  0.994871
709.45  0.995
709.65  0.995102
709.85  0.995189
710.05  0.995278
710.25  0.995386
710.45  0.995529
710.65  0.995725
710.85  0.995986
711.05  0.996324
711.25  0.996743
711.45  0.997244
711.65  0.997823
711.85  0.998468
712.05  0.999165
712.25  0.999897
712.45  1.00064
712.65  1.00138
712.85  1.00209
713.05  1.00276
713.25  1.00336
713.45  1.00389
713.65  1.00434
713.85  1.0047
714.05  1.00499
714.25  1.00521
714.45  1.00537
714.65  1.00549
714.85  1.00558
715.05  1.00566
715.25  1.00575
715.45  1.00586
715.65  1.006
715.85  1.00618
716.05  1.00641
716.25  1.00668
716.45  1.007
716.65  1.00735
716.85  1.00773
717.05  1.00814
717.25  1.00855
717.45  1.00897
717.65  1.00939
717.85  1.00979
718.05  1.01018
718.25  1.01055
718.45  1.0109
718.65  1.01124
718.85  1.01157
719.05  1.01188
719.25  1.01219
719.45  1.0125
719.65  1.01281
719.85  1.01313
720  1.01347
