# Table format: 1D
   -1.80000000000000e+002     0.00000000000000e+000 
   -1.50000000000000e+002     0.00000000000000e+000 
   -9.00000000000000e+001     0.00000000000000e+000 
   -3.00000000000000e+001     0.00000000000000e+000 
    0.00000000000000e+000     0.00000000000000e+000 
    3.00000000000000e+001     0.00000000000000e+000 
    9.00000000000000e+001     0.00000000000000e+000 
    1.50000000000000e+002     0.00000000000000e+000 
    1.80000000000000e+002     0.00000000000000e+000 
