# Table format: T1D
# table_unit = degC
# axis1_unit = kJ/kg/K
# axis2_unit = barA
# This file was automatically generated by generate_data_files.py
1.0	119
-2.963786162133329	-259.1930000000005
-2.89263210527692	-259.06310601929977
-2.8227552659008652	-258.93200315085727
-2.7539308833833784	-258.7996801438847
-2.6859571028538047	-258.66612564288664
-2.618652592377737	-258.53132818668536
-2.551854400993325	-258.3952762074357
-2.4854160339543596	-258.2579580296367
-2.419205723585561	-258.1193618691233
-2.3531048763766886	-257.979475832061
-2.287006678567268	-257.8382879139213
-2.2208148442432285	-257.6957859984527
-2.1544424913870173	-257.55195785664205
-2.0878111328454687	-257.4067911456628
-2.020849770198576	-257.2602734078196
-1.9534940798832103	-257.1123920694735
-1.8856856818161905	-256.9631344399684
-1.817371481725946	-256.8124877105392
-1.7485030793044716	-256.66043895321206
-1.6790362349404022	-256.50697511969724
-1.6089303886704147	-256.35208304026787
-1.5381482254024594	-256.19574942263046
-1.466655281229876	-256.0379608507824
-1.394419585992582	-255.8787037838636
-1.3214113378301262	-255.71796455499154
-1.2476026058159768	-255.55572937009143
-1.1729670570725574	-255.39198430670862
-1.0974797052415088	-255.22671531281725
-1.0211166773065925	-255.0599082056139
-0.9438549960404634	-254.89154867029825
-0.8656723757265136	-254.72162225884657
-0.7865470286449417	-254.55011438877094
-0.7064574803514406	-254.37701034186927
-0.6253823915682734	-254.20229526295995
-0.5433003847775981	-254.02595415860938
-0.4601898735994473	-253.84797189584302
-0.37602889299113307	-253.6683332008485
-0.2907949284771457	-253.48702265766525
-0.20446474230568856	-253.30402470685846
-0.11701419456861914	-253.11932364418718
-0.020841074422933162	-252.91699357998712
0.5439098108965329	-252.91699347283821
1.1086606662441763	-252.91699347283821
1.6734115215918193	-252.91699347283821
2.2381623769394627	-252.91699347283821
2.8029132322871053	-252.91699347283821
3.3676640876347492	-252.91699347283821
3.932414942982393	-252.91699347283821
4.497165798330034	-252.91699347283821
5.061916653677679	-252.91699347283821
5.62666750902532	-252.91699347283821
6.191418364372966	-252.91699347283821
6.756169219720608	-252.91699347283821
7.320920075068251	-252.91699347283821
7.885670930415894	-252.91699347283821
8.45042178576354	-252.91699347283821
9.015172641111178	-252.91699347283821
9.579923496458825	-252.91699347283821
10.144674351806467	-252.91699347283821
10.70942520715411	-252.91699347283821
11.27417606250175	-252.91699347283821
11.838926917849394	-252.91699347283821
12.403677773197039	-252.91699347283821
12.968428628544682	-252.91699347283821
13.533179483892326	-252.91699347283821
14.09793033923997	-252.91699347283821
14.662681194587611	-252.91699347283821
15.227432049935258	-252.91699347283821
15.792182905282898	-252.91699347283821
16.35693376063054	-252.91699347283821
16.921684615978187	-252.91699347283821
17.486435471325823	-252.91699347283821
18.051186326673474	-252.91699347283821
18.615937182021113	-252.91699347283821
19.180688037368757	-252.91699347283821
19.745438892716397	-252.91699347283821
20.310189748064044	-252.91699347283821
20.874940603411684	-252.91699347283821
21.439691458759327	-252.91699347283821
22.125654622692615	-252.7146639318533
22.390676478710027	-252.26061058453897
22.652358703911304	-251.79646861223117
22.91107874188293	-251.32201385546742
23.16716152367089	-250.83701717417946
23.42088800158538	-250.34124433702885
23.67250207019411	-249.83445590828413
23.922216247072445	-249.316407132184
24.170216381590812	-248.78684781473157
24.416665588283912	-248.24552220286202
24.661707551194354	-247.69216886092545
24.905469310736283	-247.12652054442543
25.148063619371506	-246.54830407095196
25.389590934892187	-245.95724018824686
25.630141106791793	-245.35304343933768
25.869794801850805	-244.73542202467482
26.108624707697892	-244.10407766120576
26.346696547570637	-243.45870543831785
26.584069935076872	-242.79899367058033
26.820799094074406	-242.1246237472145
27.05693346573226	-241.43526997821914
27.29251822226774	-240.73059943707716
27.527594704330898	-240.01027179996703
27.762200797011143	-239.27393918140214
27.996371257460677	-238.52124596621772
28.23013800530322	-237.75182863782487
28.46353038540296	-236.9653156026488
28.69657541091833	-236.16132701066573
28.929297993350776	-235.3394745719529
29.161721164777877	-234.49936136916207
29.39386629646644	-233.64058166582635
29.625753316879273	-232.76272071040825
29.857400931180454	-231.86535453599322
30.08882684350759	-230.94804975553325
30.32004798247479	-230.0103633525403
30.551080729826353	-229.05184246712975
30.781941151496955	-228.07202417730946
31.012645230032504	-227.07043527540975
31.24320909680985	-226.04659203954537
31.473649262286724	-225.0
5.0	119
-3.0198062504129486	-259.1930000000003
-2.892327069170773	-258.9567343680134
-2.7685360401421786	-258.71646920540684
-2.6472564946953208	-258.4721368076872
-2.5275192844057455	-258.2236683242486
-2.4085251925978812	-257.97099373897885
-2.2896140020983293	-257.7140418505221
-2.1702390605350956	-257.45274025222005
-2.049946374313906	-257.187015311705
-1.9283574227420615	-256.9167921501535
-1.8051550189889969	-256.64199462118535
-1.6800716581027955	-256.3625452894041
-1.5528798874486238	-256.07836540858113
-1.4233843144951388	-255.78937489946162
-1.2914149328237399	-255.49549232719937
-1.1568215019367636	-255.19663487841171
-1.0194687610641122	-254.89271833784147
-0.8792322935890406	-254.58365706462612
-0.735994887650013	-254.26936396816538
-0.5896432607630268	-253.94975048357895
-0.44006503337435426	-253.62472654675162
-0.2871458470942453	-253.29420056895248
-0.13076652981899678	-252.9580794110263
0.029199789500795305	-252.61626835714821
0.19289071889407933	-252.26867108813326
0.36045790852140636	-251.91518965429472
0.5320707581266761	-251.55572444784315
0.7079206942627206	-251.19017417481726
0.8882262328518554	-250.81843582654022
1.0732391143115239	-250.4404046505932
1.26325190437492	-250.0559741212971
1.458607613050379	-249.66503590969361
1.6597121275225655	-249.26747985302103
1.8670506356349215	-248.86319392366948
2.081209828654304	-248.45206419761374
2.3029086882956324	-248.03397482230994
2.5330424146633597	-247.60880798404972
2.7727472069747745	-247.17644387476128
3.0234995970418677	-246.73676065824827
3.2872761371983215	-246.28963443585886
3.8017176537693307	-246.01831766997282
4.150903180880998	-246.01831766997282
4.500088707992664	-246.01831766997282
4.849274235104331	-246.01831766997282
5.198459762215997	-246.01831766997282
5.547645289327664	-246.01831766997282
5.896830816439329	-246.01831766997282
6.246016343550996	-246.01831766997282
6.595201870662662	-246.01831766997282
6.944387397774328	-246.01831766997282
7.293572924885995	-246.01831766997282
7.642758451997661	-246.01831766997282
7.991943979109328	-246.01831766997282
8.341129506220994	-246.01831766997282
8.690315033332661	-246.01831766997282
9.039500560444328	-246.01831766997282
9.388686087555994	-246.01831766997282
9.73787161466766	-246.01831766997282
10.087057141779326	-246.01831766997282
10.43624266889099	-246.01831766997282
10.785428196002657	-246.01831766997282
11.134613723114326	-246.01831766997282
11.48379925022599	-246.01831766997282
11.832984777337659	-246.01831766997282
12.182170304449324	-246.01831766997282
12.53135583156099	-246.01831766997282
12.880541358672655	-246.01831766997282
13.22972688578432	-246.01831766997282
13.578912412895992	-246.01831766997282
13.928097940007657	-246.01831766997282
14.277283467119323	-246.01831766997282
14.626468994230988	-246.01831766997282
14.975654521342657	-246.01831766997282
15.324840048454321	-246.01831766997282
15.674025575565988	-246.01831766997282
16.023211102677656	-246.01831766997282
16.372396629789318	-246.01831766997282
16.72158215690099	-246.01831766997282
17.070767758604138	-246.01831738711508
17.257323223337533	-245.74700056098624
17.516570126010105	-245.34806789108939
17.76424352547247	-244.94332756223662
18.00230768193584	-244.53269502657042
18.23225950408727	-244.11608450538606
18.45526940576546	-243.69340897121316
18.672271900526248	-243.26458012963593
18.884026261534544	-242.82950840084925
19.091158518287354	-242.38810290094574
19.29419136443548	-241.94027142293075
19.493565976989455	-241.4859204174609
19.689658270711078	-241.0249549733021
19.882791230132803	-240.55727879750324
20.073244417457843	-240.08279419528105
20.261261408803986	-239.60140204961237
20.447055684844965	-239.11300180052908
20.630815351194702	-238.6174914241118
20.81270696054306	-238.1147674111776
20.992878636996263	-237.60472474565768
21.171462652274407	-237.08725688266003
21.348577566910535	-236.56225572621284
21.524330023206772	-236.02961160668394
21.69881625680346	-235.48921325787143
21.872123379388825	-234.94094779376087
22.04433047365956	-234.38470068494397
22.215509533436038	-233.82035573469417
22.385726275164636	-233.24779505469382
22.555040842013433	-232.66689904040794
22.723508417783304	-232.07754634609958
22.891179764688015	-231.47961385948147
23.058101696565746	-230.87297667599847
23.224317497073674	-230.2575080727359
23.389867290740835	-229.6330794819478
23.55478837355692	-228.9995604641997
23.71911550853867	-228.356818681121
23.88288119095471	-227.70471986776002
24.046115887079388	-227.04312780453674
24.208848249835896	-226.37190428878753
24.37110531407688	-225.6909091058954
24.53291267386917	-225.0
10.0	118
-3.0861734332330526	-259.1929999999997
-2.932379766575992	-258.9049965207561
-2.7837990095056595	-258.6110500735355
-2.638436158050783	-258.3110380248593
-2.49471490151342	-258.00483521070095
-2.3513873556973413	-257.6923138842676
-2.2074629379175605	-257.37334366270215
-2.0621523733884097	-257.04779147269153
-1.9148236168669537	-256.71552149494767
-1.7649671188034117	-256.3763951075424
-1.6121683872500434	-256.03027082807824
-1.456086217785254	-255.67700425465802
-1.2964353009751066	-255.31644800564504
-1.1329721858045088	-254.94845165817435
-0.9654837899953127	-254.57286168539594
-0.7937778139524162	-254.1895213924247
-0.6176745427940041	-253.79827085096835
-0.4369996160352603	-253.3989468326048
-0.2515774124469608	-252.9913827406838
-0.06122474091965705	-252.57540854082526
0.13425545099377634	-252.15085068997925
0.33508064168598506	-251.71753206402474
0.5414958918094636	-251.2752718838759
0.7537819698909298	-250.82388564005873
0.972264925884083	-250.36318501573703
1.1973277517762035	-249.89297780814593
1.429425020060502	-249.41306784840512
1.6691017860565336	-248.92325491967878
1.917018672630191	-248.4233346736459
2.173986094317399	-247.91309854524525
2.4410123412208633	-247.3923336656651
2.7193733584173025	-246.86082277353307
3.0107178311906755	-246.31834412427625
3.317232517817058	-245.76467139761007
3.6419166111703962	-245.19957360311832
3.9890686001507567	-244.62281498388447
4.365229348746128	-244.03415491813453
4.781242971857078	-243.43334781885125
5.257644022078254	-242.8201430313147
5.843776423442177	-242.19428472853136
6.409524849890971	-241.8816007909818
6.603062623181857	-241.8816007909818
6.796600396472746	-241.8816007909818
6.990138169763633	-241.8816007909818
7.183675943054522	-241.8816007909818
7.377213716345409	-241.8816007909818
7.570751489636296	-241.8816007909818
7.764289262927185	-241.8816007909818
7.957827036218073	-241.8816007909818
8.151364809508959	-241.8816007909818
8.344902582799849	-241.8816007909818
8.538440356090737	-241.8816007909818
8.731978129381623	-241.8816007909818
8.925515902672512	-241.8816007909818
9.119053675963402	-241.8816007909818
9.312591449254287	-241.8816007909818
9.506129222545177	-241.8816007909818
9.699666995836063	-241.8816007909818
9.893204769126951	-241.8816007909818
10.086742542417838	-241.8816007909818
10.280280315708726	-241.8816007909818
10.473818088999614	-241.8816007909818
10.667355862290504	-241.8816007909818
10.86089363558139	-241.8816007909818
11.05443140887228	-241.8816007909818
11.247969182163164	-241.8816007909818
11.441506955454056	-241.8816007909818
11.63504472874494	-241.8816007909818
11.828582502035832	-241.8816007909818
12.022120275326719	-241.8816007909818
12.215658048617605	-241.8816007909818
12.409195821908492	-241.8816007909818
12.602733595199382	-241.8816007909818
12.796271368490268	-241.8816007909818
12.989809141781159	-241.8816007909818
13.183346915072043	-241.8816007909818
13.376884688362932	-241.8816007909818
13.57042246165382	-241.8816007909818
14.220718205587007	-241.56891696544344
14.616275319804437	-241.22553209145624
14.953452334760689	-240.87841355287136
15.252999685570598	-240.5275207531093
15.525898274949752	-240.17281265417915
15.77876722142566	-239.81424777187902
16.01594848801289	-239.45178417094436
16.240465483241714	-239.08537946014354
16.454519289277496	-238.71499078732
16.659768569604495	-238.34057483438056
16.857498134809546	-237.96208781222924
17.048725841113367	-237.57948545564608
17.23427328506764	-237.1927230181101
17.414814208966682	-236.80175526656598
17.59090862975642	-236.4065364761341
17.763027512249536	-236.0070204247628
17.931570997036992	-235.60316038782247
18.096882124151104	-235.19490913264113
18.25925733938441	-234.78221891298023
18.418954657706433	-234.36504146345078
18.57620009084884	-233.94332799386842
18.731192769020797	-233.51702918354735
18.88410906626098	-233.08609517553205
19.035105956087822	-232.65047557076642
19.18432376559265	-232.21011942219937
19.33188845452294	-231.76497522882653
19.47791351553984	-231.31499092966695
19.622501569757237	-230.8601138976744
19.76574571511615	-230.4002909335826
19.90773067274131	-229.93546825968326
20.048533767024054	-229.46559151353662
20.188225767969154	-228.99060574161376
20.326871618651786	-228.5104553928694
20.464531066419557	-228.02508431224524
20.601259212872947	-227.5344357341022
20.737106995079667	-227.0384522755818
20.872121608221903	-226.5370759298948
21.006346878081562	-226.0302480595373
21.139823590558954	-225.51790938943287
21.27258978402149	-225.0
15.000000000000002	89
-3.1488300454271956	-259.1929999999999
-2.16243358094804	-257.1143320579091
-1.3519161873776466	-255.25829089854312
-0.6239879729440436	-253.6058701679529
0.03895224289223552	-252.1266084335426
0.645781390119344	-250.7957772584325
1.203494862996973	-249.59446572924153
1.7180434551816435	-248.50789715706117
2.194504650863819	-247.52411898188936
2.6371994480201977	-246.6331467901607
3.049808015366085	-245.82641892345765
3.4354768764646724	-245.09644503614788
3.796911575336009	-244.43657381542468
4.136453790229745	-243.8408340419142
4.456144433262758	-243.30382109305336
4.757775058657862	-242.82061192407284
5.042929846061393	-242.38669828978604
5.313020067840815	-241.99793215233564
5.569312539709732	-241.65047981947274
5.812953189454973	-241.34078294519998
6.044986587568187	-241.06552544947687
6.266372066055425	-240.82160590039925
6.477996896961704	-240.60611510127373
6.680686898563057	-240.41631864130343
6.875214772955514	-240.24964407781152
7.06230644418113	-240.10367227564302
7.2426456525558605	-239.9761322768361
7.416877061245963	-239.86489894130528
7.585608138325624	-239.76799250872216
7.749410085610114	-239.68357919682737
7.908818088893779	-239.6099719783478
8.064331158604473	-239.5456307664249
8.216411812498235	-239.48916137885317
8.36548582218215	-239.4393128303405
8.511942203847692	-239.3949727010709
8.656133584395052	-239.35516052904097
8.798377020575106	-239.3190193540246
8.938955296798609	-239.2858056873936
9.07811868041195	-239.25487828469096
9.216087075913325	-239.22568615340595
9.353052493236959	-239.1977562392824
9.489181730776094	-239.17068120773223
9.624619170099496	-239.1441076823401
9.759489584624767	-239.1177252307489
9.89390087636467	-239.09125630949
10.081296653800644	-239.05361258533074
10.268194224492648	-239.01466076795498
10.454777945784851	-238.973783536167
10.641207393312827	-238.9303653451649
10.827624955838546	-238.8837734276069
11.014161686407402	-238.83334492608483
11.200941613127478	-238.77837900083853
11.38808474769164	-238.71813281983265
11.575709034755826	-238.651820464477
11.763931470717303	-238.578613938087
11.952868595002219	-238.4976456215981
12.142636526919901	-238.40801166737296
12.333350690313615	-238.30877594944462
12.525125339724124	-238.19897429428067
12.718072976068594	-238.07761880015482
12.9123037183946	-237.94370211719402
13.10792467988655	-237.79620160665746
13.305039381808601	-237.63408332980816
13.503747227283196	-237.4563058366415
13.704143047361635	-237.26182373535704
13.90631672485359	-237.04959102718112
14.11035289569106	-236.81856419012104
14.316330723604187	-236.56770499136445
14.524323741013184	-236.29598300301254
14.7343997471435	-236.00237779108727
14.946620753504336	-235.68588074446262
15.161042966697366	-235.34549650942046
15.377716799084098	-234.98024399749025
15.596686899046414	-234.589156939324
15.817992194110529	-234.17128396545897
16.0416659421986	-233.72568820549344
16.26773578839656	-233.25144640972732
16.49622382670082	-232.74764761079774
16.727146668409	-232.21339135626548
16.960515520347283	-231.64778555549455
17.196336277880707	-231.04994399463098
17.43460963848792	-230.41898358134517
17.67533124234248	-229.75402138581873
17.918491846608	-229.0541715460682
18.16407753972523	-228.3185421042059
18.41207000156585	-227.54623183597226
18.66244681419991	-226.7363271293277
18.915181827015243	-225.88789895967176
19.17024557840079	-225.0
20.0	89
-3.2081191412620247	-259.19300000000004
-2.185556546691805	-257.01298426110844
-1.3532021921705455	-255.08249674536907
-0.6076312343627215	-253.36745464729754
0.0704809692632407	-251.8311352079968
0.6908421121900902	-250.44623543176039
1.2609677930111065	-249.19262265559414
1.787162515392527	-248.05484313931436
2.2747551796454935	-247.0205143704515
2.728251887982711	-246.07934753175357
3.1514736139914024	-245.22254762599894
3.547677293820307	-244.4424358671449
3.9196573880454526	-243.73220429407547
4.269828715803102	-243.08575015808418
4.600293235398829	-242.49755904620628
4.912893808306195	-241.96261817765404
5.209257665752434	-241.47634877912643
5.490831777031533	-241.03455100567703
5.758911809218116	-240.63335767518706
6.014665943485685	-240.26919478023203
6.25915448723454	-239.93874772297968
6.4933459845781325	-239.6389327346555
6.718130362479948	-239.3668731564825
6.934329540198669	-239.11988028906956
7.142705859829672	-238.8954384443596
7.3439686540458355	-238.6911937178017
7.53877924299147	-238.5049458803589
7.727754638314248	-238.33464269860247
7.911470221462659	-238.17837594349015
8.090461651717312	-238.03437835204983
8.26522624279093	-237.90102086076334
8.436224024304188	-237.77680952826776
8.603878674852663	-237.6603816966521
8.768578478470445	-237.55050109090598
8.93067741732765	-237.44605170989303
9.090496473853477	-237.34603050559326
9.248325177235529	-237.24953896895454
9.404423395674677	-237.15577383295349
9.559023348277435	-237.0640171629591
9.712331790705212	-236.97362613174266
9.864532316263766	-236.88402277516172
10.015787709376776	-236.79468400048674
10.166242289310322	-236.70513207935204
10.316024187894538	-236.61492580819714
10.46524751391448	-236.52365246687015
10.616854658479802	-236.42913111719602
10.768084893651308	-236.3326968166439
10.919026273348369	-236.23396173508047
11.069759275315329	-236.13254356392292
11.220358169908636	-236.02806155284526
11.370892179290765	-235.92013338276965
11.52142644137051	-235.80837278510194
11.67202279602643	-235.69238781383268
11.822740413069726	-235.57177967838462
11.973636281864717	-235.44614204961562
12.124765582363121	-235.3150607580517
12.276181956211106	-235.1781138112934
12.427937695148401	-235.0348716658928
12.58008386228513	-234.88489769730347
12.732670360017568	-234.7277488193959
12.885745956431144	-234.56297621226997
13.039358280381188	-234.39012612355694
13.193553793707864	-234.20874071403574
13.348377747598104	-234.01835892320452
13.50387412870489	-233.81851733449477
13.660085599466226	-233.60875102317422
13.817053436107933	-233.3885943727429
13.974817466852256	-233.15758184788587
14.133416012275964	-232.91524871390487
14.29288582905382	-232.66113169410372
14.453262057987974	-232.39476955793214
14.614578176833689	-232.11570363388066
14.776865958134644	-231.82347824222026
14.940155432265252	-231.51764104374948
15.104474855594336	-231.19774330177768
15.269850683823229	-230.8633400556621
15.436307550393977	-230.51399020532887
15.603868250085972	-230.14925650734688
15.772553727771156	-229.76870548426817
15.942383072554135	-229.37190725008082
16.113373517513274	-228.95843525571337
16.285540445318446	-228.52786595955013
16.458897400151937	-228.07977842884057
16.63345610629022	-227.6137538786796
16.809226493886673	-227.12937515588115
16.986216732347383	-226.62622617554297
17.16443327183742	-226.1038913183972
17.343880893307738	-225.56195479715672
17.524562767511235	-225.0
25.000000000000004	89
-3.264351161829196	-259.1929999999993
-2.2074183265557514	-256.91349504812587
-1.3546711583407596	-254.91127551852284
-0.5924462146721781	-253.13550671120672
0.10008784423209727	-251.54347507313054
0.7333505601659417	-250.1055634016821
1.315314890828915	-248.80056199017582
1.8526031222967432	-247.61241905605232
2.350772485110909	-246.5283684573659
2.814497519414872	-245.53784692967653
3.247726722918451	-244.63184753703567
3.653816020670347	-243.8025196630356
4.035638406194747	-243.04291232700177
4.395672048503533	-242.34680271182327
4.73607052051276	-241.70857617965038
5.058718825496733	-241.12313783821583
5.365278354869225	-240.58584382327146
5.657223245034926	-240.09244535472473
5.935869999053888	-239.63904160755268
6.202401756966487	-239.22203923685214
6.457888237652369	-238.83811743602507
6.7033021165858955	-238.4841979556241
6.9395324253533035	-238.15741974544443
7.167395439261571	-237.855117927131
7.387643441378139	-237.5748067461263
7.600971701018512	-237.31416605183625
7.8080239712065085	-237.07103075557333
8.009396784908139	-236.8433826438186
8.20564280847367	-236.6293438938955
8.39727348836232	-236.42717165472845
8.584761202255264	-236.23525311387183
8.768541096976026	-236.0521005651099
8.949012763846666	-235.8763461070775
9.126541868509724	-235.70673572977978
9.301461818042212	-235.5421226703334
9.474075516308657	-235.3814600313322
9.64465722952038	-235.22379274736437
9.8134545600703	-235.06824905300522
9.980690508525818	-234.91403164783713
10.146565591108054	-234.76040877217153
10.311259973361157	-234.60670540461524
10.47493557866104	-234.45229477405752
10.637738132366911	-234.29659034911523
10.799799107183702	-234.1390384323847
10.961237542012707	-233.97911144919226
11.076199983628467	-233.8631724827128
11.190936855076812	-233.74558342209872
11.305482489034533	-233.62616740284915
11.419869303224608	-233.50474984878156
11.534128010948189	-233.38115782295688
11.648287810355425	-233.25521946877376
11.76237655335758	-233.12676353576467
11.876420895199292	-232.9956189841319
11.990446425849573	-232.86161466176685
12.104477784520947	-232.72457904735967
12.218538758589887	-232.58434005321098
12.33265236829687	-232.44072488146924
12.44684093854297	-232.29355992771642
12.561126159049572	-232.14267072608814
12.675529134234413	-231.98788193042344
12.790070423849858	-231.8290173262783
12.904770075607114	-231.6658998689916
13.0196476507755	-231.49835174335627
13.134722243688069	-231.32619444080407
13.250012496083043	-231.14924885036697
13.365536606994457	-230.9673353600133
13.481312338960358	-230.78027396528
13.597357021151112	-230.58788438242587
13.713687549945899	-230.38998616361582
13.8303203875497	-230.18639881191362
13.947271558950655	-229.97694189410845
14.064556647713296	-229.76143514963212
14.182190790881403	-229.53969859403955
14.300188673273661	-229.3115526157258
14.418564521444962	-229.07681806473946
14.537332097499633	-228.83531633272918
14.65650469298102	-228.58686942322288
14.77609512294922	-228.33130001159583
14.8961157204099	-228.06843149422843
15.016578331253491	-227.79808802649296
15.137494309727103	-227.52009454933892
15.258874514586292	-227.23427680436887
15.380729306047783	-226.94046133741247
15.50306854352262	-226.6384754907149
15.625901584291832	-226.32814738395635
15.749237283115276	-226.00930588441258
15.873083992896602	-225.68178056665204
15.997449566387571	-225.3454016622413
16.122341359050015	-225.0
30.000000000000004	89
-3.317808400920592	-259.193
-2.228435486166738	-256.8162726103768
-1.3566074258573353	-254.74489279169654
-0.5785727739827707	-252.9100562451785
0.12775416328664868	-251.2634537413918
0.7733899674480781	-249.7734168619399
1.3667101693833248	-248.41779024356643
1.9146253773318604	-247.17999133100142
2.4229029061822223	-246.04690784386398
2.8963728873617947	-245.00772522483388
3.3391013391418385	-244.05324039519834
3.754534794462845	-243.1754425654022
4.1456173953674735	-242.36724674151876
4.514883942007088	-241.62231704179837
4.864533402975649	-240.93494382223338
5.19648714150954	-240.29995349657736
5.512435372262262	-239.7126385788526
5.813874564920552	-239.16870065733855
6.102137822677381	-238.6642021561415
6.378419726392254	-238.19552463364542
6.643796739748679	-237.75933246161082
6.899243990538642	-237.35254130827002
7.145649050334469	-236.97229110138755
7.383823205427267	-236.61592320269853
7.614510625896044	-236.28096147481344
7.838395781942643	-235.96509682931367
8.056109416213818	-235.66617475297164
8.268233349204063	-235.3821852437797
8.475304366958328	-235.11125456268763
8.677817412820644	-234.85163822359644
8.87622827607207	-234.60171469908255
9.070955939888023	-234.35997940377712
9.262384719617666	-234.12503862022305
9.450866290973499	-233.89560314186394
9.63672167774383	-233.6704815141145
9.820243241657503	-233.4485728488473
10.00169669364579	-233.22885926435185
10.18132312719617	-233.0103980589111
10.359341060903855	-232.79231376114
10.535948468217626	-232.57379021573647
10.71132476808317	-232.3540628623229
10.885632749094627	-232.13241135139737
11.059020401706919	-231.90815261906693
11.231622636937537	-231.6806345149664
11.403562874849886	-231.44923004878362
11.482628682212905	-231.34108565210403
11.561588495302015	-231.23192804827454
11.640452400822193	-231.12169960715383
11.719230139739812	-231.01034324253584
11.797931129247882	-230.89780234239146
11.876564483335242	-230.78402070503003
11.955139032057486	-230.6689424809895
12.03366333944071	-230.55251212044175
12.112145720168018	-230.4346743258835
12.190594255007804	-230.31537400987108
12.269016805088148	-230.19455625754566
12.347421025038697	-230.0721662936889
12.425814375044778	-229.948149454045
12.50420413192641	-229.82245116064183
12.582597399186342	-229.6950169008441
12.661001116215251	-229.56579220987288
12.739422066590748	-229.43472265652977
12.817866885586643	-229.3017538318676
12.896342066948302	-229.1668313405562
12.974853968941607	-229.02990079469834
13.053408819751814	-228.89090780985856
13.13201272231713	-228.74979800307614
13.210671658548527	-228.6065169926423
13.289391493101604	-228.4610103994309
13.368177976615728	-228.31322384958162
13.44703674857039	-228.1631029783447
13.525973339746706	-228.0105934349054
13.604993174317293	-227.85564088801723
13.684101571621374	-227.6981910322828
13.763303747691214	-227.53818959493026
13.842604816463776	-227.37558234294357
13.922009790814482	-227.2103150904153
14.00152358337585	-227.0423337059982
14.08115100717824	-226.87158412034276
14.160896776164883	-226.69801233341602
14.240765505525284	-226.52156442160572
14.320761712007226	-226.342186544523
14.40088981405273	-226.1598249514241
14.48115413192101	-225.97442598718044
14.561558887738736	-225.78593609773347
14.642108205526137	-225.59430183497852
14.722806111165323	-225.3994698610287
14.803656532399357	-225.20138695181674
14.884663298798726	-225.0
