# Table format: 1D
# table_unit = barA
# axis1_unit = kJ/kg
# This file was automatically generated by generate_data_files.py
-51.6584844576803	0.07694406337008705
-49.70964005665399	0.08881026897837185
-47.82885528550803	0.10182950197503375
-45.99458164350322	0.11615720766617389
-44.191036896805436	0.13185976339815852
-42.40617436495043	0.14900184035627145
-40.630678782823935	0.16764759428830572
-38.85754319732292	0.18785874138510308
-37.08150635105577	0.20969431258541815
-35.298463589752664	0.23321235317055536
-33.50534014018274	0.2584681541161827
-31.699954904666257	0.2855136817046654
-29.88061042610538	0.3143995369667744
-28.04605795760199	0.345173411660017
-26.195557359078908	0.37787927272673144
-24.328557595696484	0.41255941613176816
-22.444679662720983	0.44925319967506555
-20.543868051271275	0.48799606178363436
-18.62612058413246	0.5288215226769175
-16.691480873386723	0.5717602290815346
-14.740213350518333	0.6168388812135048
-12.772570820858736	0.6640820604279918
-10.788802578573163	0.713511604446955
-8.789309951990795	0.7651455075149372
-6.774457999086036	0.818999482626215
-4.744587652344598	0.8750866711763594
-2.700146484438902	0.9334165704425746
-0.6415394833718032	0.993996267271445
1.4308593015219655	1.0568304732939184
3.5166013738982733	1.1219205224231639
5.615278142439211	1.1892652395999919
7.726510966523392	1.2588612828755765
9.849876133970312	1.3307022380149185
11.984974886570154	1.4047791182707428
14.131439207366157	1.4810809842134771
16.288881745219513	1.559594121680419
18.456918589271066	1.6403022572065975
20.63520093638137	1.723187349254321
22.82337651638208	1.808228866967955
25.02108219813579	1.8954038034858327
27.227990109515623	1.9846875364929117
29.443779595952076	2.076053225860925
31.66811028658924	2.169471691486191
33.90067477014431	2.2649122653459224
36.14117979139338	2.3623423168718185
38.38930756160613	2.4617270493065386
40.6447696059342	2.5630302872983726
42.907295846770744	2.6662141307972123
45.176589257027544	2.771238712370559
47.45237999967707	2.8780628835338073
49.73441567255652	2.9866439911991036
52.02241897919137	3.0969376279939542
54.3161362749754	3.2088981970203645
56.61532994482196	3.3224787993701232
58.91974069469871	3.437631000306365
61.22912858051116	3.5543052660599193
63.543268655883274	3.6724509465629573
65.86191798390885	3.7920160724367755
68.18484817749857	3.9129476688270004
70.51184532858925	4.035191814282858
72.84268155040479	4.158693476768333
75.17713826377391	4.283396718590465
77.51501118578581	4.4092448107478015
79.85608741388049	4.536180107709453
82.20015604664985	4.664144170140284
84.5470223890963	4.793077907407469
86.89648706242394	4.922921487449969
89.24834705850621	5.053614411907771
91.60241711077693	5.185095654226177
93.95851033182865	5.317303605623017
96.31643242370947	5.450176127202408
98.6760077606562	5.583650663227318
101.03706125444118	5.717664220218322
103.39940974248809	5.852153413423513
108.12733058467667	6.1223036107301585
110.49256838687187	6.25783635095414
115.22481672763385	6.529494776357737
117.59152022208548	6.665491014924942
119.95841600608905	6.801512107967343
122.32537247746514	6.937493072851859
124.69224709433746	7.0733689235796815
127.05891431956091	7.209074656397343
129.42526173795773	7.344545281985211
131.7911668412205	7.479715917338002
134.15652275630612	7.614521759951544
136.52123980133874	7.748898108093642
138.8852201410227	7.88278046326427
141.24837959842017	8.016104506540529
143.61065568967015	8.148806097077703
145.97198127332285	8.280821380828279
148.3322996445519	8.412086782775576
150.69158118500985	8.54253897435781
153.04979690958808	8.672114986871996
155.40692349639144	8.800752225350557
157.76297156711163	8.928388403894365
160.11795850186627	9.054961660680528
162.47190272094227	9.18041059365673
164.82486387223486	9.304674169282164
167.176915870139	9.427691834001868
169.5281293228348	9.54940357000529
171.87862379459494	9.669749785163289
174.22854239528334	9.788671415740685
176.57802105299749	9.906109998982512
178.92725292851546	10.022007553167937
181.27646608400397	10.136306666685945
183.62587839232899	10.248950583331307
185.97577420499485	10.35988308161122
188.32648599773964	10.469048545960998
190.67833539263367	10.576392060295984
193.0317194182258	10.681859295181047
195.3871004382488	10.785396557833145
197.7449319801107	10.886950889570949
200.10575087542327	10.986469968408954
202.47018202642008	11.083902135478244
204.8388477899177	11.179196492444365
207.21245901305582	11.272302825773338
209.59184495601374	11.363171608168505
211.97784540058035	11.451754092714816
214.37138787248406	11.538002263756962
216.77355897518956	11.621868812627003
219.18547973398933	11.703307226989862
221.6083457775326	11.782271770652633
224.04356850590545	11.858717434541468
226.49262596529863	11.932600023105577
228.9570457829258	12.00387615912537
231.43864196187118	12.072503217704794
233.93933618713007	12.138439409653511
236.4610545907141	12.201643809783116
239.00609018800512	12.262076281994796
241.57689209742782	12.319697561809072
244.1758258994318	12.37446931100111
246.80570182146232	12.42635404341809
249.46953324111155	12.475315213773815
252.17006929486553	12.521317308983987
254.91054389163145	12.564325790828525
257.69441862760954	12.604307207696746
260.524515538929	12.64122934514564
263.40406041219705	12.675061216267217
266.33650373187766	12.70577322821066
269.3238908280992	12.733337427202766
272.3683069198351	12.757727584703522
275.4722343654588	12.77891945707985
278.6352986883386	12.79689114483041
281.8560095035689	12.811623300741903
285.1352827727666	12.82309946578281
288.47036948458623	12.83130645762841
291.8527645094825	12.836234600421674
295.26715631943193	12.837877975132864
298.71451415249743	12.836234600421674
302.19523454378043	12.83130645762841
305.69071824056005	12.82309946578281
309.18686685642325	12.811623300741903
312.6741020598306	12.79689114483041
316.1460732356063	12.77891945707985
319.5931163027723	12.757727584703522
323.00653479322943	12.733337427202766
326.3812653264671	12.70577322821066
329.71217589546717	12.675061216267217
332.9945455709003	12.64122934514564
336.2261629741843	12.604307207696746
339.40521189078055	12.564325790828525
342.52991651512286	12.521317308983987
345.60007439689593	12.475315213773815
348.6157715773446	12.42635404341809
351.57686299863303	12.37446931100111
354.4841302508747	12.319697561809072
357.3385124745516	12.262076281994796
360.14059753468865	12.201643809783116
362.8914966343438	12.138439409653511
365.5924127052958	12.072503217704794
368.2441831048203	12.00387615912537
370.84792233710147	11.932600023105577
373.40481779926574	11.858717434541468
375.9157301854889	11.782271770652633
378.38164228466377	11.703307226989862
380.80361326615497	11.621868812627003
383.18243473041616	11.538002263756962
385.5189167559044	11.451754092714816
387.81395731421577	11.363171608168505
390.0682489687358	11.272302825773338
392.28242998776966	11.179196492444365
394.45724032168425	11.083902135478244
396.593265498011	10.986469968408954
398.6909941996195	10.886950889570949
400.75102222630613	10.785396557833145
402.7738323168295	10.681859295181047
404.7597885308793	10.576392060295984
406.7093596378977	10.469048545960998
408.6229351325894	10.35988308161122
410.50077677899077	10.248950583331307
412.3432431819938	10.136306666685945
414.15064134771933	10.022007553167937
415.9231496307385	9.906109998982512
417.6610315201054	9.788671415740685
419.36452177383114	9.669749785163289
421.0337308895174	9.54940357000529
422.66884023945863	9.427691834001868
424.2700212686332	9.304674169282164
425.83732943548307	9.18041059365673
427.3708748461611	9.054961660680528
428.8707733154821	8.928388403894365
430.33703583399495	8.800752225350557
431.76971014883406	8.672114986871996
433.16886300406327	8.54253897435781
434.5344696877423	8.412086782775576
435.86652291962326	8.280821380828279
437.16504588412715	8.148806097077703
438.4299855529119	8.016104506540529
439.6612856530962	7.88278046326427
440.8589306156691	7.748898108093642
442.022844886109	7.614521759951544
443.15292871674353	7.479715917338002
444.2491325137291	7.344545281985211
445.3113606919709	7.209074656397343
446.33947718418943	7.0733689235796815
447.3334016414014	6.937493072851859
448.2930204538397	6.801512107967343
449.21816758765283	6.665491014924942
450.10873471115866	6.529494776357737
450.9645919494879	6.393588293193228
451.7855489000962	6.25783635095414
452.57147169196116	6.1223036107301585
453.32221573071087	5.987054545118104
454.0375713187994	5.852153413423513
454.7173811613357	5.717664220218322
455.3614873973904	5.583650663227318
455.9696655292571	5.450176127202408
456.54173725408117	5.317303605623017
457.077532298164	5.185095654226177
457.5768159003325	5.053614411907771
458.0393905836169	4.922921487449969
458.465074923597	4.793077907407469
458.8536280940423	4.664144170140284
459.20483520960903	4.536180107709453
459.51850498704283	4.4092448107478015
459.79439459347583	4.283396718590465
460.0322735126004	4.158693476768333
460.2319420203601	4.035191814282858
460.39315913911514	3.9129476688270004
460.51568067390264	3.7920160724367755
460.59930075438893	3.6724509465629573
460.6437818360715	3.5543052660599193
460.648870341346	3.437631000306365
460.6143564197558	3.3224787993701232
460.5400064435323	3.2088981970203645
460.4255629551661	3.0969376279939542
460.2708143419705	2.9866439911991036
460.07553125545485	2.8780628835338073
459.8394581132426	2.771238712370559
459.56238427856715	2.6662141307972123
459.24408489424803	2.5630302872983726
458.88431226526836	2.4617270493065386
458.48286016126406	2.3623423168718185
458.0395082532262	2.2649122653459224
457.5540229506433	2.169471691486191
457.0262067820943	2.076053225860925
456.45584379306933	1.9846875364929117
455.84272079753555	1.8954038034858327
454.48742800633545	1.723187349254321
453.74487070158506	1.6403022572065975
452.1290223937187	1.4810809842134771
451.2553840423427	1.4047791182707428
449.3759020697594	1.2588612828755765
448.36974539307266	1.1892652395999919
445.08415929019054	0.993996267271445
441.3957271865053	0.818999482626215
437.30267000078305	0.6640820604279918
432.8046144338967	0.5288215226769175
427.9029449795559	0.41255941613176816
426.1799899870392	0.37787927272673144
422.60113552667633	0.3143995369667744
420.74593735638825	0.2855136817046654
416.90465476108324	0.23321235317055536
414.91922929151576	0.20969431258541815
410.81902117212474	0.16764759428830572
408.70409707616426	0.14900184035627145
404.3415160077614	0.11615720766617389
402.0904943737071	0.10182950197503375
399.7897582720988	0.08881026897837185
