# Table format: T1D
# table_unit = degC
# axis1_unit = kJ/kg/K
# axis2_unit = barA
# This file was automatically generated by generate_data_files.py
1.0	118
0.23036611440601792	-122.49999999999997
0.25629422800436985	-119.76480774478395
0.2819616005293028	-116.97995550501349
0.3073769804944946	-114.14454165702566
0.33254924633306976	-111.25764820732903
0.3574874171841357	-108.31834049540018
0.3822006543368166	-105.32566689107608
0.4066982531090694	-102.27865848645342
0.43098962560694326	-99.17632878219672
0.4550842754687933	-96.01767336814854
0.4789917662888638	-92.80166959813957
0.5027216858824559	-89.52727625889969
0.526283608860861	-86.19343323295695
0.5496870601037245	-82.79906115540703
0.5729414816440521	-79.34306106446095
0.5960562052292726	-75.8243140456515
0.6190404324183227	-72.2416808695647
0.641903223558883	-68.59400162300571
0.664653496408273	-64.88009533346877
0.6873000345636092	-61.09875958678066
0.7098515052974104	-57.248770137811476
0.7323164858934988	-53.32888051410936
0.7547034971745175	-49.33782161234535
0.7770210426279027	-45.27430128742694
0.7992776513824184	-41.1370039341536
0.821481923265043	-36.92459006127672
0.8436425742737347	-32.635695857827784
0.8657684810255528	-28.268932751565757
0.8878687230678161	-23.822886959418554
0.9099526223573953	-19.296119029753072
0.9320297797020504	-14.687163376342767
0.9541101085028554	-9.994527803861615
0.9762038667241877	-5.216693024778465
0.9983216886402634	-0.3521121674742176
1.0204746185652276	4.60078972458615
1.0426741494822578	9.6436162027465
1.0649322702815844	14.77799993233441
1.087261526260928	20.005603221246986
1.109675098743192	25.328118558146798
1.1321869112961385	30.74726916041527
1.1559864594947917	33.816937530619214
1.1671634492400522	33.816937530619214
1.178340438985313	33.816937530619214
1.1895174287305736	33.816937530619214
1.2006944184758341	33.816937530619214
1.2118714082210946	33.816937530619214
1.223048397966355	33.816937530619214
1.2342253877116156	33.816937530619214
1.245402377456876	33.816937530619214
1.2565793672021366	33.816937530619214
1.2677563569473973	33.816937530619214
1.2789333466926576	33.816937530619214
1.2901103364379183	33.816937530619214
1.3012873261831788	33.816937530619214
1.3124643159284395	33.816937530619214
1.3236413056737	33.816937530619214
1.3348182954189605	33.816937530619214
1.3459952851642212	33.816937530619214
1.3571722749094817	33.816937530619214
1.368349264654742	33.816937530619214
1.3795262544000024	33.816937530619214
1.3907032441452631	33.816937530619214
1.4018802338905236	33.816937530619214
1.4130572236357841	33.816937530619214
1.4242342133810448	33.816937530619214
1.4354112031263053	33.816937530619214
1.4465881928715658	33.816937530619214
1.4577651826168263	33.816937530619214
1.4689421723620868	33.816937530619214
1.4801191621073475	33.816937530619214
1.4912961518526082	33.816937530619214
1.5024731415978685	33.816937530619214
1.513650131343129	33.816937530619214
1.5248271210883895	33.816937530619214
1.53600411083365	33.816937530619214
1.5471811005789107	33.816937530619214
1.5583580903241712	33.816937530619214
1.5695350800694317	33.816937530619214
1.5902154390096366	36.88615319509415
1.6053144919999467	41.80956367222183
1.620480603698477	46.81115848519704
1.6357207899359423	51.89217921044343
1.651041592996911	57.053887140763834
1.6664491174164195	62.297563598438785
1.6819490592134598	67.62451025329636
1.6975467300746587	73.03604944583492
1.7132470776600361	78.53352451547482
1.7290547029415515	84.1183001340238
1.7449738752831445	89.79176264443828
1.7610085458132632	95.55532040496297
1.7771623595168748	101.41040413873719
1.7934386663759516	107.3584672889512
1.8098405318097512	113.40098637964383
1.8263707466046382	119.53946138222875
1.8430318364743998	125.77541608784117
1.85982607135363	132.11039848559875
1.8767554744965702	138.54598114686797
1.8938218314305295	145.08376161563274
1.9110266987950426	151.72536280506307
1.9283714130844747	158.47243340038034
1.9458570993018294	165.3266482681205
1.9634846795243794	172.28970887189678
1.9812548813768562	179.3633436947644
1.999168246404747	186.54930866829113
2.017225138338422	193.849387608445
2.035425751237949	201.26539265840063
2.053770117508351	208.7991647383788
2.072258115775403	216.4525740026292
2.090889478612847	224.22752030367047
2.1096638001127674	232.12593366390183
2.1285805432919735	240.14977475470505
2.147639047328217	248.3010353831529
2.1668385346212147	256.5817389864485
2.1861781176743635	264.99394113421533
2.2056568057939847	273.53973003876195
2.225273511603751	282.22122707345545
2.245027057372693	291.04058729931944
2.2649161811557805	300.0000000000002
10.0	120
0.22963441869107964	-122.49999999999983
0.2643826696845381	-118.81628695513285
0.2986658464041639	-115.04249928831604
0.33250525887436655	-111.1764344833845
0.3659226564781093	-107.21583616797113
0.39894023935724726	-103.1583927965998
0.43158061485411964	-99.0017363015908
0.4638667035400236	-94.7434407109725
0.4958216059265751	-90.38102073259313
0.5274684461436486	-85.91193030362393
0.5588302118821321	-81.33356110457848
0.5899296103191464	-76.64324103701131
0.6207889575970367	-71.83823266398511
0.6514301151532732	-66.91573161240436
0.6818744805357082	-61.872864936280024
0.7121430341633355	-56.706689439989674
0.7422564376651313	-51.414189960506604
0.7722351746557361	-45.992277607659474
0.802099721575004	-40.437787961334266
0.8318707347712121	-34.747479224616
0.8615692403761646	-28.918030331755347
0.8912168155627647	-22.946039009881957
0.9208357532364566	-16.82801979331009
0.9504492067662632	-10.560401989303784
0.9800813166660932	-4.139527594094886
1.0097573268849032	2.438350842064324
1.039503704360005	9.1770724020393
1.0693482817528852	16.080570042440343
1.0993204502027456	23.152872889034768
1.1294514374538536	30.3981085882902
1.1597747187012193	37.820505716409514
1.1903266263507835	45.424396247284506
1.221147256799858	53.21421808078372
1.2522818290856639	61.19451763287043
1.2837827556233392	69.3699524890531
1.315712891049061	77.74529412271374
1.3481508540297646	86.32543067991384
1.381200289817757	95.11536983228478
1.4150074114699878	104.12024169968424
1.4497984730980216	113.34530184431748
1.4646469546865342	117.24929479224073
1.4704989418785523	117.24929529976902
1.47635092768318	117.24929529976902
1.4822029134878083	117.24929529976902
1.4880548992924365	117.24929529976902
1.4939068850970643	117.24929529976902
1.4997588709016922	117.24929529976902
1.5056108567063204	117.24929529976902
1.5114628425109486	117.24929529976902
1.5173148283155766	117.24929529976902
1.5231668141202044	117.24929529976902
1.5290187999248326	117.24929529976902
1.5348707857294608	117.24929529976902
1.5407227715340888	117.24929529976902
1.5465747573387167	117.24929529976902
1.5524267431433447	117.24929529976902
1.558278728947973	117.24929529976902
1.564130714752601	117.24929529976902
1.5699827005572289	117.24929529976902
1.5758346863618569	117.24929529976902
1.5816866721664848	117.24929529976902
1.587538657971113	117.24929529976902
1.593390643775741	117.24929529976902
1.599242629580369	117.24929529976902
1.605094615384997	117.24929529976902
1.6109466011896252	117.24929529976902
1.6167985869942532	117.24929529976902
1.6226505727988811	117.24929529976902
1.6285025586035093	117.24929529976902
1.6343545444081373	117.24929529976902
1.6402065302127653	117.24929529976902
1.6460585160173933	117.24929529976902
1.6519105018220215	117.24929529976902
1.6577624876266497	117.24929529976902
1.6636144734312772	117.24929529976902
1.6694664592359054	117.24929529976902
1.6753184450405334	117.24929529976902
1.6811704308451616	117.24929529976902
1.6870224166497896	117.24929529976902
1.6928744261456123	117.24930391764002
1.7054802458939748	121.15329695681658
1.7174412091261193	124.95302948350053
1.7292592054014087	128.78937841026476
1.7409656546766459	132.6626965937237
1.7525849211528957	136.57334029082
1.7641363760072282	140.5216691915935
1.7756357363414883	144.50804645226123
1.7870959691051884	148.5328387286233
1.7985279216886192	152.59641620978527
1.8099407742836155	156.69915265220618
1.8213423722941506	160.8414254140771
1.8327394757935926	165.02361549002865
1.8441379502372057	169.24610754617441
1.8555429146954112	173.50928995549037
1.8669588587940844	177.8135548335377
1.8783897362156932	182.15929807452773
1.8898390403782042	186.5469193877346
1.901309866376234	190.9768223342607
1.9128049621994996	195.44941436415456
1.924326771484989	199.96510685388688
1.935877469512714	204.52431514418737
1.9474589937558466	209.12745857824711
1.9590730700008345	213.7749605402886
1.9707212348323002	218.4672484945076
1.9824048551104307	223.20475402438916
1.9941251449410784	227.98791287240522
2.005883180540345	232.81716498009
2.0176799133190353	237.69295452850832
2.0295161814522973	242.6157299791074
2.0413927201525075	247.58594411496642
2.053310170825669	252.60405408244105
2.0652690892614345	257.670521433212
2.077269952982505	262.7858121667358
2.089313167859327	267.9503967731075
2.1013990740799247	273.1647502763342
2.1135279515513665	278.42935227802514
2.125700024798457	283.7446870015075
2.1379154674160508	289.11124333636076
2.150174406123864	294.5295148833849
2.1624769244661874	300.00000000000034
20.0	118
0.228824660158165	-122.49999999999957
0.2667470680787701	-118.47239870152879
0.30411650783215055	-114.33712018952005
0.3409607812965078	-110.09128573257615
0.3773083123145707	-105.73193963692108
0.41318814367821005	-101.25604718882352
0.4486298429038111	-96.66049254201536
0.48366332925467853	-91.94207654862603
0.5183186467056939	-87.09751453212368
0.552625715991333	-82.1234340007313
0.5866141020131322	-77.01637229969586
0.6203128302993346	-71.7727742007934
0.6537502786280939	-66.38898942740212
0.6869541589412002	-60.86127011339485
0.7199515923370395	-55.18576819409731
0.7527692682881184	-49.35853272750816
0.7854336699551436	-43.375507143880554
0.8179713416592868	-37.232526421790396
0.8504091726971333	-30.92531418869666
0.8827746736637264	-24.44947974398883
0.9150962268064022	-17.800515002446105
0.9474032999180599	-10.973791355978562
0.9797266230107612	-3.964556451480007
1.0120983376112391	3.232069117491733
1.0445521392837673	10.621095207446956
1.0771234446112534	18.20766561253157
1.109849624740219	25.997061645326994
1.1427703601850745	33.994705813375276
1.1759281889921227	42.20616559400872
1.2093693483326915	50.63715731008739
1.2431450586561015	59.29355010935893
1.2773134898761291	68.18137005020714
1.3119428223854366	77.30680429662647
1.347116165791609	86.67620542535661
1.3829398572309928	96.29609584815785
1.4195584714063754	106.1731723523277
1.4571847879229027	116.31431076259184
1.4961689514228989	126.72657072764753
1.5371998631316128	137.41720063465635
1.582235693952966	148.39364265513876
1.6051421123409055	152.65165648611088
1.6082014214511273	152.65165648611088
1.6112607305613493	152.65165648611088
1.6143200396715711	152.65165648611088
1.617379348781793	152.65165648611088
1.620438657892015	152.65165648611088
1.6234979670022367	152.65165648611088
1.6265572761124585	152.65165648611088
1.6296165852226803	152.65165648611088
1.632675894332902	152.65165648611088
1.635735203443124	152.65165648611088
1.6387945125533459	152.65165648611088
1.6418538216635679	152.65165648611088
1.6449131307737894	152.65165648611088
1.6479724398840112	152.65165648611088
1.6510317489942334	152.65165648611088
1.654091058104455	152.65165648611088
1.6571503672146768	152.65165648611088
1.6602096763248988	152.65165648611088
1.6632689854351206	152.65165648611088
1.6663282945453426	152.65165648611088
1.6693876036555644	152.65165648611088
1.6724469127657862	152.65165648611088
1.675506221876008	152.65165648611088
1.6785655309862297	152.65165648611088
1.6816248400964517	152.65165648611088
1.6846841492066735	152.65165648611088
1.6877434583168953	152.65165648611088
1.6908027674271173	152.65165648611088
1.6938620765373391	152.65165648611088
1.6969213856475611	152.65165648611088
1.699980694757783	152.65165648611088
1.7030400038680045	152.65165648611088
1.7060993129782267	152.65165648611088
1.7091586220884485	152.65165648611088
1.7122179311986703	152.65165648611088
1.715277240308892	152.65165648611088
1.7183365494191138	152.65165648611088
1.7417648868164857	156.909666056506
1.7545695687508192	160.08862040454477
1.7664522489178862	163.2910732378977
1.7777463122310129	166.51719825481592
1.7886300643600008	169.76717043751023
1.7992117545410684	173.041166061639
1.8095627940854329	176.339362705874
1.8197331549898428	179.66193926152624
1.8297593838480917	183.00907594225453
1.839669139584611	186.3809542938355
1.8494839341719116	189.77775720401365
1.8592208748520251	193.1996689124187
1.8688938187084823	196.64687502056137
1.8785141647376258	200.11956250189655
1.8880914133626812	203.6179197119685
1.8976335717102284	207.1421363986243
1.907147453627351	210.69240371230592
1.9166389060575448	214.26891421642028
1.9261129827594778	217.87186189777992
1.9355740796384644	221.50144217712932
1.9450260416063703	225.1578519197393
1.9544722479943686	228.84128944608995
1.9639156815816623	232.55195454262218
1.973358984947472	236.29004847257943
1.982804506899668	240.0557739869182
1.9922543410519056	243.84933533531068
2.0017103581269593	247.6709382772185
2.0111742332010727	251.52079009305567
2.020647468834227	255.39909959543127
2.030131414828307	259.306077140473
2.0396272852010378	263.24193463923984
2.0491361728451682	267.2068855692122
2.0586590622509138	271.20114498587543
2.068196840598086	275.2249295343787
2.0777503074681345	279.27845746129196
2.087320183381641	283.3619486264371
2.0969071173312606	287.4756245148179
2.106511693451377	291.6197082486299
2.116134436942656	295.794424599365
2.1257758193507423	300.0000000000002
30.000000000000004	89
0.22801826810080503	-122.49999999999963
0.39715491912662126	-103.17433715889084
0.539639691133521	-83.9024115422688
0.6618736031206436	-64.90479644186735
0.7682179164458417	-46.37700053356457
0.8617781769963108	-28.468061847713983
0.9448694842678097	-11.281170131648423
1.0192363164504463	5.1111987726972075
1.086185764370991	20.65478047096491
1.1467001510339447	35.308602169317
1.20153302003176	49.044625984921936
1.2512824022101914	61.84838680271383
1.2964415774426876	73.71895487793506
1.3374321009834909	84.66796608806044
1.3746245167320494	94.71798792059928
1.4083510732093136	103.90054627406579
1.438913444980798	112.25406424823524
1.4665874484174415	119.82188729445033
1.49162604297419	126.65051013861807
1.514261434828376	132.78807360616457
1.534706773119046	138.28315939708915
1.5531577054563146	143.1838781969472
1.5697939122112112	147.5372228773008
1.5847806491494594	151.38864447225887
1.598270278932279	154.78180297639943
1.6104037497531836	157.75844552244564
1.621311972613317	160.35836863996997
1.63111704963238	162.61942702512926
1.6399333101700555	164.57755741034453
1.647868118480887	166.26679250493964
1.655022427547368	167.71924707423068
1.6614910708540855	168.9650667223599
1.6673628083193361	170.03234008460942
1.6727201726188583	170.94698614650684
1.6776391921509926	171.7326383216713
1.6821890884928294	172.41055303593305
1.686432051131294	172.99957053529482
1.690423176371015	173.51614872690027
1.6942106232825882	173.97447864511167
1.697835996420598	174.38667606981176
1.7013349246568237	174.7630318790683
1.7047377776418666	175.11229677893635
1.7080704505057556	175.44197499214147
1.7113551519441734	175.75860526264069
1.7146111454863535	176.06801403515868
1.7180122990039564	176.39044615788578
1.7214181074732624	176.71657276182725
1.7248446591024995	177.05196728208023
1.7283070569859733	177.40214191419363
1.731819806973554	177.7726544643001
1.7353971254753575	178.16918962794426
1.7390531835639336	178.59762122271155
1.7428023010618332	179.06406056118567
1.7466591013312631	179.57489482800537
1.7506386347576317	180.1368181785449
1.7547564766699526	180.7568573614422
1.7590288037084851	181.44239297675108
1.7634724513777698	182.2011769818775
1.7681049546203085	183.04134670698545
1.7729445726205386	183.971435401674
1.7780102986236217	185.0003791747058
1.7833218552727086	186.13752008683485
1.7888996757951472	187.39260510022848
1.7947648712828814	188.77578057065205
1.8009391843074618	190.29758198995927
1.807444929185979	191.96891874955844
1.8143049193743472	193.8010538051446
1.8215423827113892	195.80557828341358
1.8291808655684736	197.994381284454
1.8372441273632458	200.37961539597967
1.8457560273491136	202.9736587376599
1.854740406056819	205.78907467736667
1.8642209641909921	208.83857067932104
1.8742211421123367	212.13495802241613
1.8847640032017425	215.69111432616603
1.8958721243483587	219.5199509027911
1.9075674964880938	223.63438688419478
1.919871437529032	228.0473318326862
1.932804519157412	232.771678133928
1.9463865079827674	237.82030391200743
1.960636320348166	243.20608654416674
1.9755719890190266	248.94192614861242
1.991210638996221	255.04077774433438
2.00756846898785	261.515690206999
2.0246607347014334	268.3798497280369
2.042501730124628	275.646625263009
2.061104763341966	283.32961344355465
2.0804821241389755	291.44268061330206
2.10064504159207	299.9999999999999
40.0	89
0.2272152013964801	-122.50000000000057
0.3970211962406993	-103.08809414733096
0.5400839633874639	-83.71318437495626
0.6628436349531057	-64.59638222275873
0.7696855830363666	-45.933956303194606
0.8637324862351903	-27.875523004989674
0.9473119621332817	-10.524751477765278
1.0221767508058537	6.04535398904892
1.089639095770081	21.78003079780359
1.1506849339660759	36.63802053548102
1.2060710292342773	50.59132911332
1.2563988000940836	63.62588466131649
1.3021652955370842	75.74147193445339
1.3437963125053562	86.95073095617198
1.3816671743489979	97.27750347796194
1.4161154993421448	106.75484835996906
1.4474489475405716	115.42296731834386
1.4759499196383163	123.3272069041505
1.5018784890253725	130.5162464452635
1.525474377536852	137.04053664438976
1.546958460070363	142.95101483083425
1.5665340601414888	148.2980911635774
1.5843881527255295	153.13087757556406
1.6006925047143081	157.49661899230614
1.6156047417668957	161.44028357135682
1.6292693195444694	165.00427321829716
1.6418183854123118	168.2282246318622
1.653372533897386	171.1488818061332
1.6640414778269441	173.80003084574327
1.673924671406402	176.21249529593666
1.6831119277268118	178.41419384183524
1.69168406967165	180.43026191030287
1.6997136406363624	182.2832350075625
1.7072656828650825	183.9932859039419
1.7143985710921898	185.57850183176942
1.7211648723960158	187.0551834447557
1.727612193448038	188.4381456083754
1.733783975245448	189.74100151483816
1.7397202021415246	190.9764156528837
1.7454580039316403	192.15631673564604
1.7510321435577403	193.29206754082753
1.7564753956055348	194.3945936759572
1.7618188301258806	195.47447688618945
1.7670920215686083	196.54202046569543
1.7723232039703736	197.60729477530487
1.7763277957241672	198.42978546316164
1.7803353451756476	199.26115569319524
1.784357262948447	200.10574741194927
1.788404622411189	200.9678550231783
1.7924881854785564	201.85173204802885
1.7966184292530125	202.7615981946306
1.800805573483147	203.7016468468692
1.8050596085843191	204.67605289735639
1.8093903238166786	205.6889807931462
1.8138073351336188	206.74459263049357
1.8183201121870307	207.8470561223499
1.8229380039917624	209.000552264943
1.8276702627980768	210.20928254359842
1.8325260657875906	211.47747553957487
1.837514534286761	212.80939282630783
1.8426447502756191	214.20933407291545
1.84792577005355	215.6816413035712
1.8533666350047069	217.23070229213045
1.8589763794808678	218.8609531013842
1.8647640358874187	220.57687980483865
1.8707386371178318	222.38301945541536
1.8769092165325438	224.28396038947233
1.8832848057191478	226.28434197554532
1.8898744303019912	228.38885393472242
1.896687104090025	230.60223537306013
1.9037318218621004	232.92927367541205
1.9110175510886147	235.37480341400885
1.9185532228775273	237.94370542372224
1.9263477224116479	240.6409061889176
1.9344098791133493	243.4713776741396
1.9427484567337505	246.4401377127881
1.9513721435169318	249.5522510448933
1.9602895425383704	252.81283106788533
1.9695091622622114	256.22704233387265
1.9790394073070439	259.80010379464807
1.98888856935699	263.53729276285196
1.9990648181068083	267.44394952585606
2.0095761920887765	271.5254825195186
2.0204305891975083	275.7873739432549
2.031635756708185	280.2351856770731
2.043199280575087	284.8745653461891
2.0551285738013023	289.71125237011256
2.067430863686862	294.75108383095176
2.0801131777907793	300.0
50.00000000000001	89
0.226415419779255	-122.50000000000063
0.39688826168670815	-103.00218192798027
0.5405263274944323	-83.52465136332617
0.6638087726782933	-64.28907855110245
0.7711450116444867	-45.492514822633666
0.8656748148821225	-27.28517797591587
0.9497382544873686	-9.771241607563752
1.0250962407324877	6.975738077647691
1.0930660654037234	22.900480715670312
1.154637147817229	37.96141976516844
1.2105692733091968	52.13056615423886
1.2614669428211973	65.39417327764056
1.3078305352076987	77.75263368822374
1.3500894948746995	89.2194388717341
1.3886231522856716	99.81949891569485
1.423773514766026	109.58713781892146
1.4558530009597075	118.56399599493619
1.4851490799586091	126.79699813358121
1.5119270911503464	134.33649205405686
1.5364320560275433	141.23462218390603
1.5588899719922047	147.5439649059216
1.5795088588071917	153.3164232590051
1.598479687111082	158.60235790523097
1.61597723793871	163.44992104986773
1.6321609065989864	167.9045591445302
1.647175458335677	172.00865605460223
1.6611517529891249	175.8012974621509
1.6742074696069353	179.3181461847069
1.6864478708372626	182.5914241303413
1.6979666458629237	185.64999829285313
1.7088468584736825	188.51956543915657
1.719162006194278	191.222924172687
1.7289771723408585	193.7803159437059
1.7383502314547536	196.20981057344477
1.7473330546982198	198.52770871852073
1.7559726580279917	200.74893422697096
1.7643122420259716	202.8873932902864
1.7723920856564692	204.95628365208194
1.780250273305106	206.96834451478225
1.7879232516422334	208.9360448822992
1.7954462274064855	210.87171393363866
1.8028534275813837	212.7876211402026
1.8101782492321064	214.696016133692
1.8174533279111311	216.60913901422145
1.8247105519418265	218.53921123358504
1.828659091339845	219.59981858210529
1.8326164676322014	220.6709850638582
1.8365875122845645	221.754654003876
1.8405769850214428	222.8527611914622
1.844589572924	223.96723400321457
1.8486298898902942	225.09999068598933
1.8527024764981006	226.25293981667005
1.8568118002871625	227.4279799470915
1.8609622564582116	228.62699943542276
1.865158168970588	229.85187645968477
1.869403792008273	231.10447920474428
1.8737033117754454	232.38666621101254
1.8780608485769454	233.70028687100995
1.882480459135667	235.04718205880965
1.8869661390978891	236.42918487700274
1.8915218256780282	237.84812150607263
1.8961514003963493	239.30581214180688
1.9008586918661359	240.80407200746845
1.9056474785904776	242.34471242879533
1.9105214917330386	243.92954196137327
1.9154844178314316	245.56036756146295
1.9205399014262112	247.23899579286456
1.9256915475826646	248.96723406382876
1.93094292428646	250.7468918892971
1.9362975646977485	252.57978217486846
1.9417589692513904	254.46772251979348
1.9473306075935488	256.41253653699164
1.953015920347053	258.41605518856056
1.95881832069949	260.4801181355016
1.9647411958092225	262.606575100433
1.9707879080251978	264.7972872419243
1.9769617959168355	267.05412853876635
1.9832661751103224	269.37898718204985
1.9897043389274167	271.7737669723423
1.9962795588225335	274.2403887186084
2.002995084613326	276.7807916348088
2.009854144499451	279.3969347293813
2.016859944863666	282.09079818209193
2.02401566984889	284.86438470204405
2.0313244807045603	287.7197208600271
2.0387895148953548	290.6588583878296
2.0464138849654456	293.68387543671497
2.0542006771516346	296.7968777869379
2.0621529497392577	299.9999999999999
60.00000000000001	89
0.22561888381453038	-122.49999999999906
0.39675611186986	-102.91659567079742
0.5409668216436657	-83.33680168668246
0.6647691085817555	-63.98286646648893
0.7725963702964096	-45.052645139679015
0.8676054394275248	-26.696977451692533
0.9521487919702354	-9.020562986280481
1.02799543246113	7.902471236705537
1.096467614948992	24.016312951942098
1.1585581311368605	39.27907131085635
1.215029617295339	53.662731602761994
1.266489392811547	67.15381619475124
1.3134407898150253	79.7532363695318
1.3563163997924734	91.4752088456388
1.3954989250439593	102.34554495282055
1.4313339772319318	112.39962182800923
1.4641377824197293	121.68025751464478
1.4942017447427807	130.23564152393902
1.5217951449466642	138.1174240445922
1.5471667922183647	145.3790284132291
1.570546131397904	152.0742176042931
1.5921440921171492	158.25591765530925
1.6121538284780954	163.9752817971863
1.6307514197609707	169.28096966830475
1.6480965673999186	174.2186150742417
1.6643333146239048	178.83046030533956
1.6795908180057517	183.1551413970247
1.6939842032084234	187.22761368989904
1.7076155333758702	191.07920859481624
1.7205749056212971	194.73781013126057
1.7329416709412113	198.22813457925372
1.744785750462936	201.5720903959238
1.7561690018141531	204.7891905180195
1.767146577993154	207.896986908085
1.7777682194000481	210.9114983764702
1.7880794270192055	213.8476070225401
1.7981224785322767	216.71940508998517
1.8079372659644768	219.54048135102272
1.817561950105347	222.3241431546926
1.8270334410495617	225.0835761642427
1.8363877245090463	227.83194814046163
1.8456600597553743	230.5824658256377
1.8548850775389893	233.34839521238382
1.8640968058467753	236.14305553721545
1.8733286487700453	238.97979655372706
1.8766666131752954	240.01490687375917
1.8800129560387595	241.05783909850766
1.883369173924587	242.10921634474255
1.8867367504960375	243.16966077487757
1.890117156222006	244.2397934272267
1.893511848113154	245.32023406214478
1.8969222694918162	246.4116010259346
1.900349849798944	247.51451113404255
1.9037960044404671	248.6295795747302
1.9072621346746383	249.75741983409978
1.9107496275412224	250.89864364305288
1.914259855832679	252.05386094652056
1.9177941781070085	253.2236798950529
1.9213539387412557	254.4087068586407
1.9249404680244124	255.60954646247808
1.9285550822878514	256.8268016441739
1.9321990840713097	258.06107373180873
1.9358737623219868	259.3129625420843
1.9395803926242126	260.5830664977225
1.9433202374569183	261.87198276317304
1.947094546475998	263.18030739761946
1.9509045568185903	264.5086355242181
1.954751493426231	265.85756151444775
1.9586365693837724	267.2276791864318
1.9625609862710098	268.61958201605535
1.9665259345239712	270.0338633597006
1.9705325938028018	271.4711166874048
1.9745821333633475	272.9319358252619
1.9786757124295418	274.41691520589075
1.9828144805637977	275.9266501258046
1.9869995780327145	277.46173700854047
1.991232136165577	279.02277367243346
1.9955132777030757	280.6103596019352
1.9998441171340346	282.2250962214205
2.0042257610178105	283.8675871704437
2.0086593082903454	285.5384385794508
2.0131458505518776	287.238259344981
2.017686472334453	288.9676614034264
2.022282251347566	290.72726000246587
2.0269342587003	292.5176739693061
2.0316435590985438	294.33952597492566
2.036411211015916	296.19344279353027
2.041238266837194	298.0800555564824
2.0461257729731708	299.9999999999999
70.0	89
0.22482555487473474	-122.49999999999946
0.3966247431622214	-102.83133065920848
0.5414054829553929	-83.14962478767953
0.6657247324221608	-63.67772749320932
0.7740398221672754	-44.61431715436569
0.8695246275612272	-26.110873631910493
0.9545439896809735	-8.27264078142116
1.030874945429072	8.825668825389585
1.0998446411205045	25.127701717933064
1.162449149247096	40.591232080125735
1.2194538104035932	55.188195931897894
1.2714685336504512	68.90533842547802
1.3189992811383235	81.74401568216052
1.3624813700297878	93.71906591528852
1.4023003524211373	104.8570669962283
1.4388048176118615	115.19428261860298
1.472314063725636	124.77450963238363
1.5031225857551123	133.64697256766863
1.5315026610364117	141.86436745147103
1.5577058623066087	149.48112189047265
1.5819640163373192	156.55190684672658
1.6044899129022483	163.1304090592381
1.625477931567475	169.26835441883725
1.6451046742657383	175.01476275349108
1.663529652270121	180.4154120185588
1.6808960603332725	185.51249182042721
1.6973316643004814	190.34442919078373
1.7129498215723442	194.94587097747257
1.7278506415939097	199.34780593239498
1.7421222760529873	203.57780586231763
1.7558423090135138	207.6603604653052
1.769079200438653	211.61727650122134
1.7818937264335082	215.4681102265708
1.7943403580103359	219.2306032775644
1.806468526860147	222.9210962549737
1.8183237393050413	226.5549003354103
1.8299485152729758	230.14661419784164
1.841383144864846	233.71038035765935
1.8526662686967548	237.2600808672908
1.8638352984827806	240.80947684777334
1.8749267009263413	244.37229934882373
1.8859761711794172	247.9623007048025
1.8970187225162236	251.5932760899068
1.9080887171786372	255.27906464874104
1.9192198602880925	259.0335386506406
1.9215960402957208	259.8414589125206
1.9239767872403837	260.65324056410975
1.9263624123747258	261.46901689319964
1.9287532254736852	262.2889211806405
1.931149534823312	263.1130866959394
1.9335516472105492	263.9416466935213
1.9359598679140164	264.7747344096939
1.938374500695959	265.61248306036396
1.940795847795368	266.455025839531
1.9432242099223895	267.30249591859535
1.9456598862540433	268.1550264464979
1.9481031744312869	269.0127505507161
1.9505543705574775	269.8758013391258
1.9530137691982272	270.74431190274504
1.9554816633826777	271.6184153193607
1.9579583446061524	272.49824465803886
1.9604441028342363	273.38393298452434
1.9629392265082162	274.27561336751455
1.9654440025518616	275.17341888580415
1.9679587163795451	276.0774826362863
1.9704836519056035	276.9879377427934
1.9730190915549584	277.90491736576473
1.9755653162748896	278.8285547127126
1.9781226055479255	279.75898304946713
1.980691237405812	280.69633571217753
1.9832714884444305	281.64074612003606
1.9858636338396682	282.5923477886995
1.9884679473641227	283.55127434437554
1.991084701404564	284.5176595385442
1.9937141669801086	285.49163726327413
1.9963566137609796	286.4733415671078
1.9990123100878254	287.462906671473
2.001681522991458	288.4604669875861
2.0043645182129692	289.4661571338131
2.0070615602241197	290.48011195344395
2.009772912247925	291.5024665328483
2.0124988362793528	292.53335621997405
2.0152395931060445	293.5729166431454
2.017995442328974	294.6212837301275
2.020766642382986	295.67859372741736
2.023553450557095	296.7449832197236
2.026356123014496	297.8205891495966
2.0291749148121982	298.905548837173
2.0320100799202008	299.9999999999998
80.0	89
0.22403539511606005	-122.49999999999923
0.39649415190621995	-102.7463822864743
0.5418423475188383	-82.96311036370071
0.6666757315211144	-63.37364362381524
0.7754755257618585	-44.1775015883064
0.8714326385296909	-25.526820165111275
0.956924247888111	-7.52740274230689
1.0337353736845758	9.745441612455295
1.1031979983856612	26.234813215959264
1.166311399318257	41.8981454344829
1.2238434951534956	56.7073074754357
1.2764065859845983	70.64922985916678
1.3245089863351027	83.72565277871564
1.3685883844571136	95.95195142678278
1.4090327542819656	107.35536268874318
1.4461931642246035	117.97290741721764
1.4803914191770295	127.8492119224801
1.5119244810919603	137.0343700724743
1.5410669574178764	145.58194801411133
1.568072501939958	153.5472016142749
1.5931746631594175	160.98554701339128
1.6165875023676626	167.95129888682902
1.6385061643978907	174.49667199072582
1.6591075003544338	180.67103033751567
1.6785507959168904	186.52036360660549
1.6969786350270133	192.08696946430973
1.7145179141212872	197.40932054047096
1.7312810085113532	202.52209396519493
1.7473670769579512	207.4563390192239
1.7628634738609517	212.2397552120828
1.7778472239146614	216.8970502554734
1.7923865048565157	221.45034622706294
1.8065420820519813	225.91960348506927
1.8203686441510827	230.3230356331544
1.8339160002656891	234.67749445751787
1.8472301134622904	238.99881033259544
1.860353960179129	243.30208016213544
1.8733282183508482	247.6019007351315
1.8861917972824414	251.91254997929002
1.8989822291889304	256.24812182736093
1.9117359459488652	260.6226223307898
1.9244884655110772	265.05003544757005
1.9372745111989107	269.54436683885706
1.950128084534683	274.1196732790851
1.963082508748159	278.79008414267435
1.9643384979929206	279.2460949459129
1.9655957588159245	279.7031354643575
1.96685432016294	280.16121851654566
1.9681142109255816	280.62035693090354
1.9693754599414661	281.0805635459244
1.9706380959943837	281.54185121034936
1.9719021478144614	282.00423278335575
1.9731676440783412	282.46772113474356
1.974434613409335	282.93232914512805
1.9757030843776184	283.3980697061364
1.9769730855003873	283.86495572060517
1.978244645242052	284.33300010278515
1.979517792014407	284.8022157785458
1.9807925541768192	285.27261568558595
1.982068960036415	285.7442127736484
1.9833470378482716	286.21702000473795
1.9846268158156	286.69105035333905
1.9859083220899556	287.16631680664545
1.9871915847714228	287.64283236478695
1.9884766319088294	288.1206100410618
1.9897634914999418	288.59966286217343
1.9910521914916746	289.08000386847027
1.9923427597803103	289.5616461141907
1.9936352242117055	290.04460266770946
1.9949296125815073	290.5288866117887
1.9962259526353838	291.01451104383386
1.9975242720692377	291.50148907615153
1.9988245985294335	291.98983383621135
2.000126959613037	292.47955846691104
2.001431382868026	292.97067612684646
2.002737895793549	293.46319999058176
2.0040465258401428	293.95714324892856
2.005357300409981	294.45251910922013
2.006670246857109	294.9493407955963
2.0079853924876954	295.4476215492873
2.0093027645602626	295.9473746289026
2.0106223902859437	296.44861331072093
2.0119442968287293	296.9513508889835
2.0132685113057125	297.45560067619147
2.0145950607873346	297.96137600340523
2.01592397229765	298.4686902205432
2.0172552728145567	298.9775566966895
2.018588989270069	299.4879888203976
2.019925148550551	299.9999999999999
90.00000000000001	89
0.22324836745588572	-122.50000000000108
0.3963643344177313	-102.66174605223259
0.5422774504284362	-82.77724835861159
0.6676221908490102	-63.07059730338031
0.7769036350868137	-43.7421699554381
0.873329723475385	-24.944772092240697
0.9592899527001427	-6.784779086281048
1.036577287200252	10.66189600893614
1.1065285014761843	27.337806108601228
1.1701460150059821	43.20004210204689
1.2282002156096483	58.220394125023745
1.2813056216496301	72.38594828823494
1.3299726615444638	85.6987794893945
1.3746410968461078	98.17473189049684
1.415700973901739	109.84161676851971
1.4535054462246835	120.73711333721684
1.4883783949351483	130.90656757228874
1.5206187938692683	140.40082653580555
1.5505031193191712	149.27421077002413
1.578286664568117	157.5826982724305
1.6042043110221835	165.38236516004906
1.6284710930945994	172.72810236773364
1.6512827509965131	179.67260768888667
1.6728163762541326	186.26563936444808
1.6932312021746847	192.55351026167773
1.7126695606202853	198.5787982337506
1.7312580059849871	204.38024627539744
1.7491085905485337	209.99282418939305
1.7663202601730728	215.44792136529816
1.782980326479731	220.7736385172355
1.7991659633023782	225.99514572855543
1.8149456730764533	231.1350755985364
1.8303806732323091	236.21392384749208
1.8455261624859514	241.25043502360984
1.8604324400121013	246.26195720717055
1.8751458644220311	251.26475595995646
1.8897096521771473	256.2742834793329
1.9041645251750543	261.30540350097056
1.9185492241396178	266.3725757427211
1.9329009081564228	271.49000561682374
1.9472554616647186	276.67176573416134
1.9616477290990562	281.9318956366526
1.9761116948666213	287.2844854958513
1.990680623089852	292.7437484627768
2.005387168065693	298.32408516177566
2.0054865693373567	298.3620408447142
2.005585978291407	298.4000026642382
2.00568539493753	298.43797062483975
2.005784819285411	298.4759447310114
2.0058842513447344	298.51392498724647
2.005983691125187	298.5519113980396
2.0060831386364515	298.5899039678852
2.0061825938882083	298.62790270127834
2.0062820568901407	298.6659076027149
2.0063815276519326	298.7039186766917
2.006481006183258	298.741935927706
2.006580492493799	298.7799593602555
2.0066799865932334	298.8179889788381
2.0067794884912376	298.8560247879533
2.0068789981974895	298.89406679210083
2.006978515721663	298.9321149957807
2.0070780410734326	298.97016940349397
2.007177574262473	299.0082300197421
2.007277115298454	299.0462968490274
2.007376664191051	299.08436989585255
2.0074762209499313	299.12244916472105
2.00757578558477	299.1605346601367
2.00767535810523	299.1986263866047
2.0077749385209827	299.23672434862954
2.0078745268416953	299.2748285507183
2.0079741230770343	299.3129389973766
2.0080737272366633	299.351055693112
2.0081733393302486	299.3891786424325
2.008272959367457	299.42730784984644
2.008372587357945	299.4654433198631
2.008472223311377	299.50358505699194
2.008571867237415	299.54173306574353
2.008671519145719	299.5798873506292
2.00877117904595	299.6180479161602
2.0088708469477616	299.65621476684873
2.0089705228608126	299.69438790720824
2.0090702067947652	299.7325673417523
2.009169898759269	299.7707530749949
2.0092695987639817	299.80894511145095
2.009369306818556	299.8471434556361
2.009469022932646	299.88534811206637
2.0095687471159027	299.9235590852586
2.0096684793779804	299.96177637973074
2.009768219728524	299.9999999999999
100.00000000000001	89
0.22246443555122142	-122.49999999999974
0.39623528698916016	-102.57741755915117
0.5427108258186245	-82.59202895482969
0.6685641931072233	-62.76857141440951
0.7783242998152928	-43.30829453402055
0.8752161257594785	-24.3646857928278
0.9616414766987873	-6.0447023911312385
1.0394012331025007	11.57513428614402
1.109836927714261	28.436831953541002
1.1739540706952207	44.497141012995996
1.232525424823739	59.727764863332425
1.286167576263373	74.11592210498219
1.3353928626301876	87.66398291483637
1.3806428694636625	100.38820664422809
1.4223094319433145	112.31691372602239
1.4607474802070055	123.48836822385829
1.4962826482591922	133.94855773630735
1.5292155966318288	143.7490048119871
1.5598243610730824	152.94471338281681
1.5883656032333442	161.59232710256367
1.6150753303969296	169.74854886117555
1.6401694334471641	177.46884450706654
1.6638442442371453	184.80643236463897
1.686277218073929	191.81154501639827
1.707627788057585	198.53094044063891
1.7280384017001493	205.00763422164982
1.7476357264388054	211.28082141614556
1.7665319935255401	217.38595468687515
1.7848264372212634	223.35494425871963
1.8026067784364768	229.21644542946865
1.8199506997928911	234.99620119998713
1.8369272628089393	240.71741123239258
1.8535982267186373	246.40110353083514
1.8700192405420166	252.06649133829467
1.886240893229734	257.731303963576
1.9023096189523876	263.4120858606408
1.9182684644139463	269.1244627539662
1.9341577316911116	274.8833766895424
1.9500155134731423	280.70329360000267
1.965878138144789	286.5983875062973
1.9817805406537745	292.5827051510488
1.9977565723606976	298.67031401877966
2.0138392598492274	304.87543566735485
2.0300610195851303	311.212565327075
2.0464538327571717	317.69657798417154
2.0454109275426053	317.2816687424702
2.0443688260556545	316.86740486033204
2.043327520295862	316.45378239808406
2.042287002259542	316.04079742476654
2.041247263939695	315.6284460180591
2.040208297325913	315.2167242642038
2.039170094404285	314.8056282579314
2.0381326471573002	314.3951541023822
2.0370959475637394	313.98529790902774
2.0360599875985916	313.57605579759377
2.035024759232928	313.1674238959779
2.0339902544338138	312.7593983401707
2.0329564651641867	312.3519752741719
2.0319233833827557	311.9451508499095
2.0308910010438788	311.5389212271557
2.0298593100974514	311.13328257344097
2.0288283024887925	310.7282310639705
2.0277979701585136	310.3237628815368
2.02676830504241	309.9198742164333
2.025739299071325	309.51656126636396
2.0247109441710265	309.1138202363577
2.0236832322620804	308.71164733867545
2.022656155259713	308.3100387927202
2.021629705073681	307.90899082494604
2.0206038736081364	307.50849966876467
2.0195786527614836	307.1085615644522
2.0185540344262383	306.7091727590537
2.017530010488893	306.31032950629015
2.016506572829753	305.9120280664589
2.0154837133228156	305.51426470634044
2.014461423835587	305.1170356990964
2.0134396962289585	304.7203373241741
2.012418522357034	304.32416586720535
2.011397894066978	303.92851761990414
2.0103778031988533	303.5333888799686
2.0093582415854683	303.1387759509756
2.008339201052194	302.74467514227956
2.007320673416816	302.3510827689064
2.0063026504893497	301.9579951514494
2.005285124071882	301.56540861596466
2.004268085958388	301.17331949386164
2.0032515279345517	300.7817241217979
2.0022354417775987	300.3906188415689
2.0012198192561037	300.0000000000001
110.00000000000001	89
0.2216835637777067	-122.49999999999963
0.39610700589215003	-102.49339250974114
0.5431425068970711	-82.40744256572273
0.669501818806697	-62.467549262385205
0.7797376654439914	-42.87584833989246
0.8770920812686913	-23.78651893374257
0.9639791795373877	-5.307107493331273
1.0422077368232994	12.485254780061837
1.1131240191695975	29.53203560700365
1.177736585390937	45.78965006559406
1.2368204915735765	61.229711152176264
1.2909942604830258	75.83955271138808
1.340771963475258	89.62180947483614
1.3865968022867075	102.59311451414356
1.428862172706281	114.7822486445865
1.4679245432428087	126.22800822879378
1.5041110629200172	136.97697000856658
1.5377238538826887	147.08128420140997
1.5690423144007515	156.59660048784298
1.5983243236142408	165.5802069141904
1.6258069284692984	174.0894344615661
1.6517068711146972	182.18035295941024
1.6762211614477778	189.90676099331216
1.6995277981132741	197.31945541457236
1.7217866769838406	204.46575485918703
1.7431406861603556	211.38924503516495
1.7637169614953332	218.1297100187585
1.7836282610413992	224.72321246446506
1.802974408190429	231.20228610573417
1.8218437508324214	237.59620615973887
1.84031458722959	243.9313071999636
1.85845651758255	250.23132343202815
1.8763316918485207	256.51773251778354
1.893995937175553	262.81009037879244
1.911499760272858	269.1263500191161
1.9288892295320956	275.4831617641719
1.946206747851299	281.8961551242742
1.9634917297572083	288.3802037671129
1.9807811960741475	294.9496750855293
1.9981102969594922	301.618665001026
2.0155127706829417	308.40121743094664
2.0330213420588334	315.3115267053895
2.0506680616923885	322.36412046708506
2.06848458558502	329.57402038485725
2.0865023942410543	336.956878364036
2.0843445358082535	336.0678334937801
2.0821899266029957	335.1814461254245
2.0800385134309427	334.29768813368594
2.0778902431124426	333.41653155654126
2.0757450624804425	332.53794859334937
2.073602918378274	331.6619116029028
2.071463757657227	330.78839310140063
2.0693275271739875	329.9173657603452
2.0671941737878963	329.0488024043643
2.0650636443580197	328.18267600895433
2.062935885740077	327.318959698149
2.060810844783172	326.4576267421111
2.058688468326374	325.59865055464627
2.056568703195104	324.74200469064317
2.054451496197361	323.8876628434343
2.0523367941197677	323.0355988420813
2.050224543723455	322.1857866485876
2.048114691739749	321.33820035503004
2.046007184865708	320.4928141806188
2.0439019697594722	319.64960246868156
2.041798993035435	318.8085396835726
2.0396982012592555	317.96960040750685
2.037599540942677	317.1327593373222
2.0355029585381863	316.29799128116747
2.033408400433497	315.4652711551174
2.031315812945844	314.634573979715
2.029225142316129	313.8058748764464
2.02713633470287	312.9791490641393
2.025049336175993	312.15437185529515
2.02296409271044	311.3315186523515
2.0208805501796117	310.5105649438742
2.0187986543486396	309.69148630068594
2.016718350867479	308.8742583719222
2.0146395852638364	308.0588568810259
2.0125623029359203	307.2452576216747
2.010486449145042	306.4334364536455
2.008411969008005	305.6233692986149
2.0063388074893718	304.8150321358959
2.0042669093935346	304.0084009981168
2.0021962193566134	303.2034519668359
2.0001266818382075	302.4001611681001
1.9980582411129553	301.59850476794065
1.9959908412619471	300.7984589678173
1.9939244261639433	300.0
120.00000000000001	89
0.2209057172096209	-122.500000000001
0.3959794873803603	-102.40966670326313
0.5435725259765646	-82.22347982830726
0.67043514634327	-62.16751456189789
0.7811438734433487	-42.44480510085691
0.8789578187073921	-23.21023042036188
0.9663034085068188	-4.571931391707608
1.044997303180324	13.39235208317848
1.1163904846621144	30.623555598512553
1.1814945262906487	47.0777668296879
1.2410867064784556	62.726508192000665
1.2957873700953133	77.55721667829886
1.346112172171578	91.57276848956809
1.392505758515406	104.79013962904628
1.4353629039594717	117.2385365333904
1.4750414348612964	128.95725272074492
1.5118698456000843	139.9934222007572
1.5461515719254486	150.3997982823385
1.5781672606427866	160.23266357506947
1.6081759415787875	169.54995400355995
1.6364156937468615	178.40965236382772
1.6631041704294636	186.8684788223353
1.6884391886682328	194.9808811325966
1.7125994819662396	202.79830861060867
1.735745646680794	210.36874135190652
1.7580212705756748	217.73643885940487
1.7795542074163186	224.9418689698398
1.8004579487063257	232.02177775546312
1.8208330395474142	239.00936332072445
1.840768488346258	245.93452066842576
1.8603431281597542	252.82413058229497
1.8796268990474883	259.7023720945846
1.898682033727333	266.5910447605379
1.9175641409104291	273.509892817346
1.936323190107364	280.4769276958143
1.955004407350072	287.5087479115821
1.9736490929346828	294.62085608775
1.992295370545633	301.82797209266187
2.010978873144319	309.1443396000092
2.0297333662319015	316.5840214756231
2.0485913048771245	324.1611778894139
2.0675843182233646	331.890320376987
2.0867436145207194	339.7865354109232
2.1061003010044916	347.8656723074032
2.1256856156860797	356.1444922173624
2.1224404153346077	354.7654596511637
2.1192021398054277	353.39225096862094
2.115970647641864	352.02478536612807
2.1127457976363933	350.6629828357894
2.109527448824283	349.3067641573648
2.1063154604755927	347.95605088944467
2.1031096920855528	346.61076535986194
2.099910003363254	345.27083065531633
2.096716254218677	343.93617061022053
2.093528304748005	342.6067097947439
2.090346015217221	341.282373502061
2.0871692460439526	339.96308773479427
2.0839978577775993	338.64877919064907
2.080831711077657	337.3393752472367
2.077670666690313	336.0348039460873
2.074514585423215	334.7349939758509
2.0713633281185047	333.4398746546849
2.0682167556240283	332.14937591184025
2.065074728762772	330.86342826843475
2.0619371083005125	329.58196281743517
2.0588037549116724	328.30491120284023
2.055674529143399	327.0322055980822
2.0525492913778836	325.76377868365057
2.049427901792891	324.4995636239495
2.0463102203205645	323.23949404340055
2.0431961066044604	321.9835040018015
2.040085419954892	320.73152796895954
2.036978019302527	319.4835007986069
2.0338737631503236	318.2393577016212
2.0307725095237785	316.999034218563
2.0276741159195155	315.7624661915513
2.02457843925227	314.52958973549516
2.0214853358002367	313.3003412086982
2.0183946611488546	312.07465718286255
2.0153062701330056	310.85247441250624
2.012220016777712	309.63372980382246
2.0091357542372945	308.4183603829973
2.006053334733053	307.2063032640124
2.0029726094894924	305.9974956159549
1.9998934286691048	304.791874629855
1.9968156413057396	303.58937748507947
1.9937390952365959	302.3899413153023
1.990663637032836	301.1935031740703
1.987589111928858	300.0000000000001
130.0	89
0.22013086160050488	-122.50000000000009
0.3958527276918999	-102.32623603277855
0.5440009145055497	-82.04013159623125
0.6713642520697868	-61.868451423343686
0.7825430614010388	-42.01513923218542
0.8808135598756467	-22.63578035003235
0.9686144990708758	-3.8391131562131022
1.0477704173905518	14.296517224649278
1.1196370016234818	31.711524479414948
1.1852288120699577	48.36167919380608
1.2453252875597445	64.21841606694761
1.3005484950837831	79.26926768505615
1.3514155453931225	93.51733535753704
1.3983723869424143	106.97991651589729
1.4418150314138556	119.68662040173575
1.4821025299606208	131.67721701090244
1.5195646069856503	142.99938234118338
1.5545059229259341	153.70646622901222
1.587208319754584	163.85538971297444
1.6179319688297864	173.50475715551983
1.646916022654717	182.71324077283407
1.6743791395147265	191.53826592870615
1.70052008532838	200.0349994240168
1.725518505892495	208.25562289736257
1.749535891592784	216.24886000612838
1.772716714057652	224.05971861751476
1.7951896913685368	231.72940668193803
1.8170691292912726	239.2953817024336
1.8384562866041998	246.79149782929483
1.8594407201077048	254.24822074386475
1.8801015767588023	261.692887739962
1.9005088140016333	269.14999777025446
1.9207243422153852	276.64152269945737
1.9408030930964006	284.1872357567021
1.9607940233006558	291.8050556954129
1.9807410633770115	299.5114053860617
2.0006840185545105	307.32158188460824
2.020659421795247	315.2501322066563
2.0407013326257286	323.31122604608015
2.0608420695112466	331.5190144089379
2.0811128603451388	339.88796223022314
2.1015443956226774	348.4331437553345
2.12216727187575	357.1704916522749
2.143012318138457	366.1169940206893
2.1641108044453468	375.29083707884377
2.1598033556628025	373.40817507859686
2.155507404676314	371.53552354515693
2.15122268403518	369.6727171668076
2.1469489272406093	367.8195928864584
2.142685868748843	365.9759898879273
2.138433243967368	364.1417495789042
2.134190789244053	362.31671557051527
2.12995824184899	360.5007336534022
2.12573533994889	358.69365177024576
2.12152182257386	356.89531998466714
2.1173174295764148	355.1055904464429
2.113121901582569	353.3243173529819
2.1089349799349164	351.5513569070207
2.1047564066275593	349.7865672704978
2.1005859242328127	348.0298085145804
2.0964232758196193	346.2809425658256
2.092268204863584	344.53983314846755
2.0881204551486316	342.80634572283145
2.0839797706602368	341.0803474198874
2.079845895470231	339.3617069719663
2.075718573613239	337.6502946396712
2.0715975489547156	335.94598213503207
2.06748256505072	334.2486425409546
2.0633733649994284	332.55815022703337
2.059269691284541	330.87438076180786
2.055171285610656	329.1972108215456
2.051077888730766	327.526518095657
2.0469892402660137	325.86218118884597
2.042905078517868	324.20407952011954
2.038825140272906	322.55209321877953
2.034749160600394	320.90610301753713
2.0306768726428635	319.26599014289343
2.0266080073998927	317.63163620293744
2.0225422935053383	316.0029230727191
2.0184794569982225	314.37973277736216
2.0144192210875254	312.76194737308595
2.0103613059111067	311.14944882630436
2.0063054282890227	309.5421188909821
2.0022513014714414	307.93983898442013
1.9981986348814207	306.342490061651
1.9941471338527663	304.7499524886165
1.9900964993631898	303.16210591430695
1.9860464277630008	301.578829142033
1.981996610499501	299.9999999999999
140.0	89
0.21935896336438238	-122.49999999999957
0.3957267230516864	-102.24309648230229
0.5444277030974004	-81.85738893303795
0.672289210365153	-61.57034434016862
0.783935363159163	-41.586825813161965
0.8826595199340336	-22.063129967698984
0.9709127753731855	-3.108593841465563
1.0505275460223524	15.197837839662668
1.1228642178293167	32.79606914735149
1.1889403159085683	49.64156596124218
1.2495373853068346	65.70568078793616
1.3052791277969522	80.9760382661949
1.3566840011954633	95.45595438438886
1.4041991416394912	109.16303458237928
1.4482216886940655	122.127278276651
1.4891118242262138	134.38892327368046
1.5272004304360953	145.99618560689987
1.5627933484451333	157.00301894227738
1.5961736055689753	167.46700156400289
1.627602543660019	177.44743820413106
1.6573204581089112	187.003735907173
1.685547118980412	196.19408263790388
1.7124823761740087	205.0744298900267
1.7383069357917493	213.69775939768238
1.7631833221989042	222.11360016836545
1.7872569982938111	230.36775495489104
1.8106575963180558	238.50219383186607
1.8335002065320178	246.55507545120486
1.855886676383976	254.56086254476065
1.8779068845138291	262.5505060422229
1.8996399685720617	270.5516804708508
1.921155500166753	278.5890608108939
1.9425146114730334	286.68463656932977
1.9637710841583267	294.8580617361415
1.9849724114762421	303.1270392673797
2.0061608391995662	311.50773617923414
2.0273743822588277	320.0152211701843
2.04864780406434	328.6639121821505
2.0700135371654786	337.4680177513312
2.091502519221708	346.4419543618567
2.113144918247468	355.6007227418289
2.1349707255676478	364.9602289791553
2.157010202710605	374.53754085228775
2.179294177862354	384.3510749879723
2.201854196772734	394.4207154986899
2.196507212204598	392.0217688812844
2.191176946005067	389.6379616823916
2.1858629732412203	387.26901017268597
2.180564871188366	384.9146353754096
2.1752822193967676	382.57456306502945
2.170014599739575	380.24852375669263
2.1647615964410925	377.9362526860921
2.159522796084586	375.6374897793751
2.1542977875987783	373.35197961275003
2.1490861622223267	371.07947136145583
2.1438875134455286	368.8197187377963
2.1387014369286046	366.5724799179534
2.133527530395948	364.3375174573388
2.1283653935057862	362.1145981942648
2.1232146276947925	359.9034931417567
2.1180748359972106	357.7039773673723
2.1129456228381995	355.51582986092376
2.1078265938011302	353.3388333900564
2.102717355368669	351.1727743436745
2.097617514637598	349.0174425632574
2.092526679007404	346.87263116216377
2.087444455842705	344.7381363330609
2.0823704521097945	342.613757143685
2.077304273987578	340.49929532117835
2.072245526453302	338.39455502530427
2.0671938128436116	336.29934261090386
2.0621487343914935	334.2134663799893
2.0571098897398152	332.13673632394284
2.0520768744321978	330.06896385631023
2.0470492803820726	328.0099615367478
2.0420266953208386	325.959542786709
2.0370087022260797	323.91752159749046
2.0319948787308695	321.8837122313082
2.026984796515232	319.85792891608173
2.021978020680873	317.83998553464664
2.0169741091102695	315.82969530912123
2.011972611811304	313.82687048116975
2.006973070248526	311.83132198891906
2.0019750166622017	309.8428591412694
1.996977973376238	307.86128929035976
1.991981452096039	305.8864175029112
1.986984953197315	303.9180462311758
1.9819879650068242	301.9559749841902
1.9769899630758991	299.9999999999999
150.0	89
0.2185899895578059	-122.50000000000057
0.3956014696736711	-102.16024412406765
0.5448529215584713	-81.67524310569121
0.6732100937006048	-61.27317817660932
0.78532090894554	-41.15984056461187
0.8844959076560572	-21.492241623562677
0.9731985507173936	-2.3803164047628798
1.0532691378904675	16.096398328773887
1.1260727530128807	33.87731114868956
1.192629868281408	50.917597399971044
1.2537240873010824	67.18853524461792
1.3099806703238783	82.67784138815574
1.3619193304473196	97.38904130835465
1.409988299345395	111.34004207452091
1.454585763509725	124.56122932880766
1.4960729733216322	137.09330996793727
1.5347819304969716	148.98504874874044
1.571019646481509	160.29102101272252
1.6050703544658436	171.06949053341634
1.6371966192906144	181.38050143143863
1.6676399614840807	191.28424440080516
1.6966213681087183	200.83972586072656
1.7243418891263296	210.10374008803086
1.7509834006685774	219.1301225440086
1.7767095434085123	227.96924870903865
1.8016668039001325	236.66773637755233
1.8259856899724165	245.26830931736094
1.8497819506884443	253.80978490573557
1.8731578011568126	262.3271561502346
1.8962031276740792	270.8517476689277
1.9189966649133021	279.41143404189734
1.9416071503622199	288.03091590551435
1.9640944690623074	296.73205306468446
1.9865108023627673	305.5342541785906
2.0089017880278233	314.45491944596404
2.031307687471418	323.50992717623285
2.0537645422655495	332.7141487585362
2.076305289959183	342.0819710870858
2.098960801722589	351.62780243742395
2.1217608031481734	361.3665379160236
2.144734644768949	371.3139639002178
2.1679118990768877	381.4870865938319
2.1913227737063754	391.9043767639623
2.2149983435012066	402.58592965147125
2.2389706153791775	413.55354496047414
2.2326051106977194	410.626180911676
2.226262004299978	407.71998045052976
2.2199406879208454	404.8345063105188
2.213640557134928	401.9693295400267
2.2073610115977527	399.12402955846403
2.2011014552485606	396.2981941931547
2.1948612964720944	393.4914196958283
2.188639948216853	390.70331073758337
2.1824368280672743	387.9334803812177
2.176251358267483	385.1815500298645
2.1700829656942253	382.44714935092566
2.1639310817768274	379.72991617434843
2.157795142362081	377.029496364386
2.151674587522192	374.34554366405155
2.1455688613040276	371.6777195115784
2.1394774114182145	369.0256928283219
2.1333996888667746	366.3891397776449
2.127335147508308	363.76774349447305
2.121283243559956	361.1611937853427
2.1152434350357106	358.5691867989261
2.1092151811209097	355.9914246671692
2.1031979414830833	353.42761511735284
2.097191175519656	350.877471055554
2.0911943415433196	348.34071012216964
2.085206895906258	345.8170542203337
2.079228292064678	343.30622901823506
2.073257979585499	340.8079634265274
2.06729540309731	338.3219890521799
2.0613400011880065	335.8480396302825
2.0553912052518135	333.3858504354704
2.04944843828863	330.93515767477084
2.0435111136588695	328.49569786380266
2.037578633797117	326.06720718835936
2.031650388888108	323.64942085350367
2.0257257555086334	321.24207242236764
2.0198040952390195	318.84489314690484
2.0138847532478685	316.45761129286427
2.0079670568537122	314.07995146125893
2.00205031406718	311.711633908596
1.9961338121171213	309.3523738680793
1.9902168159640141	307.00188087394145
1.9842985668037765	304.65985809098356
1.9783782805648225	302.32600165129395
1.972455146401033	300.0
160.0	89
0.2178239078624947	-122.50000000000006
0.3954769637629579	-102.07767511588631
0.5452765989150757	-81.4936855783412
0.6741269727031718	-60.976938155935244
0.7866998254992968	-40.734159827379585
0.8863229256687637	-20.923078732674014
0.9754721280223544	-1.654225628288998
1.055995624897977	16.992280007924307
1.1292632003699496	34.95536696070883
1.1962982595366438	52.1899357506735
1.2578864224438817	68.66720007575265
1.3146544411690229	84.37497187578185
1.3671232070688384	99.31698556124013
1.4157419748759326	113.51144958290058
1.4609099206029332	126.98913924233773
1.5029893268734078	139.7912400049937
1.542313303052858	151.9670824528153
1.5791900451593448	163.57188930887634
1.6139050328779285	174.66464445283384
1.6467221190662344	185.30617424393415
1.6778841335257513	195.55750205308686
1.7076133739975559	205.47850421977074
1.7361121796379375	215.1268662284449
1.7635636632156648	224.5573157255282
1.7901326055826121	233.82109547072423
1.815966478143433	242.96563404448204
1.8411965462226008	252.0343737216656
1.865939010190913	261.06672148626194
1.8902961550585533	270.09809859704194
1.9143574969716337	279.1600742426981
1.9382009314435855	288.28057756305
1.961893898995153	297.4841879125273
1.9854945864473104	306.79250459974025
2.009053175708407	316.2245942744704
2.032613138076281	325.7975075229699
2.0562125543517413	335.5268478518692
2.079885424010269	345.427368341318
2.1036629146725256	355.5135659404881
2.1275744990791847	365.8002420482852
2.151648931465844	376.3030009857258
2.1759150272348107	387.0386644875764
2.200402226223351	398.025588966554
2.2251409372794098	409.28388135751175
2.2501626773367307	420.83551738852384
2.275500029832387	432.7043722220128
2.268135932035233	429.23681143926524
2.2608002259622237	425.7973006865402
2.2534920995476306	422.38521384141154
2.246210746153166	418.99993757970185
2.2389553651525005	415.64087156392975
2.2317251624518675	412.3074285987459
2.2245193509407053	408.99903475064934
2.217337150866305	405.7151294292853
2.2101777901263877	402.4551654276439
2.2030405044736745	399.2186089185237
2.19592453762659	396.00493940470756
2.1888291412804777	392.81364962040163
2.181753575013898	389.64424538162393
2.1746971060849636	386.4962453834055
2.1676590091129793	383.36918094186444
2.1606385656411993	380.26259567946545
2.1536350635769415	377.176045152043
2.1466477965059676	374.10909641647584
2.1396760628786677	371.0613275382543
2.1327191650662853	368.03232703853826
2.1257764082862343	365.0216932807198
2.1188470993963584	362.0290337969211
2.11193054555883	359.0539645553048
2.1050260527753246	356.09610916954034
2.0981329242958964	353.15509805222086
2.0912504589050824	350.23056751452316
2.0843779490894074	347.32215881484103
2.077514679091558	344.429517159592
2.0706599228571503	341.5522906598285
2.063812941880905	338.69012924768504
2.0569729829596097	335.84268355706797
2.0501392758599906	333.0096037733231
2.0433110309100084	330.1905384568905
2.0364874365225325	327.3851333461881
2.0296676566606147	324.59303014512034
2.022850828253721	321.8138653007203
2.0160360585742656	319.0472687764635
2.009222422583661	316.2928628267489
2.0024089602568966	313.55026077797515
1.9955946738941421	310.8190658214361
1.9887785254274477	308.09886982306864
1.9819594337299522	305.3892521547856
1.9751362719342642	302.6897785518038
1.9683078647658758	299.99999999999966
170.0	89
0.21706068656845948	-122.50000000000054
0.395353201517712	-101.995385698624
0.5456987634392494	-81.31270800634516
0.6750399162165872	-60.68160984914559
0.788072236191124	-40.30976054169284
0.8881407706822029	-20.35560573635803
0.9777338002537768	-0.9302680452718732
1.0587074228289604	17.885561249784075
1.1324361279635704	36.03034825514334
1.1999462422800238	53.458735696685665
1.2620253648293869	70.14188446635194
1.3193016813060694	86.06770770573479
1.3722971972257227	101.2401522981279
1.4214621348257452	115.67773315919686
1.4671966219483674	129.4116249406067
1.5098639580803965	142.4835078636928
1.5497983685547256	154.94330199285122
1.5873092655224554	166.84690881209633
1.6226834278068478	178.25407087637274
1.6561860654910678	189.2264409651542
1.6880613956688981	199.82592199405832
1.718533102022368	210.11330532431163
1.7478048701420277	220.14720509199861
1.7760610706991293	229.98326402193334
1.8034675913028877	239.67359340073608
1.8301727832885117	249.2664060049326
1.8563084812055768	258.8058041785549
1.8819910612066542	268.3316936541995
1.9073225218179897	277.879804519701
1.9323915896187436	287.4818112891978
1.9572748671650562	297.16555190277245
1.9820380466543257	306.95534880911566
2.006737208188526	316.8724332387503
2.031420206722466	326.93546680238296
2.0561281303148373	337.1611443965054
2.0808967895439783	347.5648517204943
2.1057581797704024	358.16134234630135
2.1307418489189085	368.96539543676704
2.15587610563995	379.9924168330489
2.1811890151656343	391.2589528503373
2.2067091496319597	402.78309613193073
2.2324660817396964	414.58477419215694
2.2584906312680544	426.68592183009946
2.28481489023688	439.11054700219563
2.311472063093329	451.88470534194323
2.3031286392074937	447.86547146620217
2.294819796982488	443.88200822770716
2.2865445055946685	439.9334661817161
2.278301740618702	436.0190138233048
2.2700904851688564	432.1378380089973
2.261909730950055	428.28914432957754
2.253758479206842	424.4721574287954
2.245635741558247	420.68612126258324
2.237540540706369	416.93029929337285
2.2294719110064025	413.203974614079
2.221428898885881	409.50644999639417
2.2134105631011582	405.83704785815223
2.2054159748193607	402.195110144704
2.197444217514576	398.5799981195164
2.1894943866676733	394.99109205955335
2.1815655892598924	391.4277908514057
2.17365694305133	387.88951148466447
2.1657675756366155	384.37568843961685
2.1578966232713146	380.88577296701794
2.1500432294641243	377.41923225846665
2.142206543331524	373.9755485067325
2.1343857177133243	370.55421785629653
2.1265799070494387	367.15474924532907
2.1187882650201737	363.77666314133205
2.111009941954417	360.4194901737185
2.1032440820120972	357.08276966766675
2.095489820149496	353.7660480846222
2.0877462788778365	350.4688773758711
2.0800125648277143	347.1908132565994
2.072287765133542	343.9314134087565
2.0645709436539965	340.69023562192604
2.0568611370457304	337.4668358821058
2.049157350708874	334.260766418951
2.041458554623725	331.0715737225024
2.033763679098569	327.89879654076015
2.0260716104488794	324.7419638696339
2.018381186628036	321.6005929468196
2.010691192829272	318.47418726098874
2.00300035707783	315.3622345873507
1.9953073458311956	312.26420506019724
1.9876107596039274	309.1795492923835
1.9799091286319819	306.1076965509859
1.9722009085895797	303.0480529974993
1.9644844763695857	300.0
180.00000000000003	89
0.21630029455790373	-122.49999999999955
0.3952301791310856	-101.91337219374915
0.546119442673662	-81.13230223049072
0.6759489913597209	-60.387179164113945
0.7894382611384253	-39.88662022738296
0.8899496337084638	-19.78978806535099
0.9799838508338657	-0.2083918698361913
1.061404932095403	18.7763176170497
1.135592080036798	37.10236214459849
1.203574533583082	54.7241447993232
1.2661418372977196	71.61278687900676
1.3239235596799563	87.75631118172623
1.3774427676069214	103.15888422420511
1.427150609789342	117.83933709517328
1.4734481446019936	131.82925876104645
1.5166996896269376	145.1708458163028
1.5572406094763251	157.9146364586154
1.5953815753785199	170.1172461900798
1.6314107235912385	181.83921682711417
1.6655946884275372	193.14307114633215
1.6981791403257003	204.09163455801587
1.7293892010595464	214.7466508079005
1.7594299251124825	225.16768837178324
1.7884869165147557	235.41131241098265
1.8167270814217782	245.53048544418834
1.8442994859883548	255.57415766903853
1.8713362852105957	265.5870131858014
1.8979537010182095	275.6093484956207
1.924253047701027	285.6770714351427
1.950321821555206	295.8218190142668
1.9762348828121112	306.0711987147612
2.0020557572148965	316.44915790936193
2.0278380710141257	326.976479842957
2.0536271092761718	337.67139342622113
2.079461458964317	348.55027072535324
2.1053746725511355	359.62837400763215
2.131396871609468	370.92060672251
2.1575562069084016	382.44222178570215
2.1838801022970182	394.20944613455765
2.2103962309513783	406.2399912389843
2.2371331991950383	418.55343259433437
2.2641209396131927	431.1714545584924
2.2913908372919214	444.1179681511653
2.318975628379076	457.4191174506607
2.3469091183431003	471.1031947593036
2.337605249259451	466.52111131223364
2.328342251073342	461.9833252048094
2.319118864990399	457.4887309920929
2.309933838342834	453.0362466414151
2.3007859265231847	448.6248143059986
2.2916738948079773	444.25340103465714
2.2825965200511655	439.92099940852404
2.273552592226488	435.62662809543986
2.2645409157972227	431.3693323124055
2.2555603108913056	427.1481841863516
2.2466096142596363	422.9622830034151
2.2376876799951417	418.8107553369533
2.2287933799905257	414.69275504471864
2.219925604113043	410.607463125913
2.211083260075396	406.55408742931365
2.202265272983037	402.5318622042996
2.1934705845396256	398.54004748739396
2.1846981518941804	394.57792831794006
2.175946946115816	390.64481377768425
2.1672159502844397	386.74003585038656
2.1585041571888253	382.8629480990993
2.149810566626762	379.01292416044464
2.141134182305574	375.18935605702745
2.132474008345179	371.39165233109145
2.1238290453899062	367.6192360045378
2.115198286339463	363.871542372534
2.10658071171365	360.14801664004244
2.097975284669602	356.44811141267553
2.089380945694311	352.7712840552929
2.08079660699901	349.1169939336421
2.0722211466453437	345.4846995560466
2.063653402436278	341.8738556336508
2.0550921656071153	338.28391007896846
2.0465361743537986	334.71430096340873
2.037984107236869	331.1644534550853
2.0294345764998707	327.6337767584756
2.0208861213406126	324.12166107739404
2.0123372011728287	320.6274746223238
2.0037861889137667	317.15056068231206
1.9952313643309598	313.6902347805452
1.9866709074783375	310.24578193128036
1.978102892248182	306.8164540141423
1.96952528006151	303.4014672799234
1.960935913715137	300.0000000000001
