# Table format: T1D
# table_unit = barA
# axis1_unit = m**3/kg
# axis2_unit = null
# This file was automatically generated by generate_data_files.py
0.1	88
0.0018130749774036069	24.76921955304087
0.0017505227406125316	24.72989517018148
0.0017024480788179921	24.66461003740479
0.0016643461273642668	24.573671067976104
0.0016331729026340862	24.457442428427562
0.0016070691871454498	24.3163385316562
0.0015848784086502873	24.150821698671976
0.0015658512703880553	23.96140087965517
0.001549482842976869	23.748630487667853
0.0015354216288948899	23.513109091897224
0.0015234168784047425	23.255477914054097
0.0015132868151166595	22.9764191342314
0.0015048987530769896	22.67665403336941
0.0014981562543526987	22.35694100493475
0.0014929906155315856	22.018073467472874
0.0014893551102038386	21.660877705872405
0.0014872210436767386	21.286210664222786
0.0014865750366070006	20.894957708014164
0.0014874171677794479	20.488030368602065
0.0014897597367849787	20.066364078690825
0.0014936264895039765	19.630915904182167
0.0014990522024855733	19.1826622751019
0.001506082557732449	18.722596716399792
0.0015147742637114927	18.251727578157535
0.0015251953956807222	17.771075763975684
0.0015374259412031456	17.281672455955512
0.0015515585466602377	16.784556834646065
0.0015676994687842836	16.28077379247189
0.0015859697424683687	15.771371639443275
0.0016065065829510225	15.257399800288708
0.0016294650473528672	14.739906502527168
0.0016550199878482765	14.219936455351643
0.0016833683368396267	13.698528519515754
0.0017147317785573344	13.176713367541263
0.0017493598540727461	12.655511136413475
0.0017875335800026256	12.135929076175117
0.001829569680303118	11.618959190544901
0.0018758255242146626	11.105575873096939
0.0019267049041744014	10.596733540093869
0.0019826648107597756	10.093364261349624
0.002044223395668782	9.596375390678341
0.0021119693556999487	9.106647197613661
0.002186573022790506	8.625030502322726
0.002268799510133337	8.15234431593451
0.0023595243457557777	7.689373488882309
0.002459752127293776	7.236866370398329
0.0025706388610301973	6.795532482924403
0.0026935188124564816	6.366040216040445
0.0028299297843547783	5.949030464502083
0.002981704463553226	5.54500197071887
0.00315086451494411	5.154632374147626
0.003339915059652268	4.778288726304721
0.0035517158063328755	4.416433126305678
0.003789659005933458	4.069440713980659
0.004057762524927716	3.73763055768914
0.004360806383415588	3.4212638420357795
0.004704503835245421	3.120542192385893
0.005095716949497176	2.8356061630550395
0.005542729886196591	2.566533919846499
0.00605559746368853	2.3133401518372025
0.006646592660199406	2.0759752514427605
0.0073307850544470626	1.8543248061490445
0.0081267938736118	1.648209449353506
0.009057775725477613	1.4573851215627724
0.010152730384642684	1.2815437962046632
0.01144824138293265	1.120314726463944
0.012990816820358853	0.9732662408095732
0.014840065492438716	0.8399082290145808
0.01707303540173523	0.7196959571480123
0.019790537039757923	0.6120223792648876
0.02312427595445999	0.5162708913218818
0.027251247008726037	0.43173092530577795
0.03240842816853053	0.3576908139994729
0.038918760280763645	0.293402412231701
0.047227393393245866	0.23809714289082146
0.05795612760998739	0.19099432700799748
0.07198592076752112	0.151310020240208
0.09058400497309477	0.11826619295858253
0.11560319869766159	0.09110005058346408
0.14980034187058336	0.06907325276832195
0.19735539186662965	0.05148075733659822
0.26473610537954634	0.03765899201180674
0.36217223659879444	0.026993047668545236
0.5062326331658794	0.018922595894148086
0.7244538500451763	0.01294626396103031
1.063900388919167	0.008624255462069946
1.607507165666479	0.005579084089987184
10970.17430092932	5.707433747149071e-07
0.2	88
0.0018346057800836372	24.76921955304087
0.0017915449088397864	24.72989517018148
0.0017608216566028462	24.66461003740479
0.0017385729083547585	24.573671067976104
0.0017223098361707704	24.457442428427562
0.0017105555597898721	24.3163385316562
0.0017024143158446603	24.150821698671976
0.0016973218476008397	23.96140087965517
0.0016949112982735822	23.748630487667853
0.0016949396251634047	23.513109091897224
0.0016972455538908065	23.255477914054097
0.00170172455894465	22.9764191342314
0.0017083134457444014	22.67665403336941
0.0017169805865547571	22.35694100493475
0.00172771962398662	22.018073467472874
0.001740545384418009	21.660877705872405
0.0017554912533185353	21.286210664222786
0.0017726075550755604	20.894957708014164
0.001791960651682645	20.488030368602065
0.0018136325796542104	20.066364078690825
0.0018377211108766137	19.630915904182167
0.0018643401664695308	19.1826622751019
0.0018936205421455677	18.722596716399792
0.0019257109243949022	18.251727578157535
0.0019607791923883146	17.771075763975684
0.0019990140128809844	17.281672455955512
0.00204062674600178	16.784556834646065
0.002085853689595147	16.28077379247189
0.0021349586994656887	15.771371639443275
0.002188236233041957	15.257399800288708
0.0022460148751411147	14.739906502527168
0.0023086614171884765	14.219936455351643
0.0023765855759535813	13.698528519515754
0.002450245465606151	13.176713367541263
0.0025301539179638016	12.655511136413475
0.0026168858163331393	12.135929076175117
0.0027110866449494547	11.618959190544901
0.00281348243961456	11.105575873096939
0.0029248914095231877	10.596733540093869
0.003046237545626133	10.093364261349624
0.003178566598560248	9.596375390678341
0.003323064892928088	9.106647197613661
0.0034810815487689548	8.625030502322726
0.003654154810879433	8.15234431593451
0.0038440433492777314	7.689373488882309
0.004052763598733275	7.236866370398329
0.004282634463891959	6.795532482924403
0.0045363310448562595	6.366040216040445
0.004816935094282638	5.949030464502083
0.005128118574560342	5.54500197071887
0.005473929464874161	5.154632374147626
0.005859384320534191	4.778288726304721
0.006290207570682878	4.416433126305678
0.0067731887500203924	4.069440713980659
0.00731636842068039	3.73763055768914
0.00792931126019048	3.4212638420357795
0.008623448232525085	3.120542192385893
0.009412507761010828	2.8356061630550395
0.010313062288894071	2.566533919846499
0.011345225422486081	2.3133401518372025
0.012533546941995289	2.0759752514427605
0.013908169689806271	1.8543248061490445
0.015506335672870962	1.648209449353506
0.017374361532866266	1.4573851215627724
0.01957025012395397	1.2815437962046632
0.0221671716984529	1.120314726463944
0.025258145533269487	0.9732662408095732
0.02896239218844711	0.8399082290145808
0.03343401053116679	0.7196959571480123
0.03887462435290795	0.6120223792648876
0.04554764730071459	0.5162708913218818
0.05380707178520056	0.43173092530577795
0.06412685618739435	0.3576908139994729
0.07715288460194204	0.293402412231701
0.0937754594469764	0.23809714289082146
0.11523818318182363	0.19099432700799748
0.14330297366857797	0.151310020240208
0.18050429725947847	0.11826619295858253
0.23054779299629288	0.09110005058346408
0.29894714281577844	0.06907325276832195
0.3940622635424952	0.05148075733659822
0.5288286706574329	0.03765899201180674
0.7237058746753078	0.026993047668545236
1.0118315730827054	0.018922595894148086
1.448278878105857	0.01294626396103031
2.127176795526465	0.008624255462069946
3.2143951596605906	0.005579084089987184
21940.348039296234	5.707433747149071e-07
0.3	88
0.0018561365827636676	24.76921955304087
0.001832567077067041	24.72989517018148
0.0018191952343877007	24.66461003740479
0.0018127996893452499	24.573671067976104
0.001811446769707454	24.457442428427562
0.0018140419324342949	24.3163385316562
0.001819950223039033	24.150821698671976
0.0018287924248136243	23.96140087965517
0.0018403397535702952	23.748630487667853
0.0018544576214319193	23.513109091897224
0.0018710742293768703	23.255477914054097
0.0018901623027726406	22.9764191342314
0.0019117281384118134	22.67665403336941
0.0019358049187568158	22.35694100493475
0.0019624486324416536	22.018073467472874
0.001991735658632179	21.660877705872405
0.002023761462960332	21.286210664222786
0.0020586400735441205	20.894957708014164
0.0020965041355858424	20.488030368602065
0.0021375054225234425	20.066364078690825
0.002181815732249251	19.630915904182167
0.0022296281304534883	19.1826622751019
0.0022811585265586866	18.722596716399792
0.002336647585078311	18.251727578157535
0.002396362989095907	17.771075763975684
0.002460602084558823	17.281672455955512
0.0025296949453433235	16.784556834646065
0.00260400791040601	16.28077379247189
0.0026839476564630084	15.771371639443275
0.002769965883132891	15.257399800288708
0.0028625647029293616	14.739906502527168
0.002962302846528676	14.219936455351643
0.003069802815067535	13.698528519515754
0.003185759152654968	13.176713367541263
0.003310947981854857	12.655511136413475
0.0034462380526636524	12.135929076175117
0.0035926036095957907	11.618959190544901
0.0037511393550144576	11.105575873096939
0.003923077914871975	10.596733540093869
0.0041098102804924905	10.093364261349624
0.004312909801451713	9.596375390678341
0.004534160430156227	9.106647197613661
0.004775590074747403	8.625030502322726
0.0050395101116255305	8.15234431593451
0.005328562352799684	7.689373488882309
0.0056457750701727726	7.236866370398329
0.0059946300667537205	6.795532482924403
0.006379143277256035	6.366040216040445
0.006803940404210497	5.949030464502083
0.007274532685567457	5.54500197071887
0.00779699441480421	5.154632374147626
0.008378853581416114	4.778288726304721
0.009028699335032878	4.416433126305678
0.009756718494107326	4.069440713980659
0.010574974316433063	3.73763055768914
0.011497816136965369	3.4212638420357795
0.01254239262980475	3.120542192385893
0.013729298572524478	2.8356061630550395
0.015083394691591551	2.566533919846499
0.016634853381283635	2.3133401518372025
0.01842050122379117	2.0759752514427605
0.02048555432516548	1.8543248061490445
0.022885877472130126	1.648209449353506
0.02569094734025492	1.4573851215627724
0.02898776986326525	1.2815437962046632
0.03288610201397314	1.120314726463944
0.03752547424618013	0.9732662408095732
0.04308471888445551	0.8399082290145808
0.04979498566059836	0.7196959571480123
0.057958711666057976	0.6120223792648876
0.0679710186469692	0.5162708913218818
0.08036289656167507	0.43173092530577795
0.09584528420625814	0.3576908139994729
0.1153870089231204	0.293402412231701
0.14032352550070695	0.23809714289082146
0.17252023875365988	0.19099432700799748
0.21462002656963478	0.151310020240208
0.2704245895458621	0.11826619295858253
0.3454923872949242	0.09110005058346408
0.44809394376097356	0.06907325276832195
0.5907691352183606	0.05148075733659822
0.7929212359353195	0.03765899201180674
1.085239512751821	0.026993047668545236
1.5174305129995311	0.018922595894148086
2.172103906166538	0.01294626396103031
3.190453202133763	0.008624255462069946
4.8212831536547025	0.005579084089987184
32910.52177766314	5.707433747149071e-07
0.4	88
0.0018776673854436978	24.76921955304087
0.0018735892452942954	24.72989517018148
0.0018775688121725554	24.66461003740479
0.0018870264703357417	24.573671067976104
0.001900583703244138	24.457442428427562
0.0019175283050787177	24.3163385316562
0.0019374861302334059	24.150821698671976
0.001960263002026409	23.96140087965517
0.001985768208867008	23.748630487667853
0.002013975617700434	23.513109091897224
0.0020449029048629336	23.255477914054097
0.0020786000466006312	22.9764191342314
0.002115142831079225	22.67665403336941
0.0021546292509588743	22.35694100493475
0.0021971776408966875	22.018073467472874
0.0022429259328463486	21.660877705872405
0.0022920316726021284	21.286210664222786
0.0023446725920126805	20.894957708014164
0.0024010476194890394	20.488030368602065
0.002461378265392675	20.066364078690825
0.002525910353621888	19.630915904182167
0.0025949160944374458	19.1826622751019
0.002668696510971806	18.722596716399792
0.0027475842457617204	18.251727578157535
0.0028319467858034996	17.771075763975684
0.0029221901562366624	17.281672455955512
0.0030187631446848663	16.784556834646065
0.0031221621312168737	16.28077379247189
0.0032329366134603286	15.771371639443275
0.0033516955332238262	15.257399800288708
0.003479114530717609	14.739906502527168
0.003615944275868876	14.219936455351643
0.00376302005418149	13.698528519515754
0.003921272839703785	13.176713367541263
0.004091742045745912	12.655511136413475
0.0042755902889941655	12.135929076175117
0.004474120574242128	11.618959190544901
0.004688796270414355	11.105575873096939
0.004921264420220762	10.596733540093869
0.005173383015358848	10.093364261349624
0.0054472530043431795	9.596375390678341
0.005745255967384367	9.106647197613661
0.006070098600725854	8.625030502322726
0.0064248654123716265	8.15234431593451
0.006813081356321637	7.689373488882309
0.007238786541612272	7.236866370398329
0.007706625669615484	6.795532482924403
0.008221955509655814	6.366040216040445
0.008790945714138357	5.949030464502083
0.009420946796574575	5.54500197071887
0.01012005936473426	5.154632374147626
0.010898322842298037	4.778288726304721
0.011767191099382884	4.416433126305678
0.01274024823819426	4.069440713980659
0.013833580212185736	3.73763055768914
0.015066321013740263	3.4212638420357795
0.01646133702708442	3.120542192385893
0.018046089384038132	2.8356061630550395
0.019853727094289036	2.566533919846499
0.02192448134008119	2.3133401518372025
0.02430745550558705	2.0759752514427605
0.0270629389605247	1.8543248061490445
0.030265419271389288	1.648209449353506
0.034007533147643584	1.4573851215627724
0.03840528960257653	1.2815437962046632
0.043605032329493386	1.120314726463944
0.04979280295909076	0.9732662408095732
0.0572070455804639	0.8399082290145808
0.06615596079002993	0.7196959571480123
0.077042798979208	0.6120223792648876
0.0903943899932238	0.5162708913218818
0.10691872133814963	0.43173092530577795
0.12756371222512194	0.3576908139994729
0.1536211332442988	0.293402412231701
0.18687159155443747	0.23809714289082146
0.22980229432549615	0.19099432700799748
0.28593707947069164	0.151310020240208
0.36034488183224583	0.11826619295858253
0.46043698159355556	0.09110005058346408
0.5972407447061686	0.06907325276832195
0.7874760068942263	0.05148075733659822
1.0570138012132062	0.03765899201180674
1.4467731508283346	0.026993047668545236
2.0230294529163575	0.018922595894148086
2.8959289342272196	0.01294626396103031
4.253729608741062	0.008624255462069946
6.428171147648815	0.005579084089987184
43880.69551603005	5.707433747149071e-07
0.5	88
0.0018991981881237283	24.76921955304087
0.0019146114135215496	24.72989517018148
0.0019359423899574096	24.66461003740479
0.001961253251326233	24.573671067976104
0.0019897206367808225	24.457442428427562
0.0020210146777231404	24.3163385316562
0.0020550220374277784	24.150821698671976
0.002091733579239193	23.96140087965517
0.0021311966641637215	23.748630487667853
0.0021734936139689485	23.513109091897224
0.0022187315803489974	23.255477914054097
0.0022670377904286214	22.9764191342314
0.002318557523746637	22.67665403336941
0.002373453583160933	22.35694100493475
0.002431906649351722	22.018073467472874
0.0024941162070605187	21.660877705872405
0.002560301882243925	21.286210664222786
0.0026307051104812397	20.894957708014164
0.002705591103392236	20.488030368602065
0.0027852511082619063	20.066364078690825
0.0028700049749945254	19.630915904182167
0.0029602040584214037	19.1826622751019
0.0030562344953849246	18.722596716399792
0.0031585209064451296	18.251727578157535
0.0032675305825110917	17.771075763975684
0.0033837782279145007	17.281672455955512
0.0035078313440264092	16.784556834646065
0.003640316352027736	16.28077379247189
0.003781925570457649	15.771371639443275
0.00393342518331476	15.257399800288708
0.004095664358505857	14.739906502527168
0.004269585705209075	14.219936455351643
0.004456237293295444	13.698528519515754
0.004656786526752601	13.176713367541263
0.004872536109636966	12.655511136413475
0.005104942525324679	12.135929076175117
0.005355637538888465	11.618959190544901
0.005626453185814252	11.105575873096939
0.005919450925569549	10.596733540093869
0.0062369557502252055	10.093364261349624
0.006581596207234644	9.596375390678341
0.006956351504612506	9.106647197613661
0.007364607126704304	8.625030502322726
0.007810220713117722	8.15234431593451
0.00829760035984359	7.689373488882309
0.008831798013051768	7.236866370398329
0.009418621272477246	6.795532482924403
0.010064767742055593	6.366040216040445
0.010777951024066215	5.949030464502083
0.01156736090758169	5.54500197071887
0.012443124314664312	5.154632374147626
0.013417792103179957	4.778288726304721
0.014505682863732883	4.416433126305678
0.015723777982281195	4.069440713980659
0.017092186107938407	3.73763055768914
0.018634825890515152	3.4212638420357795
0.020380281424364082	3.120542192385893
0.022362880195551785	2.8356061630550395
0.024624059496986518	2.566533919846499
0.02721410929887875	2.3133401518372025
0.03019440978738293	2.0759752514427605
0.033640323595883904	1.8543248061490445
0.03764496107064845	1.648209449353506
0.042324118955032235	1.4573851215627724
0.04782280934188781	1.2815437962046632
0.05432396264501362	1.120314726463944
0.06206013167200141	0.9732662408095732
0.07132937227647229	0.8399082290145808
0.08251693591946149	0.7196959571480123
0.09612688629235804	0.6120223792648876
0.11281776133947839	0.5162708913218818
0.13347454611462414	0.43173092530577795
0.15928214024398576	0.3576908139994729
0.19185525756547714	0.293402412231701
0.233419657608168	0.23809714289082146
0.2870843498973324	0.19099432700799748
0.35725413237174847	0.151310020240208
0.4502651741186295	0.11826619295858253
0.5753815758921869	0.09110005058346408
0.7463875456513637	0.06907325276832195
0.9841828785700918	0.05148075733659822
1.321106366491093	0.03765899201180674
1.8083067889048479	0.026993047668545236
2.5286283928331836	0.018922595894148086
3.6197539622879003	0.01294626396103031
5.31700601534836	0.008624255462069946
8.035059141642927	0.005579084089987184
54850.86925439697	5.707433747149071e-07
0.6	88
0.001920728990803759	24.76921955304087
0.001955633581748804	24.72989517018148
0.001994315967742264	24.66461003740479
0.0020354800323167245	24.573671067976104
0.0020788575703175063	24.457442428427562
0.002124501050367563	24.3163385316562
0.002172557944622151	24.150821698671976
0.0022232041564519776	23.96140087965517
0.002276625119460434	23.748630487667853
0.0023330116102374633	23.513109091897224
0.002392560255835061	23.255477914054097
0.002455475534256612	22.9764191342314
0.002521972216414049	22.67665403336941
0.0025922779153629916	22.35694100493475
0.0026666356578067553	22.018073467472874
0.002745306481274689	21.660877705872405
0.002828572091885722	21.286210664222786
0.0029167376289497998	20.894957708014164
0.0030101345872954335	20.488030368602065
0.003109123951131139	20.066364078690825
0.003214099596367163	19.630915904182167
0.0033254920224053608	19.1826622751019
0.003443772479798043	18.722596716399792
0.003569457567128539	18.251727578157535
0.0037031143792186846	17.771075763975684
0.0038453662995923395	17.281672455955512
0.003996899543367951	16.784556834646065
0.0041584705728385995	16.28077379247189
0.0043309145274549685	15.771371639443275
0.004515154833405695	15.257399800288708
0.004712214186294104	14.739906502527168
0.004923227134549276	14.219936455351643
0.005149454532409399	13.698528519515754
0.0053923002138014185	13.176713367541263
0.005653330173528022	12.655511136413475
0.005934294761655193	12.135929076175117
0.006237154503534802	11.618959190544901
0.006564110101214149	11.105575873096939
0.006917637430918333	10.596733540093869
0.007300528485091563	10.093364261349624
0.00771593941012611	9.596375390678341
0.008167447041840645	9.106647197613661
0.008659115652682752	8.625030502322726
0.009195576013863819	8.15234431593451
0.009782119363365543	7.689373488882309
0.010424809484491267	7.236866370398329
0.011130616875339006	6.795532482924403
0.011907579974455369	6.366040216040445
0.012764956333994075	5.949030464502083
0.013713775018588805	5.54500197071887
0.014766189264594363	5.154632374147626
0.01593726136406188	4.778288726304721
0.017244174628082882	4.416433126305678
0.018707307726368128	4.069440713980659
0.020350792003691078	3.73763055768914
0.022203330767290044	3.4212638420357795
0.024299225821643743	3.120542192385893
0.026679671007065434	2.8356061630550395
0.029394391899683996	2.566533919846499
0.0325037372576763	2.3133401518372025
0.03608136406917881	2.0759752514427605
0.04021770823124312	1.8543248061490445
0.04502450286990762	1.648209449353506
0.050640704762420885	1.4573851215627724
0.0572403290811991	1.2815437962046632
0.06504289296053387	1.120314726463944
0.07432746038491204	0.9732662408095732
0.0854516989724807	0.8399082290145808
0.09887791104889307	0.7196959571480123
0.11521097360550805	0.6120223792648876
0.135241132685733	0.5162708913218818
0.16003037089109867	0.43173092530577795
0.19100056826284958	0.3576908139994729
0.23008938188665554	0.293402412231701
0.2799677236618986	0.23809714289082146
0.34436640546916863	0.19099432700799748
0.4285711852728053	0.151310020240208
0.5401854664050132	0.11826619295858253
0.6903261701908182	0.09110005058346408
0.8955343465965588	0.06907325276832195
1.1808897502459572	0.05148075733659822
1.5851989317689792	0.03765899201180674
2.169840426981361	0.026993047668545236
3.0342273327500093	0.018922595894148086
4.343578990348581	0.01294626396103031
6.380282421955658	0.008624255462069946
9.64194713563704	0.005579084089987184
65821.04299276388	5.707433747149071e-07
0.7	88
0.001942259793483789	24.76921955304087
0.0019966557499760586	24.72989517018148
0.002052689545527118	24.66461003740479
0.0021097068133072157	24.573671067976104
0.0021679945038541905	24.457442428427562
0.0022279874230119855	24.3163385316562
0.002290093851816524	24.150821698671976
0.002354674733664762	23.96140087965517
0.0024220535747571472	23.748630487667853
0.0024925296065059777	23.513109091897224
0.0025663889313211246	23.255477914054097
0.0026439132780846026	22.9764191342314
0.002725386909081461	22.67665403336941
0.0028111022475650503	22.35694100493475
0.002901364666261789	22.018073467472874
0.002996496755488859	21.660877705872405
0.003096842301527518	21.286210664222786
0.0032027701474183594	20.894957708014164
0.00331467807119863	20.488030368602065
0.00343299679400037	20.066364078690825
0.0035581942177397995	19.630915904182167
0.003690779986389318	19.1826622751019
0.003831310464211162	18.722596716399792
0.003980394227811947	18.251727578157535
0.004138698175926277	17.771075763975684
0.004306954371270178	17.281672455955512
0.004485967742709495	16.784556834646065
0.004676624793649462	16.28077379247189
0.004879903484452289	15.771371639443275
0.0050968844834966285	15.257399800288708
0.0053287640140823505	14.739906502527168
0.0055768685638894755	14.219936455351643
0.005842671771523353	13.698528519515754
0.006127813900850235	13.176713367541263
0.006434124237419077	12.655511136413475
0.006763646997985705	12.135929076175117
0.007118671468181138	11.618959190544901
0.0075017670166140455	11.105575873096939
0.00791582393626712	10.596733540093869
0.008364101219957922	10.093364261349624
0.008850282613017575	9.596375390678341
0.009378542579068784	9.106647197613661
0.009953624178661202	8.625030502322726
0.010580931314609915	8.15234431593451
0.011266638366887495	7.689373488882309
0.012017820955930764	7.236866370398329
0.012842612478200769	6.795532482924403
0.013750392206855148	6.366040216040445
0.014751961643921936	5.949030464502083
0.01586018912959592	5.54500197071887
0.01708925421452441	5.154632374147626
0.018456730624943803	4.778288726304721
0.019982666392432884	4.416433126305678
0.021690837470455065	4.069440713980659
0.023609397899443753	3.73763055768914
0.025771835644064937	3.4212638420357795
0.02821817021892341	3.120542192385893
0.03099646181857909	2.8356061630550395
0.034164724302381475	2.566533919846499
0.037793365216473855	2.3133401518372025
0.04196831835097469	2.0759752514427605
0.04679509286660233	1.8543248061490445
0.052404044669166774	1.648209449353506
0.05895729056980954	1.4573851215627724
0.06665784882051037	1.2815437962046632
0.07576182327605412	1.120314726463944
0.08659478909782269	0.9732662408095732
0.09957402566848908	0.8399082290145808
0.11523888617832462	0.7196959571480123
0.1342950609186581	0.6120223792648876
0.1576645040319876	0.5162708913218818
0.1865861956675732	0.43173092530577795
0.22271899628171338	0.3576908139994729
0.2683235062078339	0.293402412231701
0.32651578971562906	0.23809714289082146
0.4016484610410048	0.19099432700799748
0.49988823817386213	0.151310020240208
0.6301057586913967	0.11826619295858253
0.8052707644894493	0.09110005058346408
1.044681147541754	0.06907325276832195
1.377596621921823	0.05148075733659822
1.849291497046866	0.03765899201180674
2.531374065057874	0.026993047668545236
3.539826272666835	0.018922595894148086
5.067404018409262	0.01294626396103031
7.4435588285629555	0.008624255462069946
11.248835129631152	0.005579084089987184
76791.21673113079	5.707433747149071e-07
0.8	88
0.0019637905961638197	24.76921955304087
0.0020376779182033136	24.72989517018148
0.002111063123311972	24.66461003740479
0.0021839335942977077	24.573671067976104
0.0022571314373908743	24.457442428427562
0.002331473795656409	24.3163385316562
0.002407629759010897	24.150821698671976
0.0024861453108775463	23.96140087965517
0.0025674820300538603	23.748630487667853
0.0026520476027744925	23.513109091897224
0.0027402176068071884	23.255477914054097
0.0028323510219125927	22.9764191342314
0.0029288016017488725	22.67665403336941
0.0030299265797671085	22.35694100493475
0.003136093674716823	22.018073467472874
0.0032476870297030295	21.660877705872405
0.0033651125111693147	21.286210664222786
0.0034888026658869203	20.894957708014164
0.0036192215551018275	20.488030368602065
0.0037568696368696025	20.066364078690825
0.003902288839112438	19.630915904182167
0.004056067950373276	19.1826622751019
0.004218848448624282	18.722596716399792
0.004391330888495357	18.251727578157535
0.00457428197263387	17.771075763975684
0.004768542442948017	17.281672455955512
0.004975035942051038	16.784556834646065
0.005194779014460326	16.28077379247189
0.00542889244144961	15.771371639443275
0.005678614133587563	15.257399800288708
0.005945313841870598	14.739906502527168
0.006230509993229676	14.219936455351643
0.006535889010637308	13.698528519515754
0.006863327587899052	13.176713367541263
0.007214918301310133	12.655511136413475
0.0075929992343162205	12.135929076175117
0.008000188432827475	11.618959190544901
0.008439423932013945	11.105575873096939
0.008914010441615907	10.596733540093869
0.00942767395482428	10.093364261349624
0.009984625815909042	9.596375390678341
0.010589638116296925	9.106647197613661
0.01124813270463965	8.625030502322726
0.01196628661535601	8.15234431593451
0.012751157370409449	7.689373488882309
0.013610832427370266	7.236866370398329
0.014554608081062534	6.795532482924403
0.015593204439254923	6.366040216040445
0.016738966953849795	5.949030464502083
0.01800660324060304	5.54500197071887
0.01941231916445446	5.154632374147626
0.02097619988582573	4.778288726304721
0.02272115815678289	4.416433126305678
0.024674367214542	4.069440713980659
0.026868003795196427	3.73763055768914
0.029340340520839826	3.4212638420357795
0.03213711461620308	3.120542192385893
0.035313252630092745	2.8356061630550395
0.03893505670507896	2.566533919846499
0.0430829931752714	2.3133401518372025
0.04785527263277058	2.0759752514427605
0.05337247750196154	1.8543248061490445
0.059783586468425944	1.648209449353506
0.0672738763771982	1.4573851215627724
0.07607536855982168	1.2815437962046632
0.08648075359157438	1.120314726463944
0.09886211781073331	0.9732662408095732
0.11369635236449749	0.8399082290145808
0.13159986130775622	0.7196959571480123
0.15337914823180812	0.6120223792648876
0.18008787537824222	0.5162708913218818
0.21314202044404773	0.43173092530577795
0.2544374243005772	0.3576908139994729
0.30655763052901236	0.293402412231701
0.37306385576935963	0.23809714289082146
0.45893051661284123	0.19099432700799748
0.571205291074919	0.151310020240208
0.7200260509777804	0.11826619295858253
0.9202153587880808	0.09110005058346408
1.193827948486949	0.06907325276832195
1.5743034935976885	0.05148075733659822
2.113384062324753	0.03765899201180674
2.892907703134388	0.026993047668545236
4.045425212583662	0.018922595894148086
5.791229046469944	0.01294626396103031
8.506835235170255	0.008624255462069946
12.855723123625264	0.005579084089987184
87761.39046949771	5.707433747149071e-07
0.9	88
0.0019853213988438503	24.76921955304087
0.002078700086430568	24.72989517018148
0.002169436701096827	24.66461003740479
0.002258160375288199	24.573671067976104
0.0023462683709275585	24.457442428427562
0.002434960168300831	24.3163385316562
0.00252516566620527	24.150821698671976
0.0026176158880903307	23.96140087965517
0.0027129104853505733	23.748630487667853
0.0028115655990430073	23.513109091897224
0.0029140462822932526	23.255477914054097
0.0030207887657405833	22.9764191342314
0.003132216294416285	22.67665403336941
0.003248750911969167	22.35694100493475
0.003370822683171858	22.018073467472874
0.0034988773039171996	21.660877705872405
0.003633382720811111	21.286210664222786
0.0037748351843554795	20.894957708014164
0.003923765039005024	20.488030368602065
0.004080742479738835	20.066364078690825
0.004246383460485075	19.630915904182167
0.004421355914357233	19.1826622751019
0.0046063864330374	18.722596716399792
0.004802267549178766	18.251727578157535
0.005009865769341462	17.771075763975684
0.005230130514625855	17.281672455955512
0.005464104141392581	16.784556834646065
0.005712933235271189	16.28077379247189
0.005977881398446929	15.771371639443275
0.006260343783678497	15.257399800288708
0.006561863669658846	14.739906502527168
0.006884151422569876	14.219936455351643
0.007229106249751263	13.698528519515754
0.0075988412749478694	13.176713367541263
0.007995712365201187	12.655511136413475
0.008422351470646733	12.135929076175117
0.008881705397473811	11.618959190544901
0.009377080847413842	11.105575873096939
0.009912196946964694	10.596733540093869
0.010491246689690637	10.093364261349624
0.011118969018800507	9.596375390678341
0.011800733653525065	9.106647197613661
0.0125426412306181	8.625030502322726
0.013351641916102108	8.15234431593451
0.0142356763739314	7.689373488882309
0.015203843898809764	7.236866370398329
0.016266603683924293	6.795532482924403
0.017436016671654703	6.366040216040445
0.018725972263777656	5.949030464502083
0.020153017351610156	5.54500197071887
0.021735384114384512	5.154632374147626
0.02349566914670765	4.778288726304721
0.025459649921132893	4.416433126305678
0.02765789695862893	4.069440713980659
0.030126609690949102	3.73763055768914
0.03290884539761472	3.4212638420357795
0.03605605901348274	3.120542192385893
0.0396300434416064	2.8356061630550395
0.043705389107776445	2.566533919846499
0.048372621134068955	2.3133401518372025
0.053742226914566454	2.0759752514427605
0.05994986213732076	1.8543248061490445
0.06716312826768513	1.648209449353506
0.07559046218458686	1.4573851215627724
0.08549288829913296	1.2815437962046632
0.09719968390709463	1.120314726463944
0.11112944652364397	0.9732662408095732
0.1278186790605059	0.8399082290145808
0.14796083643718774	0.7196959571480123
0.17246323554495813	0.6120223792648876
0.20251124672449683	0.5162708913218818
0.23969784522052226	0.43173092530577795
0.286155852319441	0.3576908139994729
0.3447917548501907	0.293402412231701
0.4196119218230902	0.23809714289082146
0.5162125721846774	0.19099432700799748
0.6425223439759757	0.151310020240208
0.8099463432641641	0.11826619295858253
1.0351599530867124	0.09110005058346408
1.342974749432144	0.06907325276832195
1.771010365273554	0.05148075733659822
2.3774766276026393	0.03765899201180674
3.2544413412109012	0.026993047668545236
4.551024152500487	0.018922595894148086
6.515054074530625	0.01294626396103031
9.570111641777553	0.008624255462069946
14.462611117619378	0.005579084089987184
98731.56420786462	5.707433747149071e-07
