# Table format: T1D
# table_unit = degC
# axis1_unit = kJ/kg/K
# axis2_unit = barA
# This file was automatically generated by generate_data_files.py
1.0	118
-1.2809684701218529	-117.46111111111114
-1.2520109129526893	-114.85324785081349
-1.2229815731348785	-112.20170163514967
-1.1938729450838004	-109.50574075374979
-1.1646775258516127	-106.76462123974571
-1.1353878075699815	-103.97758666447015
-1.1059962701856738	-101.14386792871363
-1.0764953744431203	-98.2626830504868
-1.046877555064283	-95.33323694922967
-1.0171352140731076	-92.35472122640206
-0.9872607142097035	-89.32631394240272
-0.9572463723774723	-86.24717938974871
-0.9270844530653936	-83.11646786245859
-0.896767161686763	-79.9333154215692
-0.866286637775108	-76.69684365672686
-0.835634947977467	-73.40615944378547
-0.8048040787843026	-70.06035469834171
-0.7737859289341686	-66.6585061251462
-0.7425723014288362	-63.19967496331273
-0.7111548950913761	-59.682906727260615
-0.6795252955945209	-56.10723094332107
-0.6476749658792804	-52.47166088192708
-0.6155952358737797	-48.775193285320114
-0.5832772914086801	-45.01680809069535
-0.5507121622075667	-41.195468148708756
-0.5178907088075092	-37.31011893726824
-0.4848036082351221	-33.359688270534434
-0.4514413382255976	-29.343086003041833
-0.41779415972434003	-25.25920372886776
-0.3838520973506885	-21.10691447576164
-0.3496049174275521	-16.885072394148665
-0.31504210308589425	-12.592512440926555
-0.28015282583324086	-8.228050057964424
-0.24492591282413606	-3.7904808452170755
-0.20934980887805568	0.7214197716372723
-0.1734125320441716	5.308896879124802
-0.13710162119469657	9.973216419566029
-0.10040407371533115	14.715665540420218
-0.0633062708178287	19.537552949480187
-0.025793887277256546	24.44020927602162
0.02641681371931304	27.44617064959482
0.055724355602425266	27.44617064959482
0.08503189748553745	27.44617064959482
0.1143394393686497	27.44617064959482
0.1436469812517619	27.44617064959482
0.17295452313487408	27.44617064959482
0.20226206501798635	27.44617064959482
0.23156960690109854	27.44617064959482
0.26087714878421076	27.44617064959482
0.290184690667323	27.44617064959482
0.3194922325504352	27.44617064959482
0.34879977443354737	27.44617064959482
0.3781073163166596	27.44617064959482
0.40741485819977186	27.44617064959482
0.43672240008288404	27.44617064959482
0.4660299419659962	27.44617064959482
0.49533748384910836	27.44617064959482
0.5246450257322208	27.44617064959482
0.5539525676153328	27.44617064959482
0.5832601094984451	27.44617064959482
0.6125676513815572	27.44617064959482
0.6418751932646696	27.44617064959482
0.6711827351477817	27.44617064959482
0.7004902770308937	27.44617064959482
0.7297978189140062	27.44617064959482
0.7591053607971184	27.44617064959482
0.7884129026802305	27.44617064959482
0.8177204445633429	27.44617064959482
0.8470279864464552	27.44617064959482
0.8763355283295673	27.44617064959482
0.9056430702126792	27.44617064959482
0.9349506120957917	27.44617064959482
0.9642581539789039	27.44617064959482
0.993565695862016	27.44617064959482
1.0228732377451282	27.44617064959482
1.0521807796282405	27.44617064959482
1.0814883215113527	27.44617064959482
1.1107958633944648	27.44617064959482
1.157185946754455	30.452000876394095
1.185416399575427	35.4391277656008
1.2139769087837968	40.50817583627958
1.2428783708481084	45.6604907690442
1.272131045692428	50.89744034936945
1.3017446542649582	56.22041483069677
1.3317284532567975	61.63082730350561
1.3620912925888575	67.1301140704461
1.3928416598259996	72.71973502763473
1.4239877146207423	78.40117405221275
1.4555373155185367	84.17593939627199
1.4874980408913971	90.0455640872492
1.5198772053494036	96.01160633490105
1.5526818726691995	102.07564994495976
1.585918866046207	108.23930473958836
1.6195947763015244	114.50420698473886
1.6537159685405314	120.8720198245324
1.6882885876567253	127.34443372277457
1.7233185629936174	133.92316691172238
1.7588116124135262	140.6099658482239
1.7947732459706844	147.40660567734994
1.831208769344188	154.31489070364313
1.8681232871515567	161.33665487010495
1.9055217062345933	168.4737622450541
1.9434087389844508	175.72810751698023
1.9817889067516763	183.1016164975274
2.0206665433687134	190.59624663273945
2.0600457987966236	198.21398752270295
2.0999306428942264	205.95686144972728
2.140324869296243	213.8269239151989
2.181232099377305	221.8262641852569
2.2226557862705674	229.9570058454292
2.2645992189031987	238.22130736438254
2.3070655260061246	246.62136266693017
2.3500576800518713	255.15940171645286
2.3935785010723025	263.8376911068891
2.4376306603072764	272.6585346644472
2.482216683635714	281.62427405920107
2.5273389547422664	290.73728942673563
2.5729997179753665	300.0000000000002
10.0	120
-1.2824544737778132	-117.461111111111
-1.2419699631983436	-113.80419621895746
-1.2013403097620055	-110.0613854955474
-1.160545074925705	-106.23066136758715
-1.1195638123170095	-102.3099588717981
-1.0783760295374614	-98.29716454179456
-1.036961151822088	-94.19011526881314
-0.9952984870434681	-89.9865971356814
-0.953367191514497	-85.68434422340013
-0.9111462360229912	-81.28103738969253
-0.8686143715213521	-76.77430301886392
-0.8257500938916382	-72.16171174229649
-0.7825316072055641	-67.44077712889205
-0.7389367848934856	-62.60895434475228
-0.6949431282183616	-57.663638781380484
-0.6505277214099013	-52.6021646516576
-0.6056671827390102	-47.421803552843755
-0.5603376106882917	-42.119762995821844
-0.5145145241834611	-36.6931848998
-0.4681727955701697	-31.139144051655563
-0.4212865746223308	-25.45464652908734
-0.37382920131332403	-19.636628086733964
-0.32577310431781226	-13.681952504385322
-0.27708968116662347	-7.58740989639017
-0.22774915454513178	-1.349714981360762
-0.17772039725267622	5.034494688769257
-0.12697071559632422	11.568660541283123
-0.07546557712350511	18.25630483779105
-0.023168263052472413	25.10103257291712
0.029960582345318246	32.10653341758268
0.08396354526876337	39.27658370793199
0.13888723723375507	46.615048480980704
0.1947833789102274	54.125883558073895
0.2517103082077583	61.81313767728318
0.3097351281626222	69.68095467589217
0.36893685146332567	77.73357572414358
0.42941115962834625	85.97534161145438
0.4912779070257143	94.41069508633143
0.5546935794955846	103.04418325124999
0.619873408682522	111.88046001378018
0.6487103816525903	115.76965657957624
0.6654866192918996	115.76965801666057
0.6822628492231666	115.76965801666057
0.6990390791544336	115.76965801666057
0.7158153090857007	115.76965801666057
0.7325915390169677	115.76965801666057
0.7493677689482349	115.76965801666057
0.7661439988795019	115.76965801666057
0.7829202288107688	115.76965801666057
0.799696458742036	115.76965801666057
0.8164726886733029	115.76965801666057
0.83324891860457	115.76965801666057
0.8500251485358371	115.76965801666057
0.8668013784671041	115.76965801666057
0.8835776083983713	115.76965801666057
0.9003538383296382	115.76965801666057
0.9171300682609052	115.76965801666057
0.9339062981921723	115.76965801666057
0.9506825281234392	115.76965801666057
0.9674587580547064	115.76965801666057
0.9842349879859734	115.76965801666057
1.0010112179172403	115.76965801666057
1.0177874478485074	115.76965801666057
1.0345636777797744	115.76965801666057
1.0513399077110417	115.76965801666057
1.0681161376423085	115.76965801666057
1.0848923675735758	115.76965801666057
1.1016685975048426	115.76965801666057
1.1184448274361098	115.76965801666057
1.1352210573673767	115.76965801666057
1.1519972872986437	115.76965801666057
1.168773517229911	115.76965801666057
1.185549747161178	115.76965801666057
1.2023259770924448	115.76965801666057
1.219102207023712	115.76965801666057
1.2358784369549791	115.76965801666057
1.2526546668862462	115.76965801666057
1.269430896817513	115.76965801666057
1.28620712674878	115.76965801666057
1.302983605145637	115.76970508628057
1.326828335173024	119.6589021371434
1.34995807952807	123.48284936306572
1.3730379624692186	127.34402225344502
1.396095978806055	131.24278319562927
1.4191552158618328	135.17949810476313
1.4422349807996224	139.15453645813233
1.4653516206211552	143.1682713298381
1.4885191303605556	147.22107942581334
1.5117496119052385	151.31334111917766
1.5350536253409581	155.44544048593724
1.5584404615941485	159.61776534103166
1.5819183565381267	163.83070727473233
1.6054946609549152	168.08466168939384
1.629175976789863	172.38002783656663
1.6529682673781585	176.717208854465
1.6768769473671081	181.09661180580616
1.700906956650956	185.51864771601322
1.7250628216088817	189.9837316117924
1.7493487061791522	194.4922825600845
1.7737684547368058	199.04472370739666
1.7983256283154274	203.64148231951566
1.8230235353887894	208.28298982161033
1.8478652581784285	212.9696818387203
1.872853675260093	217.70199823664262
1.8979914810911243	222.4803831632147
1.9232812029624597	227.3052850899998
1.9487252157852355	232.17715685437724
1.9743257550475406	237.09645570204373
2.0000849282171433	242.06364332992837
2.026004724818149	247.07918592952296
2.0520870253707404	252.14355423063785
2.078333609351625	257.2572235455808
2.104746162307132	262.42067381376796
2.1313262822298076	267.63438964676743
2.1580754852920325	272.8988603737822
2.1849952110158064	278.2145800875769
2.212086826946009	283.58204769084796
2.2393516328845453	289.00176694305105
2.266790864734452	294.47424650767846
2.294405697996252	300.00000000000034
20.0	118
-1.2840981638358744	-117.46111111111082
-1.2394142219425544	-113.41996480857841
-1.1945520859019163	-109.27392429326659
-1.1494843443126128	-105.02026687338187
-1.1041835702336702	-100.65619918544755
-1.0586222605115518	-96.17885535990976
-1.01277277835845	-91.58529513913084
-0.9666072981707591	-86.87250194653146
-0.9200977515222927	-82.03738090561333
-0.873215773244771	-77.07675680756529
-0.8259326465103516	-71.9873720261107
-0.7782192458468721	-66.76588437823756
-0.7300459770299972	-61.40886492939609
-0.6813827127893293	-55.91279574172742
-0.6321987232137064	-50.27406756384585
-0.582462599616141	-44.488977460655065
-0.5321421703867958	-38.55372638164155
-0.48120440698021116	-32.464416666050056
-0.42961531759698346	-26.217049483302247
-0.377339825259668	-19.807522206977865
-0.32434162575225833	-13.231625720630689
-0.2705830191580424	-6.485041653678138
-0.216024706296707	0.43666045446229873
-0.16062553793782205	7.53802606384005
-0.10434219980711384	14.823718618962289
-0.04712880940334469	22.29852261126331
0.011063609624041078	29.967346721064075
0.07028782519212506	37.83522704108833
0.13060133997678441	45.90733038364766
0.19206769109117977	54.18895767367195
0.2547582789804699	62.68554742980973
0.31875500342575086	71.40267933588626
0.38415417181867795	80.34607790506527
0.45107249610930034	89.52161623911633
0.5196566959694169	98.93531988526507
0.5900997367048451	108.5933707931506
0.662670317891223	118.50211137449048
0.7377719018186626	128.6680486681252
0.8160786930271765	139.09785861316823
0.898927038630512	149.79839043307555
0.9445434215131902	154.07059438826138
0.9558112607376594	154.07059438826138
0.9670790999621289	154.07059438826138
0.9783469391865985	154.07059438826138
0.989614778411068	154.07059438826138
1.0008826176355374	154.07059438826138
1.012150456860007	154.07059438826138
1.0234182960844767	154.07059438826138
1.0346861353089463	154.07059438826138
1.0459539745334154	154.07059438826138
1.0572218137578853	154.07059438826138
1.0684896529823547	154.07059438826138
1.079757492206824	154.07059438826138
1.0910253314312939	154.07059438826138
1.1022931706557633	154.07059438826138
1.1135610098802327	154.07059438826138
1.1248288491047025	154.07059438826138
1.1360966883291717	154.07059438826138
1.1473645275536413	154.07059438826138
1.1586323667781107	154.07059438826138
1.1699002060025803	154.07059438826138
1.1811680452270499	154.07059438826138
1.1924358844515193	154.07059438826138
1.2037037236759889	154.07059438826138
1.2149715629004585	154.07059438826138
1.2262394021249279	154.07059438826138
1.2375072413493975	154.07059438826138
1.2487750805738669	154.07059438826138
1.2600429197983363	154.07059438826138
1.271310759022806	154.07059438826138
1.2825785982472753	154.07059438826138
1.2938464374717449	154.07059438826138
1.3051142766962143	154.07059438826138
1.3163821159206839	154.07059438826138
1.3276499551451535	154.07059438826138
1.338917794369623	154.07059438826138
1.3501856335940925	154.07059438826138
1.3614534728185623	154.07059438826138
1.403811537413514	158.34278580048198
1.4257161073796083	161.49525529709462
1.447120128279531	164.6707566131351
1.4681444906367516	167.86945801817967
1.488875564586549	171.09152901117596
1.5093775060125822	174.33714032942356
1.5296994563295225	177.60646395762245
1.549880005923736	180.8996731369856
1.5699500922306076	184.21694237442102
1.589934953990688	187.55844745177586
1.6098554912806695	190.92436543515322
1.6297292376120978	194.31487468429378
1.6495710708434508	197.73015486202883
1.6693937435095392	201.17038694379784
1.68920828537938	204.6357532272405
1.709024313756613	208.126437341856
1.728850275958787	211.64262425873278
1.7486936411353908	215.18450030035223
1.7685610536958407	218.75225315045952
1.7884584572675895	222.34607186401
1.8083911957648016	225.96614687718693
1.8283640964878527	229.61267001749417
1.848381538977582	233.28583451391853
1.8684475124747015	236.98583500717103
1.8885656641885389	240.71286755999915
1.908739340095955	244.46712966757877
1.9289716196255613	248.2488202679766
1.949265345303316	252.05813975269348
1.9696231482202862	255.8952899772828
1.990047470016078	259.76047427204617
2.0105405819404445	263.65389745280993
2.031104601451983	267.5757658317757
2.051741506730682	271.52628722845384
2.072453149415216	275.5056709806763
2.093241265822864	279.51412795569
2.1141074868670784	283.55187056132854
2.135053346852739	287.61911275726914
2.1560802913005466	291.7160700663701
2.1771896839285034	295.842959586092
2.1983828128989598	300.0000000000002
30.000000000000004	118
-1.2857341402231128	-117.46111111111097
-1.238468507258494	-113.18301012547835
-1.191003019367695	-108.78735323605639
-1.143305308144866	-104.2709101800344
-1.0953429864398758	-99.63036193174435
-1.0470835700083334	-94.86229826359016
-0.9984944037149663	-89.96321523995161
-0.9495425908238889	-84.92951264222702
-0.9001949238488525	-79.7574913231193
-0.8504178154304121	-74.44335048822015
-0.8001772277410969	-68.98318490289793
-0.7494385989732864	-63.372982022435934
-0.6981667655108952	-57.608619043306675
-0.6463258783916224	-51.68585987342453
-0.5938793125902977	-45.600352019142036
-0.5407895674473057	-39.34762338670896
-0.48701815617002364	-32.923078995834544
-0.432525481676747	-26.321997602949466
-0.37727069503869437	-19.539528231675604
-0.32121153128248764	-12.570686607960283
-0.2643041151710207	-5.410351497253998
-0.2065027265363923	1.9467390589639422
-0.14775951042293445	9.50599161007193
-0.08802411113801634	17.272961269448274
-0.02724320039508757	25.253355796792505
0.034640143409741656	33.45303979261956
0.0976872675875278	41.87803900801572
0.16196508279757588	50.53454477281679
0.2275476488035663	59.42891854546872
0.2945184329269562	68.56769658791086
0.3629736068630914	77.95759476891863
0.4330270027332997	87.60551349943222
0.5048178370572937	97.51854280350676
0.5785233079390674	107.70396752859693
0.6543803818903093	118.16927269901947
0.7327265371226995	128.92214901651613
0.8140846834162221	139.97049851196783
0.8993708712204311	151.32244035240564
0.9905552825814887	162.986316807594
1.0943609208314216	174.97069938056188
1.1499362550500507	179.4971687374499
1.155968951303685	179.4971687374499
1.1620016475573198	179.4971687374499
1.1680343438109544	179.4971687374499
1.174067040064589	179.4971687374499
1.1800997363182235	179.4971687374499
1.186132432571858	179.4971687374499
1.1921651288254926	179.4971687374499
1.1981978250791272	179.4971687374499
1.2042305213327615	179.4971687374499
1.2102632175863963	179.4971687374499
1.2162959138400307	179.4971687374499
1.2223286100936652	179.4971687374499
1.2283613063473	179.4971687374499
1.2343940026009346	179.4971687374499
1.2404266988545687	179.4971687374499
1.2464593951082035	179.4971687374499
1.252492091361838	179.4971687374499
1.2585247876154724	179.4971687374499
1.2645574838691072	179.4971687374499
1.2705901801227415	179.4971687374499
1.276622876376376	179.4971687374499
1.2826555726300108	179.4971687374499
1.2886882688836452	179.4971687374499
1.2947209651372795	179.4971687374499
1.3007536613909143	179.4971687374499
1.3067863576445489	179.4971687374499
1.3128190538981832	179.4971687374499
1.318851750151818	179.4971687374499
1.3248844464054523	179.4971687374499
1.330917142659087	179.4971687374499
1.3369498389127217	179.4971687374499
1.342982535166356	179.4971687374499
1.3490152314199906	179.4971687374499
1.3550479276736251	179.4971687374499
1.3610806239272595	179.4971687374499
1.367113320180894	179.4971687374499
1.3731460164345286	179.4971687374499
1.4339175859483284	184.02363636697334
1.4587210510921274	186.68158260605446
1.4814173378191453	189.35498178827987
1.5027703526604501	192.0439237549901
1.5231882316824177	194.74849886984953
1.542918018710494	197.4687980218867
1.562122034373189	200.20491262854597
1.5809133466102903	202.95693463876012
1.5993742455921043	205.7249565360416
1.617566705439057	208.50907134158905
1.6355386997294545	211.30937261741343
1.6533282121989938	214.12595446948336
1.6709658908678884	216.9589115508869
1.6884768655117324	219.80833906501232
1.705882028624461	222.6743327687479
1.7231989607932852	225.55698897569908
1.740442613617237	228.45640455942583
1.7576258231861062	231.37267695669829
1.7747597025630304	234.30590417077116
1.7918539461988263	237.25618477467611
1.808917069146335	240.2236179145366
1.8259565972638694	243.20830331289585
1.842979220067862	246.21034127207326
1.8599909147642124	249.22983267753114
1.8769970477868152	252.2668790012666
1.894002458599378	255.3215823052211
1.911011529377377	258.3940452447117
1.9280282433506213	261.4843710718775
1.9450562339654212	264.59266363915344
1.9620988265582455	267.71902740275823
1.9791590738782776	270.863567426205
1.9962397865244117	274.02638938383234
2.0133435591520117	277.2075995643539
2.030472793140872	280.4073048744335
2.0476297162868127	283.62561284227513
2.0648163999774365	286.8626316212369
2.082034774231117	290.1184699934672
2.099286640913051	293.3932373735586
2.1165736853894797	296.6870438122246
2.1338974868384044	300.0000000000002
40.0	89
-1.2873625063480412	-117.46111111111136
-1.059283605945661	-95.9101167732457
-0.8535518036935773	-74.59187985392796
-0.6661823048967974	-53.7532030709049
-0.49449123306167486	-33.583913391846636
-0.3365828281193941	-14.225212558602323
-0.19105338831518373	4.222072170251067
-0.05681408899027963	21.690074354929436
0.06701862579957697	38.13756650939331
0.18119267967899827	53.54473108533443
0.2863652318716781	67.90890643684003
0.38313158901902716	81.24114543993352
0.472043588599744	93.56341911385692
0.5536209517005118	104.90631220977161
0.6283579153547939	115.30708257621222
0.6967266975241746	124.80798625715778
0.7591788705323395	133.4548025702951
0.8161454288067673	141.29552479141114
0.8680361634267181	148.37920908573005
0.9152388420941786	154.75499354922806
0.9581185963007794	160.4713081464132
0.997017812386705	165.57529425615797
1.0322567020279432	170.11244097538582
1.064134596819386	174.1264276946701
1.0929318855913532	177.65914313623193
1.1189124077441759	180.75083422817318
1.1423260429742488	183.4403269489913
1.1634112027307806	185.76525717703424
1.182396931583461	187.76225287046833
1.1995043646520853	189.46701903927902
1.2149473572861922	190.91429307649895
1.228932202265537	192.1376589851963
1.2416564725480859	193.16923318199503
1.2533071621926688	194.03925903780151
1.2640584232703254	194.77566788064513
1.2740692834004594	195.40367578099568
1.2834817487613897	195.9454838758041
1.2924196362748175	196.42013406974365
1.3009883452614854	196.84354484395624
1.3092756066660223	197.22872057802437
1.3173530830327445	197.5861005217817
1.3252785753089507	197.92399670339353
1.3330985436825835	198.2490659424705
1.3408506655992283	198.56676792605617
1.3485662144110784	198.8817746496817
1.3561526237278354	199.19337301507312
1.3637528623879736	199.51031564929843
1.371388805526242	199.836476709483
1.3790819222562183	200.1758697258274
1.386853896128283	200.53272806996847
1.3947270337508748	200.91155089154222
1.402724514028062	201.31712427498383
1.410870523442125	201.75452571767158
1.4191903141454831	202.22911824732353
1.427710213019716	202.7465388411398
1.4364576022198399	203.31268440506994
1.4454608854185926	203.9336974542661
1.454749449040899	204.61595279124703
1.4643536241027706	205.3660458690834
1.4743046516402052	206.1907831084382
1.484634652917613	207.09717416636238
1.495376604444638	208.09242599373204
1.5065643171371617	209.1839384361109
1.518232418597389	210.3793011050809
1.5304163373530455	211.68629125473393
1.543152287905922	213.1128724265581
1.5564772555346968	214.66719366449968
1.570428979931034	216.357589142368
1.5850459368891097	218.1925780820461
1.6003673173939215	220.18086486901757
1.6164330035483594	222.33133928894904
1.6332835408345396	224.65307681431472
1.6509601062190695	227.15533886350659
1.6695044715875464	229.84757293798094
1.6889589619382164	232.73941251830485
1.7093664076897472	235.84067657100354
1.730770090378509	239.16136848906046
1.7532136809529666	242.71167426429952
1.7767411698343303	246.50195967416118
1.8013967879200892	250.5427662625981
1.8272249177744033	254.8448059080655
1.8542699943869625	259.418953802862
1.8825763950948713	264.27623971781395
1.9121883185491884	269.42783749341163
1.9431496529617025	274.88505278028174
1.9755038342736697	280.65930914412263
2.009293695327002	286.7621327476312
2.044561307564646	293.2051359183181
2.081347817212772	299.9999999999999
50.00000000000001	89
-1.288983363278296	-117.4611111111112
-1.0598957829999271	-95.80489949838548
-0.8532135614398326	-74.36746874524431
-0.6649158467303298	-53.396889325667644
-0.4922962208203727	-33.08383743848108
-0.33344377740667414	-13.569978642952435
-0.18694382510023957	5.043730772314291
-0.0516989087882813	22.689576664220056
0.07318185984342358	39.32671549308259
0.18845309386796658	54.93590161678219
0.29477840231451136	69.51519556832653
0.3927595355552583	83.07649010381135
0.48295488621276994	95.64268529365745
0.5658908827654016	107.24535872888384
0.642068615543063	117.92280206225638
0.7119672692434887	127.71832548399357
0.7760454511045416	136.67876402651962
0.8347412063169642	144.85315064546467
0.8884713311521082	152.29154738446897
0.937630472729497	159.04404429339758
0.982590400789929	165.15994386526233
1.0236997273077526	170.68714619264358
1.0612842278403503	175.67173863544934
1.095647791759613	180.15777718961493
1.1270739123221662	184.18722947069807
1.155827538130633	187.8000354822551
1.1821570564648145	191.034235057226
1.2062961704007549	193.92611124866733
1.2284654625232712	196.5103065715432
1.248873499914434	198.81988220922017
1.2677174163163873	200.8863067310765
1.2851829947672309	202.73937785559121
1.3014443540769263	204.40709568351105
1.316663402562444	205.91551627900293
1.3309892524700109	207.28861883999303
1.3445577834818883	208.5482174123419
1.3574915056618653	209.71393996747747
1.3698998104776205	210.80328575962085
1.3818796276317566	211.8317590475379
1.3935164408282372	212.81306630028234
1.4048855693511255	213.75935687690327
1.416053600145031	214.68148459436384
1.4270798559428473	215.5892690880101
1.4380178029829718	216.49174014847858
1.4489163290662346	217.3973537700998
1.4569468279662887	218.07126004863505
1.4649978738535296	218.7543876471824
1.4730861268707003	219.44982453763134
1.481227806365698	220.16063347729602
1.4894388058137993	220.88986845348558
1.497734786519851	221.64058750789616
1.5061312532058764	222.41586255507286
1.5146436144782875	223.21878677107395
1.523287230933037	224.05248007137072
1.5320774533491959	224.92009313029257
1.5410296530827436	225.82481032492365
1.550159246431751	226.7698519190667
1.559481714421454	227.75847574077596
1.5690126191646305	228.7939785516744
1.5787676176951808	229.87969725851372
1.5887624739528348	231.01901007718874
1.5990130694129685	232.2153377262216
1.6095354127053594	233.4721446998875
1.6203456484450776	234.79294064982042
1.6314600654038383	236.1812818872736
1.6428951040766742	237.64077300538042
1.654667363642912	239.17506861102595
1.66679360827871	240.78787514864587
1.6792907727476682	242.48295279284787
1.692175967173816	244.26411738275272
1.7054664808855524	246.13524236803494
1.71917978520806	248.10026073448762
1.7333335350743477	250.16316687541348
1.7479455693203567	252.3280183740735
1.7630339095269738	254.5989376617723
1.7786167572711584	256.98011351590685
1.794712489649366	259.47580236244676
1.8113396529395331	262.09032934793174
1.828516954272744	264.8280891471984
1.8462632511933057	267.69354647477314
1.864597538995835	270.6912362702582
1.8835389357412533	273.8257635311496
1.9031066648698733	277.1018027704149
1.923320035349746	280.52409708084053
1.9441984193219297	284.09745679363573
1.9657612272314782	287.82675772500966
1.9880278804634737	291.71693901136155
2.011017781537014	295.7730005412169
2.034750281946282	300.0000000000001
60.00000000000001	89
-1.2905968098155494	-117.46111111111111
-1.0605040479437313	-95.70008936421164
-0.8528749016008335	-74.1438683000716
-0.6636524239607847	-53.041789520169004
-0.4901076803246707	-32.58538338189888
-0.330314679437612	-12.916785850260965
-0.18284783124550177	5.862908979735039
-0.046601171825575986	23.686127439084203
0.0793233630068114	40.51239388351104
0.19568687739779375	56.323012745057326
0.30315917914488594	71.11673711974623
0.40234814322501394	84.90625969300851
0.4938183095232926	97.71535609918402
0.5781022909579114	109.57652580450667
0.6557073609352188	120.5290010977289
0.7271188154311846	130.6170254698593
0.7928012129473087	139.88833510463206
0.8531982915804369	148.39280814414462
0.9087321752649851	156.18127239851498
0.9598023542722697	163.30448004910033
1.0067848175081402	169.81226560087038
1.0500316031788803	175.7529007367254
1.0898709145867456	181.17264885357662
1.126607827281063	186.11550667658332
1.1605255076481709	190.62310491589676
1.1918867863201708	194.73472841365492
1.2209358919963407	198.48741114904095
1.247900153736487	201.91606349525802
1.2729915160879481	205.05359722637138
1.2964077697930056	207.93102577058414
1.318333467346133	210.5775304403105
1.3389405540954482	213.02049532153302
1.358388791568818	215.28552225785558
1.3768260741747853	217.39644186967269
1.3943887421223127	219.3753367105046
1.41120197558754	221.24258924242986
1.4273803244707297	223.01696166812354
1.4430283927265641	224.7157083689749
1.4582416639216396	226.3547161822268
1.4731074309176262	227.9486639597136
1.4877057799291915	229.511191155448
1.5021105772954193	231.05506542628729
1.516390413703818	232.5923408838009
1.5306094719632806	234.13450105719875
1.544828297475785	235.69258321822207
1.5523135808669781	236.5206751701325
1.5598227676587526	237.35762791812567
1.5673637496127526	238.20494319461784
1.5749442726720912	239.0641088838404
1.5825719526043645	239.93660128239833
1.5902542890466067	240.82388709575957
1.597998678110659	241.72742520272493
1.6058124237050393	242.6486682190041
1.6137027477233823	243.58906388944274
1.6216767992407277	244.55005633642224
1.6297416628481691	245.5330871896009
1.6379043662445247	246.5395966196487
1.6461718871910684	247.57102429601412
1.6545511599226512	248.62881028616005
1.6630490810959837	249.7143959111736
1.6716725153438434	250.82922457022835
1.6804283004925542	251.9747425441094
1.6893232524894866	253.1523997858942
1.6983641700777334	254.36365070497698
1.7075578392462785	255.60995494886083
1.7169110374761722	256.8927781856088
1.7264305377963638	258.21359288845133
1.7361231126566876	259.5738791228532
1.7459955376204175	260.9751253353014
1.7560545948742252	262.4188291421716
1.766307076549735	263.90649811629896
1.7767597878476755	265.43965056823856
1.787419549953203	267.0198163187114
1.7982932027289158	268.64853745832147
1.8093876071705923	270.3273690903484
1.8207096476096494	272.0578800521945
1.8322662336455515	273.841653610957
1.8440643017911176	275.6802881285247
1.8561108168135743	277.57539769163145
1.8684127727545314	279.5286127023678
1.8809771936124666	281.5415804247858
1.8938111336721	283.6159654834281
1.9069216774660058	285.75345030983806
1.9203159393548823	287.9557355333983
1.934001062714313	290.2245403131567
1.9479842187173373	292.5616026076698
1.96227260470382	294.9686793802779
1.9768734421294085	297.447546737665
1.9917939740888906	300.0000000000001
70.0	89
-1.2922029425672787	-117.46111111111145
-1.061108444220328	-95.59568025871624
-0.8525358128031904	-73.92106593264657
-0.6623919673535468	-52.687884083321165
-0.48792547952355053	-32.08852392484161
-0.3271953317534451	-12.265598071004604
-0.178765122609532	6.679653317906343
-0.041520495687640505	24.67978600175553
0.08544364046792283	41.69467735407056
0.2028946946334513	57.70616182886698
0.311508440463477	72.7136581782841
0.4118985859522286	86.73062319302949
0.5046354520848668	99.78166085608837
0.5902573761263609	111.90013102377043
0.6692772382909984	123.12612765317846
0.742185729290564	133.5047277082706
0.8094524778711052	143.0844446011381
0.8715258479813656	151.91585103813804
0.9288320232105032	160.0503620002512
0.9817738650989132	167.53918620354892
1.0307299216434984	174.43246188170508
1.076053850690735	180.77859017155907
1.1180744051027214	186.62376894923847
1.1570960107116521	192.01171544200525
1.1933998684896783	196.98355165738798
1.2272454425663177	201.57781631022016
1.2588721631776694	205.83056264341042
1.288501177593855	209.7755036348065
1.3163370145502773	213.44417327704178
1.3425690764055775	216.8660826773285
1.367372925111882	220.06886021125558
1.3909113722954694	223.07837385127146
1.41333541353804	225.91883982792052
1.4347850600948795	228.61292459808476
1.4553901195175414	231.18184707067968
1.475270964347876	233.64548604806015
1.4945393106684737	236.0224949311227
1.5132990108977225	238.33042285953542
1.5316468514742192	240.58583928375174
1.5496733378322	242.8044578081109
1.5674634464742712	245.00125500198385
1.5850973259357466	247.19058052800335
1.6026509333488062	249.3862560635149
1.6201965994519856	251.601661777083
1.6378035208693196	253.84981031763596
1.6438536779780129	254.6288044844773
1.6499214058273393	255.41362311047578
1.6560092707134095	256.2047647234988
1.6621198097958432	257.0027248269936
1.668255532459938	257.8079960943239
1.6744189216102814	258.62106855330046
1.6806124349010512	259.4424297619528
1.6868385059081292	260.27256497656595
1.6930995452479343	261.11195731294663
1.69939794164758	261.9610879018354
1.7057360629708043	262.8204360393263
1.7121162572037525	263.69047933309287
1.7185408534043662	264.57169384514725
1.7250121626189294	265.4645542318085
1.7315324787688546	266.3695338814698
1.7381040795105942	267.28710505070455
1.74472922707112	268.21773899916855
1.7514101690612365	269.16190612370224
1.7581491392685311	270.12007609196667
1.7649483584316026	271.0927179758821
1.7718100349968144	272.0803003850889
1.778736365858622	273.0832916005792
1.7857295370842061	274.1021597086094
1.7927917246229559	275.1373727349395
1.7999250950010606	276.18939877940875
1.8071318060013195	277.25870615080635
1.814414007328021	278.34576350195744
1.8217738412566233	279.4510399649133
1.829213443267788	280.57500528609023
1.8367349426651454	281.71812996118626
1.8443404631760896	282.8808853696619
1.8520321235347992	284.0637439085659
1.8598120380464835	285.26717912545223
1.867682317131937	286.4916658501252
1.8756450678512615	287.73768032493797
1.8837023944056615	289.0057003333511
1.8918563986161507	290.29620532645777
1.9001091803779664	291.609676547174
1.908462838089491	292.9465971517877
1.9169194690544715	294.3074523285619
1.9254811698563403	295.6927294130926
1.9341500367034141	297.10291800011646
1.942928165743882	298.5385100514835
1.9518176533493452	299.9999999999998
80.0	89
-1.293801856015621	-117.46111111111105
-1.0617090145119197	-95.491666223831
-0.8521962843722857	-73.69904938174471
-0.6611344099984386	-52.33515396331049
-0.485749490585569	-31.59323252028375
-0.324085538438349	-11.616380232684094
-0.1746954245946655	7.494008900405561
-0.0364565115813059	25.67060974628663
0.09154317797615567	42.87363890159094
0.21007718188550326	59.08544241564067
0.3198270230355938	74.30608023377374
0.4214119752675588	88.54974109851292
0.5154078109157463	101.8418156153138
0.6023581853731595	114.21647069000772
0.6827810882625883	125.71459492849675
0.757172002386379	136.38201620885457
0.8260049074699969	146.26792575536263
0.8897319514629635	155.42347424786414
0.9487824160047417	163.900531325947
1.0035614680683274	171.7506172707246
1.0544490768620962	179.02402292383283
1.1017993622049738	185.76913125167465
1.1459405232956665	192.03194367605283
1.1871753830556278	197.85580015965343
1.2257824866349138	203.28126826547424
1.262017625503922	208.34616647111142
1.2961156268757827	213.0856828204531
1.3282922501845	217.53255165563786
1.3587460596054066	221.71725735651626
1.3876601824030173	225.66824261411523
1.4152039056264625	229.41210762362147
1.4415340995461225	232.9737940485423
1.4667964804953222	236.37675279323145
1.491126737666205	239.64309739183216
1.5146515500547348	242.7937456003607
1.537489514811588	245.84855126993443
1.5597520005637393	248.82642751431933
1.5815439318895939	251.7454611432198
1.6029645059119193	254.6230176598532
1.624107839560852	257.4758359333183
1.6450635461758794	260.3201118969688
1.665917241966154	263.17157114305553
1.6867509854937581	266.0455309072696
1.7076436559659283	268.95695251568475
1.7286712781556852	271.92048580151413
1.7326128381563195	272.47997385650524
1.7365621165496181	273.0418662512179
1.7405195773769024	273.6062549210601
1.7444856819715988	274.17323152637675
1.7484608890083864	274.7428874593552
1.752445654551419	275.3153138508535
1.7564404321016938	275.8906015771586
1.7604456726436029	276.46884126669
1.7644618246907562	277.050123306656
1.768489334331078	277.6345378496719
1.772528645271274	278.2221748203516
1.7765801988806733	278.8131239218801
1.780644434234514	279.40747464257333
1.784721788156706	280.00531626243674
1.7888126952621093	280.6067378597261
1.7929175879983459	281.21182831751935
1.7970368966872148	281.82067633030306
1.8011710495657034	282.4333704105833
1.8053204728266365	283.04999889552016
1.8094855906590024	283.670649953596
1.813666825287943	284.29541159131577
1.8178645970144653	284.92437165994795
1.8220793242548656	285.5576178623056
1.8263114235798945	286.19523775957066
1.8305613097536708	286.8373187781642
1.8348293957723372	287.48394821666216
1.8391160929025168	288.135213252761
1.8434218107195057	288.7912009502886
1.8477469571452598	289.4519982662655
1.852091938486151	290.1176920580124
1.8564571594705108	290.7883690903062
1.8608430232859205	291.4641160425796
1.8652499316162998	292.14501951616637
1.8696782846787423	292.8311660415882
1.8741284812601045	293.52264208588224
1.8786009187533428	294.2195340599634
1.8830959931935896	294.9219283260244
1.8876140992939454	295.6299112049651
1.8921556304809684	296.34356898384647
1.8967209789298822	297.06298792337475
1.9013105355994449	297.7882542653997
1.9059246902664617	298.5194542404297
1.9105638315599713	299.2566740751588
1.9152283469950344	299.9999999999999
90.00000000000001	89
-1.2953936425834793	-117.46111111111094
-1.0623058007580972	-95.38804145012091
-0.851856306297641	-73.47780669925581
-0.6598796872128572	-51.98358060882924
-0.483579589724348	-31.099483343357747
-0.3209851098412915	-10.969098259151565
-0.17063847172091745	8.306019487923834
-0.0314088636835437	26.658654225776047
0.09762244286591568	44.04934898013687
0.21723494903613755	60.46094445582116
0.3281157249897324	75.89411953732724
0.4308893649379418	90.36376603742167
0.5261367946697649	103.89602427364991
0.6144066277909306	116.52582187832468
0.6962215323549635	128.29478517212914
0.7720812743412603	139.24942463025224
0.8424635948670967	149.43952955794094
0.9078237593033921	158.91673854707784
0.9685934163214702	167.733278103546
1.02517926659867	175.9408790314091
1.0779619247283485	183.58988710053376
1.1272952426097678	190.72858156569526
1.1735062440618895	197.40270465000435
1.2168957065726713	203.65519097351927
1.257739330084336	209.52607224194884
1.2962893659866646	215.0525226405656
1.3327765472543993	220.26900606382264
1.3674121605467535	225.20748757677103
1.4003901247302661	229.8976770266255
1.4318889765851168	234.36728051646185
1.4620737028891573	238.64224356488756
1.4910973910222434	242.74697676740243
1.5191026938478878	246.7045599152956
1.5462231184522666	250.5369237299609
1.5725841541710466	254.26500998395306
1.5983042560150524	257.9089113435866
1.623495697846732	261.4879923063361
1.6482653074886453	265.0209925102903
1.672715094484679	268.52611367992483
1.6969427808093784	272.02109160817054
1.7210422452235767	275.52325482374147
1.7451038927531681	279.04957187349225
1.7692149614540353	282.6166893779173
1.793459778870854	286.24096313242603
1.8179199802211783	289.93848449850975
1.8193726995899324	290.15943948224856
1.820826462472934	290.38070840119644
1.8222812848700891	290.6022944908094
1.8237371827532607	290.82420098392913
1.8251941720663862	291.0464311107969
1.8266522687255924	291.26898809907163
1.8281114886193233	291.4918751738461
1.8295718476084408	291.7150955576632
1.8310333615263563	291.93865247053304
1.8324960461791362	292.16254912994884
1.833959917345631	292.38678875090466
1.835424990777567	292.61137454591073
1.836891282199697	292.8363097250119
1.838358807309879	293.06159749580297
1.83982758177922	293.287241063447
1.8412976212521717	293.51324363069057
1.8427689413466588	293.739608397883
1.8442415576541757	293.96633856299104
1.8457154857399265	294.1934373216187
1.8471907411429151	294.4209078670219
1.8486673393760693	294.6487533901277
1.8501452959263576	294.87697707955033
1.8516246262548899	295.1055821216099
1.8531053457970517	295.33457170034944
1.8545874699625937	295.56394899755185
1.856071014135765	295.79371719275844
1.8575559936754085	296.0238794632867
1.8590424239150944	296.25443898424794
1.8605303201632086	296.485398928565
1.8620196977030856	296.7167624669904
1.8635105717931155	296.9485327681256
1.8650029576668439	297.1807129984369
1.8664968705331084	297.41330632227607
1.8679923255761264	297.64631590189754
1.8694893379556226	297.87974489747694
1.8709879228069413	298.1135964671304
1.8724880952411465	298.347873766932
1.8739898703451496	298.58257995093413
1.8754932631818084	298.81771817118465
1.8769982887900516	299.0532915777478
1.8785049621849754	299.28930331872084
1.880013298357967	299.52575654025554
1.8815233122768213	299.7626543865765
1.8830350188858351	300.0
100.00000000000001	89
-1.296978392697919	-117.46111111111128
-1.06289884417359	-95.28480027169326
-0.8515158692000845	-73.25732623925666
-0.6586277364497679	-51.6331459511631
-0.4814156570329035	-30.607251264603747
-0.3178938623126412	-10.323719031976452
-0.16659400722399859	9.115727544012032
-0.02637720853028088	27.643973234411078
0.10368188500159989	45.22187562590966
0.2243685810416939	61.83275450102684
0.33637530828545803	77.47788742932107
0.44033175514974165	92.17284333477141
0.5368237309203255	105.94447957189021
0.626404487405298	118.82844423950615
0.7096009962240316	130.86705297904524
0.7869168750282861	142.10744233261812
0.8588331411152401	152.5999358297321
0.9258076477179193	162.39659068523468
0.9882738539086818	171.54991876409218
1.0466394365088976	180.11179234152684
1.101285132058536	188.13255162980096
1.1525640779779023	195.66032755782504
1.2008018008194818	202.7405824124047
1.2462968841147921	209.41585657006317
1.2893222517002647	215.7256957931911
1.3301269355100467	221.70672367948407
1.3689381642678027	227.39281949224068
1.4059636085176568	232.8153627138825
1.4413936396269782	238.00351093020976
1.4754034950357235	242.98448515401822
1.5081552792043658	247.7838445941802
1.5397997623952329	252.42573984109674
1.5704779641051092	256.93313880116875
1.6003225241655363	261.3280233768104
1.6294588736801516	265.63155713053175
1.658006222284513	269.86422541813613
1.68607837979845	274.0459501357542
1.7137844307295622	278.19618159848665
1.741229280133909	282.33397032457003
1.7685140893404054	286.4780217001663
1.7957366199476688	290.64673664129054
1.8229915041162152	294.85824141935905
1.8503704583269347	299.1304097456617
1.877962456369236	303.480880004941
1.9058538753780696	307.9270701970564
1.9047068377687832	307.7432309502876
1.9035604353182367	307.55957925232906
1.902414662367818	307.3761139335935
1.9012695132523432	307.19283382395827
1.9001249823000534	307.0097377527659
1.8989810638325952	306.8268245488214
1.8978377521650045	306.64409304039
1.8966950416056911	306.46154205519497
1.895552926456437	306.279170420417
1.8944114010123714	306.0969769626913
1.8932704595619512	305.91496050810554
1.8921300963869632	305.7331198821986
1.8909903057625015	305.5514539099587
1.8898510819569534	305.36996141582154
1.8887124192319853	305.18864122366836
1.887574311842528	305.00749215682356
1.886436754036763	304.8265130380537
1.8852997400561176	304.64570268956595
1.8841632641352353	304.46505993300525
1.883027320501972	304.2845835894532
1.8818919033773764	304.1042724794261
1.880757006975685	303.924125422874
1.8796226255042925	303.7441412391771
1.878488753163755	303.56431874714565
1.8773553841477661	303.384656765018
1.8762225126431382	303.20515411045835
1.875090132829806	303.02580960055525
1.873958238880785	302.8466220518193
1.8728268249621884	302.6675902801834
1.8716958852331855	302.48871310099867
1.8705654138460042	302.3099893290339
1.8694354049459094	302.13141777847386
1.868305852671193	301.95299726291785
1.8671767511531576	301.7747265953775
1.8660480945160953	301.59660458827466
1.8649198768772868	301.41863005344146
1.8637920923469737	301.24080180211695
1.8626647350283512	301.06311864494626
1.8615377990175548	300.8855793919786
1.8604112784036384	300.7081828526656
1.8592851672685615	300.5309278358603
1.8581594596871833	300.3538131498151
1.8570341497272367	300.1768376021797
1.8559092314493186	299.9999999999999
110.00000000000001	89
-1.298556194851072	-117.46111111111108
-1.0634881852655602	-95.1819371613355
-0.8511749643007755	-73.037596647577
-0.6573784972102963	-51.283832387091536
-0.47925757632640453	-30.116511824486167
-0.3148116179546264	-9.680210353726693
-0.16256178267584598	9.923174287845427
-0.021361214442244546	28.62661888470882
0.10972193765954387	46.39128457399363
0.2314786393233942	63.20095588760972
0.3446065009746842	79.05749063994648
0.44974009629738476	93.97711152295466
0.5474698726718769	107.98736398643229
0.6383534345802955	121.12458158825405
0.7229217298897449	133.4317281496816
0.8016818605630456	144.95651953732937
0.8751177191871862	155.74976249708777
0.9436893248423298	165.8638799063915
1.007831522805246	175.35161746145235
1.0679525650625505	184.26494324004966
1.124432963161835	192.65415736124635
1.1776248813003667	200.56722477078716
1.2278522126307594	208.04933271551766
1.275411364102336	215.1426597276223
1.3205726776807065	221.88632906345305
1.3635823490626682	228.31650971397943
1.4046646730777457	234.46662387459958
1.44402444457683	240.367620994586
1.481849366153847	246.04828385611552
1.5183123488807178	251.53553966449874
1.553573629731242	256.85475708186914
1.5877826628009344	262.03001723649993
1.6210797674550805	267.08435235041384
1.6535975346164742	272.03994964427795
1.68546200373162	276.918320830261
1.7167936293940929	281.74043915179345
1.74770805993435	286.5268469203173
1.7783167518154102	291.29773709002325
1.8087274441721233	296.0730127550553
1.8390445176376224	300.8723286194804
1.869369260799947	305.7151184990553
1.8998000662156451	310.6206127676197
1.9304325758787082	315.60784936433697
1.9613597934660747	320.6956815474473
1.9926721776861196	325.90278504528703
1.9889621002198787	325.28282404959396
1.98525844451701	324.6647435891265
1.981561068177985	324.04851353384277
1.9778698283427794	323.43410372273206
1.9741845816889418	322.82148396354114
1.9705051844296742	322.21062403251176
1.9668314923119037	321.6014936741267
1.9631633606143937	320.99406260086505
1.9595006441458358	320.3883004929671
1.9558431972429644	319.7841769982076
1.9521908737686553	319.18166173167606
1.9485435271100469	318.5807242755666
1.9449010101766409	317.98133417897316
1.9412631753984189	317.38346095769555
1.9376298747239327	316.7870740940475
1.9340009596183996	316.19214303667445
1.930376281061795	315.5986372003765
1.9267556895469138	315.0065259659352
1.923139035077424	314.41577867994647
1.9195261671659023	313.8263646546576
1.9159169348318592	313.2382531678078
1.9123111865997053	312.65141346247106
1.9087087704967385	312.0658147469047
1.9051095340510538	311.48142619439454
1.9015133242894449	310.89821694310604
1.8979199877352562	310.316156095933
1.894329370406208	309.73521272034975
1.890741317812141	309.1553558482566
1.8871556749527572	308.57655447582977
1.883572286315266	307.9987775633656
1.879990995871995	307.42199403512234
1.8764116470779222	306.8461727791574
1.8728340828681613	306.27128264716157
1.869258145655342	305.6972924542846
1.8656836773269638	305.1241709789589
1.8621105192426075	304.55188696270966
1.858538512231104	303.9804091099627
1.8549674965875989	303.40970608783834
1.8513973120705154	302.8397465259377
1.847827797898417	302.2704990161176
1.8442587927467666	301.70193211225137
1.8406901347445692	301.13401432997955
1.837121661470893	300.5667141464421
1.8335532099512721	300.0
120.00000000000001	89
-1.3001271356586752	-117.46111111111094
-1.0640738638503813	-95.07944672586109
-0.8508335833917976	-72.81860685181152
-0.6561319109606271	-50.93562276255207
-0.4771052349927752	-29.62724120909283
-0.3117382043848737	-9.038540913065901
-0.15854155762613129	10.728399744208332
-0.016360560985072766	29.60664168030314
0.11574301835207143	47.55763936760491
0.23856566305641583	64.56562890693192
0.35280999927759493	80.63303156514775
0.4591152924225569	95.77670280478486
0.558076404196781	110.02485052786818
0.6502550361015221	123.41446330600127
0.7361858253394781	135.98911817757153
0.816379044145669	147.79707174516165
0.8913211278632109	158.88957339865186
0.961473924115438	169.31937159820035
1.027273341104506	179.13940957909932
1.089127919793433	188.4017226845064
1.1474177233311602	197.1565545081495
1.2024938079941343	205.45170400272877
1.2546784108201445	213.3321035761898
1.3042658690841236	220.83961308205102
1.3515241887906164	228.01300068164176
1.396697113585807	234.88807192736328
1.4400065152944521	241.49790451440538
1.4816549287462308	247.87314771807758
1.5218280776641582	254.04235113802292
1.560697274401366	260.0322951008736
1.598421614743248	265.8683031773528
1.6351499233340232	271.5745245236428
1.671022432354156	277.1741795530346
1.7061721953499833	282.68976668223524
1.7407262506853736	288.14323078582436
1.7748065566369082	293.5560958586882
1.808530724297466	298.9495655420749
1.8420125763880852	304.34459584831734
1.8753625605482307	309.76194476847206
1.90868804507055	315.2222035440856
1.942093523555329	320.74581426807606
1.9756807526962417	326.3530781754953
2.0095488444931267	332.0641585198355
2.0437943307802557	337.89908134008795
2.0785112142590294	343.8777367512912
2.0723143095570005	342.80581967413866
2.066134619259149	341.73893750749676
2.0599716357316638	340.676980136619
2.053824848915128	339.61983731946975
2.047693746315487	338.5673986853991
2.0415778129952495	337.5195537339496
2.0354765315648415	336.4761918337872
2.029389382174116	335.4372022217568
2.023315842504027	334.40247400205385
2.0172553877583637	333.37189614550914
2.011207490655574	332.34535748898054
2.005171621420608	331.3227467348423
1.9991472477767598	330.3039524505682
1.9931338349374406	329.28886306839775
1.987130845597857	328.2773668850773
1.9811377399265402	327.2693520616697
1.9751539755566432	326.26470662341285
1.9691790075770006	325.26331845963114
1.9632122885228247	324.26507532367316
1.957253268366042	323.2698648328744
1.9513013945051103	322.2775744685232
1.9453561117543487	321.28809157582566
1.9394168623326118	320.3013033638457
1.9334830858512755	319.31709690541174
1.9275542193014399	318.3353591369697
1.9216296970402418	317.35597685837104
1.91570895077623	316.3788367325726
1.9097914095536377	315.4038252852341
1.9038764997355275	314.43082890419555
1.8979636449856438	313.4597338388113
1.8920522662489125	312.4904261991268
1.8861417817304318	311.5227919548714
1.8802316068728915	310.55671693425165
1.8743211543322613	309.5920868225212
1.8684098339516517	308.62878716030457
1.8624970527332156	307.6667033416552
1.8565822148079583	306.7057206118192
1.8506647214033547	305.7457240646909
1.8447439708086004	304.78659863992414
1.838819358337395	303.8282291196856
1.8328902762881139	302.8705001250204
1.8269561139012027	301.91329611180333
1.82101625731371	300.956501366256
1.8150700895107421	300.0
130.0	89
-1.3016912999162824	-117.46111111111148
-1.0646559190699088	-94.97732370165008
-0.8504917188083937	-72.60034605177341
-0.6548879210530453	-50.588500357038185
-0.47495852385071785	-29.13941622695762
-0.30867345451200856	-8.398680251529527
-0.15453309926320663	11.531442790889855
-0.011374938461173656	30.584090584602848
0.1217455295984713	48.72100146046341
0.2456301703666652	65.92685096358309
0.36098646949186786	82.20460852043908
0.4684582043431192	97.57174347458255
0.5686444462811594	112.05710345814077
0.6621107641179206	125.6983055837486
0.7493952319148016	138.53951042169268
0.8310110226041411	150.629483535583
0.9074468373451267	162.01988488944107
0.9791660819383856	172.76375863817742
1.0466054813427264	182.91422091129527
1.1101736635791881	192.5233583423617
1.1702501063029653	201.6413541584547
1.2271847043519502	210.31585271346398
1.2812980832300631	218.5915605384066
1.3328826614158802	226.51006655239144
1.3822043665891979	234.10985021724332
1.4295048469519456	241.4264371470033
1.4750039913171686	248.49265827688453
1.5189025758236343	255.3389707532533
1.5613848814666875	261.9938046966769
1.6026211642073813	268.48390798070943
1.642769898857661	274.8346694347624
1.6819797529717218	281.07040824382386
1.7203912746282994	287.21462321546323
1.758138297851473	293.2901999345679
1.7953490825628793	299.3195768332546
1.8321472139940624	305.3248731757411
1.8686522909258594	311.3279831867926
1.9049804340993097	317.350641257088
1.94124464639103	323.4144634812495
1.9775550552939354	329.5409708081405
2.014019066150901	335.75159886036306
2.050741451653165	342.0676990519793
2.087824399538324	348.51053504336255
2.125367536430554	355.10127786840894
2.1634679416011915	361.86100230476507
2.154853301062962	360.32628573133013
2.1462705193805873	358.80092308997837
2.1377185286098492	357.2846765636144
2.129196254367663	355.77730808997455
2.1207026158218483	354.2785793598184
2.11223652568183	352.788251815692
2.103796890190216	351.3060866512493
2.095382609115094	349.8318448111081
2.0869925757429506	348.3652869912197
2.0786256768720066	346.9061736397207
2.07028079280585	345.4542649582345
2.0619567973470607	344.00932090358026
2.0536525577906803	342.57110118985224
2.0453669349172303	341.139365290813
2.0370987829849496	339.7138724425531
2.0288469497210415	338.2943816463568
2.020610276311463	336.88065167170737
2.0123875973890004	335.47244105936977
2.0041777410191415	334.0695081244671
1.9959795286834152	332.671610959482
1.9877917752596395	331.2785074370902
1.9796132889987113	329.8899552127417
1.9714428714973364	328.5057117268949
1.9632793176662344	327.12553420680103
1.9551214156932275	325.7491796677409
1.9469679470006114	324.37640491359673
1.9388176861962534	323.0069665366552
1.9306694010176921	321.64062091651476
1.9225218522686747	320.2771242179839
1.9143737937473575	318.91623238783404
1.9062239721655074	317.5577011502895
1.898071127057969	316.2012860011083
1.8899139906816158	314.84674220012505
1.8817512879030318	313.49382476211326
1.8735817360741231	312.14228844582203
1.8654040448948295	310.7918877410435
1.8572169162621486	309.4423768535636
1.8490190441045689	308.0935096878428
1.8408091142010659	306.7450398272764
1.8325858039838363	305.3967205118838
1.8243477823237937	304.0483046132663
1.8160937092980012	302.6995446066843
1.807822235938103	301.3501925400957
1.7995320039588327	300.0000000000002
140.0	89
-1.3032487706532938	-117.461111111111
-1.0652343894072742	-94.87556295037913
-0.8501493634025367	-72.38280371034202
-0.6536464726506962	-50.24244886867061
-0.4728173370146749	-28.653014286935218
-0.30561720632270134	-7.760598731897858
-0.15053618209335104	12.332341203645228
-0.006404047430905393	31.559013085627043
0.1277298596470945	49.88143031282482
0.2526726594433296	67.2846967225903
0.3691365497517427	83.77231597479846
0.4777696525058118	99.36235430193199
0.5791750609516785	114.08427893622655
0.6739220040953894	127.97631252647358
0.7625517698082588	141.0831740100911
0.8455801993329078	153.45411184717477
0.9234980280561997	165.14117145437075
0.9967700026338446	176.197670879658
1.065833477651345	186.67688342151894
1.1310970281352446	196.63094023440215
1.192939469169332	206.1099690360989
1.2517095328766081	215.16147817797827
1.3077263156625127	223.82998189498454
1.3612804850834619	232.15684691093657
1.4126361388765805	240.18032691938117
1.4620331474639778	247.93574268935436
1.5096897871614634	255.4557627568811
1.555805478734917	262.77074229149787
1.6005634747501867	269.90908414291323
1.6441333782891248	276.8975943203542
1.686673415841427	283.761812546073
1.7283324225574956	290.5263059371739
1.7692515258599715	297.21491979278903
1.809565533407555	303.8509838448837
1.8494040446987492	310.4574753802882
1.888892313762051	317.0571426563147
1.9281518948467862	323.67259328759997
1.9673011048904745	330.3263529844361
2.0064553365113773	337.0409003097823
2.0457272538107754	343.83868308047704
2.085226900678419	350.74212172905527
2.125061747836279	357.7736044192146
2.165336700790176	364.9554780251809
2.2061540864580067	372.3100383012767
2.2476136317798145	379.85952174212696
2.2366334560041503	377.85230410029317
2.2257027559113567	375.8597227977757
2.2148197658475506	373.8813736602343
2.2039827075400247	371.9168521988811
2.1931897901172097	369.96575361203463
2.1824392101311556	368.0276727881951
2.1717291515822685	366.1022043105959
2.161057785945947	364.18894246316734
2.150423272200722	362.28748123784396
2.139823756857377	360.3974143431153
2.1292573739884566	358.5183352137119
2.11872224525748	356.6498370213003
2.108216479947067	354.791512686039
2.0977381749851256	352.9429548888314
2.0872854149681066	351.1037560840915
2.0768562721802253	349.27350851281847
2.0664488066075184	347.4518042157588
2.0560610659454164	345.6382350464163
2.0456910855984454	343.8323926836424
2.035336888670586	342.03386864353274
2.024996485944675	340.2422542903282
2.0146678758491166	338.45714084599877
2.0043490444101852	336.6781193981775
1.994037965187907	334.90478090608735
1.9837325991935695	333.13671620408627
1.9734308947867718	331.37351600244745
1.9631307875497455	329.6147708849618
1.952830200136721	327.8600713029472
1.9425270420959215	326.1090075652287
1.932219209661734	324.3611698236417
1.9219045855144927	322.616148053599
1.9115810385052987	320.87353202924953
1.901246423343127	319.13291129275296
1.8908985802415132	317.39387511717587
1.880535334522007	315.6560124625221
1.8701544961714922	313.9189119243923
1.8597538593505152	312.18216167477374
1.8493312018496473	310.44534939445055
1.8388842844909272	308.7080621965366
1.8284108504713563	306.9698865406227
1.8179086246454876	305.23040813704245
1.8073753127440606	303.48921184076266
1.7968086005256834	301.7458815344163
1.7862061528585942	300.0000000000002
150.0	89
-1.3047996291850048	-117.4611111111115
-1.0658093127022321	-94.77415945492965
-0.8498065105180517	-72.1659695447195
-0.6524075126560611	-49.89745239992982
-0.4706815717663584	-28.16801337707804
-0.30256930267941595	-7.1242675080675895
-0.1465505876370122	13.131131698883735
-0.001447598261211624	32.53145525725711
0.13369638315238763	51.03898348166274
0.25969360957466553	68.63923824659463
0.3772608516514572	85.33624476657008
0.48705041959253687	101.14865088215493
0.5896692557451336	116.10652560090398
0.6856900619118979	130.24867713734938
0.7756571419426423	143.62036151363475
0.8600888041953563	156.27128882114488
0.9394776237991478	168.25387050168825
1.0142895130806902	179.62168312526126
1.0849623143847917	190.42814827146964
1.1519044550387774	200.72544157512112
1.215494051852089	210.56364604344634
1.2760787056296723	219.9901569934491
1.333976085249357	229.04933195997728
1.3894752765585463	237.78236319326248
1.4428387762678732	246.22733704861002
1.4943049531752877	254.41943641693
1.5440907788548417	262.3912402514675
1.592394640786049	270.1730774769421
1.6393990821318545	277.79339939852434
1.6852733528424502	285.27914319336526
1.7301756974900413	292.6560675247646
1.7742553406129218	299.94904871985375
1.8176541579801833	307.1823318414721
1.8605080420162345	314.379735345438
1.902947982818777	321.5648110631621
1.9451008943008383	328.7609632746538
1.9870902193676725	335.99153189834783
2.0290363497349797	343.279845515988
2.071056895702264	350.64925020428996
2.11326683937925	358.1231200488477
2.155778601870584	365.72485483772346
2.1987020510617197	373.47786983495007
2.242144472221529	381.4055817818271
2.286210518951596	389.5313944322502
2.3310021573607282	397.878686061243
2.3176939937545535	395.38934708324484
2.304455241993333	392.9207559569595
2.291283351024937	390.4723116323661
2.278175748786687	388.04341277428773
2.2651298423172017	385.63345777506504
2.2521430178732227	383.24184477029576
2.239212641050758	380.8679716575426
2.2263360569098753	378.51123611787204
2.213510590102106	376.17103564004697
2.200733544999327	373.8467675471526
2.1880022058226793	371.53782902539126
2.175313836769881	369.2436171547346
2.162665682139049	366.9635289410718
2.150054966446853	364.6969613494498
2.137478894538623	362.44331133794344
2.124934651687704	360.20197589165014
2.1124194036811237	357.97235205624725
2.0999302968883407	355.75383697050256
2.0874644583095603	353.5458278970751
2.0750189955998657	351.34772225089364
2.0625909970650893	349.1589176243549
2.0501775316250943	346.978811808522
2.0377756487398697	344.80680280947536
2.0253823782935996	342.6422888589052
2.012994730431548	340.4846684180028
2.000609695344415	338.3333401736619
1.9882242429945969	336.18770302596863
1.9758353227784329	334.0471560659147
1.963439863118499	331.91109854224896
1.9510347709796594	329.7789298163443
1.938616931302447	327.65004930394116
1.9261832063472575	325.5238564026072
1.9137304349425608	323.3997504037367
1.9012554316303567	321.2771303879056
1.888754985701899	319.15539510239944
1.8762258601166668	317.0339428197201
1.863664790297557	314.9121711758994
1.8510684827951809	312.789476987454
1.8384336138141972	310.66525604583444
1.8257568275946805	308.5389028882613
1.8130347346415134	306.40981054385884
1.8002639097950077	304.27737025405713
1.7874408901360657	302.1409711662807
1.774562172719392	299.9999999999999
160.0	89
-1.3063439551625315	-117.46111111111111
-1.0663807261660232	-94.67310831546172
-0.8494631539668708	-71.94983351803666
-0.6511709896427827	-49.55349544399576
-0.4685511284323964	-27.68439204444806
-0.29952959112819566	-6.489658496332652
-0.14257610414098826	13.92784997422575
0.0034946893004400865	33.50146181718088
0.13964546181044626	52.193716705460474
0.26669348211356125	69.99054512384538
0.38535996174602677	86.89648230310644
0.49630125290635263	102.9307439570506
0.6001279875743285	118.12398509801397
0.6974161702048105	132.5155821973487
0.7887129444611428	146.15131042245918
0.8745389108583038	159.08132427543973
0.9553883202193474	171.35838647411123
1.0317281089049453	183.03632186338643
1.1039964998734524	194.16869665799248
1.172601711176384	204.80773582854437
1.2379211537739265	215.00349245495357
1.3003013480072783	224.803274258425
1.3600586441532714	234.2513180721349
1.4174807081581249	243.38868731377488
1.4728286410142546	252.25335466432477
1.5263395462803342	260.8804247041495
1.5782293441609319	269.3024498958249
1.6286956448040688	277.5497971282075
1.6779205269213244	285.65102924326834
1.7260731093389627	293.6332745959129
1.7733118439848914	301.52256616709985
1.8197864939005564	309.3441390907452
1.8656397870889978	317.1226812727954
1.9110087564968243	324.8825360918272
1.956025789402118	332.6478591985633
2.000819417440585	340.4427334545385
2.045514882761263	348.2912473117332
2.090234517335469	356.2175426162398
2.1350979719191123	364.245838044789
2.1802223290605	372.40043424233863
2.225722131229666	380.7057062955879
2.2717093509664124	389.1860885215676
2.3182933252447704	397.86605574439363
2.365580671364468	406.770104348598
2.4136751969127523	415.922735501804
2.3980661839247803	412.941572526712
2.3825483369947604	409.98800424053275
2.3671182699899016	407.0612084244731
2.3517725650665424	404.1603627237474
2.336507772963177	401.28464468265383
2.321320413301741	398.433231784902
2.3062069748961376	395.6053014990058
2.2911639160665365	392.80003132848094
2.276187664957577	390.0165988665
2.261274619858151	387.25418185456783
2.246421149519991	384.5119582446905
2.2316235934717747	381.78910626441166
2.216878262324969	379.0848044839943
2.2021814380670373	376.39823188491164
2.1875293743371635	373.7285679287214
2.1729182966790668	371.0749926252812
2.1583444027648286	368.4366865991535
2.143803862583171	365.8128311529497
2.1292928185850086	363.2026083262467
2.114807385778474	360.60520094861454
2.1003436517651064	358.019792685178
2.085897676708258	355.4455680730458
2.071465493224266	352.8817125468439
2.0570431061863608	350.32741245149373
2.0426264924307924	347.7818550403007
2.028211600354132	345.2442284563317
2.013794349390267	342.7137216949976
1.9993706293551654	340.18952454569535
1.9849362996470987	337.6708275103091
1.970487188289649	335.1568216963326
1.9560190908045187	332.64669868234193
1.9415277689009578	330.1396503535361
1.9270089489683415	327.63486870505153
1.912458320358349	325.1315456107659
1.897871533443095	322.62887255533724
1.8832441974355725	320.1260403272536
1.86857187795882	317.6222386707349
1.8538500943503677	315.11665589438974
1.839074316688772	312.60847843463785
1.824239962529378	310.0968903720093
1.809342393336903	307.58107289858003
1.7943769106029517	305.06020373495573
1.779338751637326	302.5334564954094
1.7642230850228071	300.0
170.0	89
-1.307881826621023	-117.461111111111
-1.0669486663958656	-94.57240474565418
-0.8491192880066005	-71.73438583131957
-0.6499368537907464	-49.21056287167701
-0.46642591026790275	-27.202129375834573
-0.29649792371591244	-5.856744347995743
-0.13861252630547893	14.722530747062478
0.00842308652845793	34.469076181736455
0.14557744495614794	53.34568398400694
0.27367272137878834	71.33868458778534
0.3934344429408643	88.4531127456741
0.5055228665599227	104.70873970898901
0.6105521662365361	120.13679255861132
0.7091014940645746	134.77720105347112
0.8017206760203185	148.67624445248015
0.8889324519457198	161.88450786530154
0.9712326093427639	174.4550943896591
1.0490889937262313	186.44207098745022
1.122940128152168	197.89914887780844
1.1931939838849734	208.87861075845865
1.2602272771705902	219.4304971608242
1.3243855093130643	229.60205484982413
1.3859838209976687	239.43743538524313
1.4453086081391462	248.97761641882755
1.502619756917381	258.2605059962515
1.5581533059020558	267.3211834331239
1.6121243312411002	276.1922297080823
1.6647298683468312	284.90410470081656
1.7161517188673812	293.4855361308123
1.7665590339386077	301.9638937871441
1.8161106054924685	310.36553107408406
1.864956831983739	318.7160831422269
1.9132413515740687	327.0407165994218
1.961102354881361	335.3643300455691
2.008673602120335	343.7117076774074
2.0560851772740234	352.1076302286465
2.103464016082106	360.5769487738643
2.1509342460249616	369.14462759885646
2.1986173757647394	377.8357625438957
2.246632369153594	386.6755810491874
2.2950956353363137	395.6894296524314
2.344120962040496	404.9027539844427
2.3938194142353137	414.34107545904396
2.444299215305755	424.0299679349798
2.495665623049916	433.99503671077775
2.4777760782191853	430.5123315474634
2.460000870296533	427.06473367246394
2.442335757004142	423.6511800364045
2.42477645119002	420.2706077219955
2.407318621412387	416.92195401543006
2.3899578925369647	413.60415648589446
2.372689846345338	410.31615307288007
2.355510022151913	407.05688218083935
2.338413917426261	403.82528278059397
2.3213969884167818	400.6202945167199
2.304454650770879	397.4408578199998
2.2875822801458567	394.28591402382403
2.270775212803894	391.1544054832666
2.2540287461834323	388.0452756953616
2.2373381394383256	384.9574694189173
2.220698613935113	381.88993279201634
2.204105353697675	378.8416134451452
2.1875535057875046	375.8114606077131
2.1710381806067973	372.79842520552097
2.1545544521104234	369.80145994655106
2.1380973579119136	366.8195193922753
2.1216618992674663	363.8515600114913
2.1052430409211067	360.89654021354795
2.0888357107930124	357.9534203576468
2.0724347994923655	355.0211627347933
2.0560351596349786	352.0987315188228
2.0396316049454137	349.18509268284174
2.02321890912245	346.2792138773208
2.006791804446241	343.38006426602817
1.9903449801049673	340.48661431593587
1.9738730802183881	337.59783553722787
1.9573707015354094	334.7127001695419
1.9408323907826222	331.83018081062085
1.9242526416407495	328.9492499836207
1.90762589132608	326.0688796394269
1.8909465167541986	323.18804059047056
1.8742088302638478	320.30570187271394
1.8574070748794185	317.42083003270363
1.8405354190913814	314.53238833684065
1.8235879511351423	311.639335900353
1.8065586727501786	308.7406267338075
1.7894414924029525	305.8352087054411
1.7722302179591307	302.9220224180822
1.7549185487929595	299.9999999999998
180.00000000000003	89
-1.3094133200259388	-117.46111111111088
-1.0675131693889648	-94.47204406909256
-0.8487749073191752	-71.51961691578006
-0.6487050568241465	-48.86863991888606
-0.46430582334539056	-26.721204979297823
-0.2934741568163845	-5.225498423231954
-0.1346596550251013	15.515207791238993
0.013337856099527699	35.4343405178721
0.1514926701248305	54.49493765357681
0.2806317554973507	72.68372162893041
0.4014848357804472	90.00621718098171
0.5147159434867351	106.48274003111283
0.6209426576047831	122.14507703357731
0.7207471361557737	137.03369832698962
0.8146817460478856	151.1953747050752
0.9032712323333539	164.68111097667116
0.9870128008172608	177.54434290369676
1.0663751126623007	189.83937667418934
1.1417969309076517	201.6200719507006
1.2136859598512484	212.93878007436132
1.2824182441808816	223.8455480183738
1.3483383322399491	234.38758859376014
1.4117602598687162	244.6090023851624
1.4729692888890618	254.55072161288228
1.53222424814038	264.2506344396378
1.589760279579352	273.7438423190324
1.6457917840859477	283.06300307165304
1.7005153820158803	292.2387172687082
1.754112740459389	301.2999232917314
1.8067531617682804	310.27427522387234
1.8585958683528703	319.1884860893963
1.9097919527066494	328.0686260869694
1.9604859876929515	336.94037108600276
2.010817310771716	345.8292008442555
2.060921008321758	354.76054938466643
2.110928633905066	363.75991198932866
2.160968698378785	372.8529145370686
2.2111669710404147	382.06535158213376
2.2616466301100235	391.42319975736916
2.312528298292199	400.95261287631877
2.363929995348465	410.6799045889138
2.415967034960662	420.63152369926286
2.468751888079437	430.83402636675635
2.5223940298039573	441.3140484648085
2.576999781953913	452.09828043780715
2.5568457801823756	448.10439662946396
2.536830369651663	444.1537439360882
2.5169484527393085	440.24500229854846
2.497194871140074	436.37685216236696
2.47756440686474	432.547974600927
2.458051783258392	428.7570514503965
2.4386516660352746	425.0027654558704
2.4193586643262703	421.2838004280122
2.4001673317338676	417.59884140924305
2.381072167388197	413.9465748482588
2.3620676169964088	410.32568878139557
2.3431480738761894	406.73487301906914
2.324307879962694	403.1728193352245
2.3055413267766314	399.6382216574225
2.2868426563395796	396.1297762548779
2.2682060620209348	392.64618192144826
2.249625689299181	389.18614015024843
2.2310956364184644	385.7483552962574
2.2126099549196985	382.33153472296203
2.194162650023717	378.93438892878953
2.1757476808423366	375.5556316487799
2.157358960391517	372.1939799266827
2.1389903553792253	368.84815415240166
2.1206356857391793	365.5168780594812
2.102288723880211	362.1988786771293
2.0839431936197403	358.8928862310929
2.065592768768693	355.59763398756513
2.0472310713343003	352.3118580342119
2.028851669306337	349.034296992343
2.010448073991793	345.76369165424194
1.9920137368625856	342.4987845397177
1.9735420458807518	339.2383193660189
1.9550263212656547	335.9810404254208
1.9364598106680828	332.72569186498504
1.9178356837168935	329.47101686329347
1.8991470259046728	326.2157566992804
1.8803868317804464	322.95864970873833
1.861547997419108	319.69843012456306
1.8426233121394935	316.43382679741705
1.8236054494457203	313.16356179418403
1.8044869571696731	309.88634887240744
1.7852602467963707	306.6008918298329
1.7659175819584507	303.30588272924444
1.7464510660913792	300.0
