# Table format: T1D
# table_unit = degC
# axis1_unit = kJ/kg/K
# axis2_unit = barA
# This file was automatically generated by generate_data_files.py
1.0	119
2.0972523888331267	-218.79100000000045
2.1183626453625557	-218.09705033990753
2.139484653185211	-217.39424168442264
2.16061623293384	-216.68246093916912
2.181755498363163	-215.96159356601078
2.2029008303424424	-215.2315235646137
2.224050853186367	-214.49213345376995
2.245204413161942	-213.74330425250628
2.2663605590227824	-212.9849154609356
2.2875185244339318	-212.21684504085343
2.308677712164086	-211.43896939611852
2.3298376799323535	-210.65116335275093
2.3509981278080456	-209.8533001387931
2.372158887071364	-209.04525136391533
2.3933199104527887	-208.2268869987468
2.4144812636770023	-207.39807535395528
2.435643118246124	-206.55868305905426
2.4568057454043184	-205.70857504095022
2.4779695112342117	-204.84761450219074
2.4991348728412923	-203.97566289896798
2.5203023755901004	-203.09257991881208
2.5414726513634007	-202.19822345801958
2.5626464178204413	-201.29244959878451
2.5838244786388147	-200.37511258603791
2.605007724729979	-199.44606480399528
2.6261971364255134	-198.5051567524
2.647393786639444	-197.55223702247076
2.668598845018467	-196.58715227253282
2.689813583101338	-195.60974720334343
2.7110393805176884	-194.61986453310223
2.7322777322668212	-193.6173449721431
2.7535302571295817	-192.6020271972997
2.774798707279158	-191.57374782594587
2.7960849791731635	-190.53234138970407
2.8173911258269895	-189.47764030781968
2.8387193705904576	-188.4094748601956
2.8600721225750574	-187.3276731600777
2.881451993908517	-186.2320611263981
2.90286181903022	-185.12246245576145
2.9243046762831595	-183.99869859407391
2.941319189210001	-183.09818039805438
3.001851309886833	-183.09817860525482
3.06238341217683	-183.09817860525482
3.1229155144668277	-183.09817860525482
3.183447616756825	-183.09817860525482
3.2439797190468216	-183.09817860525482
3.3045118213368188	-183.09817860525482
3.365043923626816	-183.09817860525482
3.425576025916814	-183.09817860525482
3.4861081282068107	-183.09817860525482
3.546640230496808	-183.09817860525482
3.607172332786805	-183.09817860525482
3.667704435076802	-183.09817860525482
3.728236537366799	-183.09817860525482
3.788768639656796	-183.09817860525482
3.849300741946794	-183.09817860525482
3.9098328442367913	-183.09817860525482
3.9703649465267876	-183.09817860525482
4.030897048816786	-183.09817860525482
4.091429151106782	-183.09817860525482
4.151961253396779	-183.09817860525482
4.212493355686776	-183.09817860525482
4.2730254579767735	-183.09817860525482
4.3335575602667715	-183.09817860525482
4.394089662556768	-183.09817860525482
4.454621764846766	-183.09817860525482
4.515153867136763	-183.09817860525482
4.575685969426759	-183.09817860525482
4.636218071716757	-183.09817860525482
4.6967501740067545	-183.09817860525482
4.757282276296752	-183.09817860525482
4.817814378586749	-183.09817860525482
4.878346480876745	-183.09817860525482
4.938878583166744	-183.09817860525482
4.99941068545674	-183.09817860525482
5.059942787746738	-183.09817860525482
5.120474890036734	-183.09817860525482
5.181006992326732	-183.09817860525482
5.241539094616728	-183.09817860525482
5.311797611037223	-182.19769165486287
5.341387404144782	-179.38629078365102
5.370749739675265	-176.48798750168717
5.3999146064469805	-173.5000955933299
5.428907721471552	-170.41984581009208
5.457751199852198	-167.24438330403598
5.486464105427037	-163.97076498183336
5.515062906783344	-160.59595677703715
5.543561857418572	-157.11683083803757
5.571973314552216	-153.53016262909532
5.6003080079314165	-149.83262794176633
5.628575267605778	-146.02079981394715
5.656783217854043	-142.09114535368582
5.684938943074554	-138.0400224648144
5.713048630393318	-133.86367647136882
5.741117692919789	-129.5582366376669
5.769150876933105	-125.11971258081928
5.797152355767148	-120.54399057234892
5.825125812748702	-115.8268297254906
5.853074515203276	-110.9638580646376
5.881001381258025	-105.95056847329167
5.908909040924386	-100.78231451676137
5.936799892722147	-95.45430613573757
5.964676156901761	-89.9616052067534
5.99253992612551	-84.29912096541557
6.020393214275673	-78.46160528816404
6.048238003866374	-72.44364782818755
6.076076292344811	-66.23967100098753
6.103910137377876	-59.84392481494072
6.131741701035479	-53.25048154207272
6.159573292605924	-46.45323022409963
6.187407409617247	-39.44587100864803
6.215246776497511	-32.221909310404556
6.243094380192763	-24.774649791780632
6.270953501979325	-17.097190157516366
6.298827744662563	-9.182414757471292
6.3267210543501315	-1.0229879916720392
6.3546377360264055	7.38865248849379
6.382582462235734	16.060302789241007
6.410560274303299	25.000000000000057
20.0	119
2.0924001906798857	-218.7909999999992
2.1300334654396798	-217.5464765642065
2.1676950313150827	-216.27346035661358
2.2053743166580753	-214.9712990487708
2.243063310346226	-213.63932537747763
2.280756168178113	-212.27685680286137
2.318448882668625	-210.88319515862173
2.3561390088730585	-209.45762629427384
2.3938254400025984	-207.99941970919843
2.4315082275943642	-206.5078281783115
2.4691884418951218	-204.98208736916783
2.5068680689128167	-203.42141545029182
2.544549941309878	-201.82501269055035
2.5822377009719113	-200.19206104934437
2.619935791704134	-198.52172375742816
2.657649481113379	-196.81314488811978
2.6953849113499713	-195.06544891870288
2.733149179049879	-193.27774028178817
2.770950445576226	-191.44910290639353
2.8087980795624463	-189.57859974852903
2.846702834888755	-187.66527231102953
2.884677068664349	-185.70814015239313
2.9227350056835593	-183.7062003843746
2.9608930583521706	-181.65842715808134
2.999170214512151	-179.56377113829868
3.0375885103194133	-177.4211589657806
3.0761736119457783	-175.22949270723217
3.1149555393037596	-172.98764929269896
3.1539695786923208	-170.6944799400727
3.193257451621045	-168.34880956642752
3.232868838090022	-165.94943618587178
3.2728634012205116	-163.49513029361964
3.313313538795012	-160.98463423595717
3.354308219245518	-158.41666156578864
3.39595849049599	-155.78989638342335
3.4384056740055966	-153.10299266227366
3.481834080855704	-150.35457355911393
3.5264918051415153	-147.54323070854758
3.572727051175186	-144.66752350132333
3.621057330084441	-141.72597834612583
3.643386997528994	-140.39846297588466
3.671621622563621	-140.39846265629194
3.699856245623711	-140.39846265629194
3.7280908686838012	-140.39846265629194
3.756325491743891	-140.39846265629194
3.7845601148039796	-140.39846265629194
3.8127947378640696	-140.39846265629194
3.84102936092416	-140.39846265629194
3.8692639839842498	-140.39846265629194
3.8974986070443394	-140.39846265629194
3.925733230104429	-140.39846265629194
3.953967853164519	-140.39846265629194
3.982202476224608	-140.39846265629194
4.010437099284698	-140.39846265629194
4.038671722344788	-140.39846265629194
4.0669063454048775	-140.39846265629194
4.095140968464968	-140.39846265629194
4.123375591525057	-140.39846265629194
4.151610214585147	-140.39846265629194
4.179844837645237	-140.39846265629194
4.208079460705326	-140.39846265629194
4.236314083765416	-140.39846265629194
4.264548706825506	-140.39846265629194
4.292783329885596	-140.39846265629194
4.321017952945685	-140.39846265629194
4.349252576005775	-140.39846265629194
4.377487199065865	-140.39846265629194
4.405721822125955	-140.39846265629194
4.433956445186045	-140.39846265629194
4.462191068246134	-140.39846265629194
4.490425691306224	-140.39846265629194
4.518660314366313	-140.39846265629194
4.546894937426404	-140.39846265629194
4.575129560486492	-140.39846265629194
4.603364183546582	-140.39846265629194
4.631598806606673	-140.39846265629194
4.6598334296667625	-140.39846265629194
4.688068052726853	-140.39846265629194
4.716302675786942	-140.39846265629194
4.7609934218631595	-139.07094963621154
4.792996406843918	-136.2951302030332
4.823001946914263	-133.46184337651712
4.851463943760163	-130.56989941742535
4.878695462946446	-127.61808395551841
4.904923012321384	-124.60515747962322
4.930316519851406	-121.52985481714376
4.955007129372489	-118.39088460279655
4.979098376628893	-115.18692873634703
5.00267353299773	-111.91664182911961
5.025800614019557	-108.57865063904907
5.0485359034512935	-105.1715534940362
5.070926499402165	-101.69391970336395
5.093012196348348	-98.14428895692987
5.114826904110131	-94.52117071204003
5.136399736491559	-90.82304356750797
5.157755859438367	-87.04835462479559
5.17891716095864	-83.19551883592825
5.199902786805435	-79.26291833790935
5.2207295735918136	-75.24890177335578
5.2414124025089635	-71.15178359706823
5.261964490850196	-66.96984336824596
5.282397634283823	-62.701325028047876
5.302722409730705	-58.34443616219758
5.32294834643382	-53.89734724832178
5.3430840711188194	-49.358190887706826
5.363137431873101	-44.72506102115
5.383115604403104	-39.99601212857743
5.4030251835854886	-35.16905841209061
5.422872262650628	-30.242172962100796
5.442662501885429	-25.213286906199528
5.462401188387012	-20.080288540408816
5.482093288116887	-14.841022442443375
5.50174349128076	-9.49328856661981
5.521356251879462	-4.03484132002211
5.540935822132335	1.536611380455156
5.560486282358545	7.223409070586229
5.580011566808568	13.027939721220832
5.599515485863207	18.952640741027892
5.619001744957414	25.0
40.0	120
2.0873315349884107	-218.79099999999974
2.1297476992002147	-217.3847316978309
2.1721926012342956	-215.94208320953607
2.2146517707070417	-214.4621133790478
2.2571146673049434	-212.94385670257472
2.299574001671247	-211.38632269873142
2.3420251779397114	-209.7884952623532
2.3844658424670615	-208.14933200161718
2.4268955258361693	-206.46776355801268
2.4693153674544424	-204.7426929086991
2.5117279140648545	-202.9729946508349
2.5541369852600466	-201.15751426739138
2.5965476006761983	-199.29506737395877
2.6389659649939476	-197.38443894608582
2.6813995082560305	-195.4243825266119
2.7238569803933292	-193.41361941251324
2.766348600335219	-191.35083782069128
2.8088862617782655	-189.23469203219827
2.85148379976081	-187.06380151431085
2.8941573248359327	-184.8367500199017
2.9369256351335418	-182.55208466350197
2.97981072133584	-180.20831497347393
3.0228383861260344	-177.8039119196476
3.0660390088453755	-175.3373069158181
3.1094484992234457	-172.8068907964261
3.1531095032145102	-170.21101276677098
3.1970729526319763	-167.54797932606334
3.2414000942877776	-164.8160531626188
3.286165204055205	-162.01345202046718
3.3314593056143478	-159.13834753664594
3.377395408834421	-156.18886404840873
3.4241161316838737	-153.1630773695818
3.4718052277484475	-150.0590135352599
3.5207058644239004	-146.87464751403033
3.5711513681002724	-143.60790188688185
3.6236210059644662	-140.25664549193576
3.6788518673540773	-136.8186920341173
3.7380969221818923	-133.29179865886027
3.8038614607448187	-129.6736644889095
3.883008328541177	-125.96192912327476
3.922979710580754	-124.47518093260081
3.938216678283348	-124.47518051164619
3.953453643575505	-124.47518051164619
3.9686906088676617	-124.47518051164619
3.9839275741598184	-124.47518051164619
3.9991645394519746	-124.47518051164619
4.014401504744132	-124.47518051164619
4.029638470036288	-124.47518051164619
4.0448754353284455	-124.47518051164619
4.060112400620603	-124.47518051164619
4.075349365912759	-124.47518051164619
4.090586331204916	-124.47518051164619
4.105823296497072	-124.47518051164619
4.121060261789229	-124.47518051164619
4.1362972270813865	-124.47518051164619
4.151534192373544	-124.47518051164619
4.166771157665701	-124.47518051164619
4.182008122957856	-124.47518051164619
4.197245088250013	-124.47518051164619
4.212482053542169	-124.47518051164619
4.2277190188343265	-124.47518051164619
4.242955984126484	-124.47518051164619
4.258192949418641	-124.47518051164619
4.273429914710798	-124.47518051164619
4.288666880002954	-124.47518051164619
4.303903845295111	-124.47518051164619
4.319140810587267	-124.47518051164619
4.334377775879424	-124.47518051164619
4.349614741171581	-124.47518051164619
4.364851706463738	-124.47518051164619
4.380088671755895	-124.47518051164619
4.395325637048051	-124.47518051164619
4.4105626023402085	-124.47518051164619
4.425799567632365	-124.47518051164619
4.441036532924523	-124.47518051164619
4.456273498216679	-124.47518051164619
4.471510463508835	-124.47518051164619
4.486747428800991	-124.47518051164619
4.5019843940931485	-124.47518051164619
4.517221366956844	-124.47517927796895
4.556321012524457	-122.98843107074865
4.608205549715001	-120.32421197756099
4.649817008345446	-117.6127233770878
4.685831233399761	-114.85312659719256
4.718232346866934	-112.04456808572436
4.748077330780019	-109.18617914651122
4.776006249292374	-106.27707567066994
4.80244039528087	-103.31635786314823
4.827673861308366	-100.30310996441463
4.85192112583246	-97.23639996721232
4.875343984189004	-94.11527932828542
4.898067816050529	-90.9387826749917
4.920191931416873	-87.70592750670974
4.941796431943541	-84.41571389094844
4.962946922071528	-81.06712415406452
4.983697839914679	-77.65912256649287
5.004094871990254	-74.1906550223921
5.024176742102104	-70.66064871360612
5.043976561884396	-67.06801179784128
5.0635228675379	-63.411633060956035
5.0828404275172865	-59.69038157325832
5.101950880123835	-55.90310633970623
5.120873242812314	-52.04863594390099
5.139624323381959	-48.12577818576432
5.158219055167583	-44.133319712786744
5.176670772675325	-40.07002564473447
5.19499144005021	-35.93463919169625
5.213191841817658	-31.725881265354587
5.231281743174721	-27.442450083359574
5.249270025494076	-23.083020766683347
5.267164801489205	-18.64624492983083
5.284973513565208	-14.130750263779703
5.302703018169969	-9.535140111521116
5.320359658410268	-4.857993036067967
5.337949326767825	-0.09786238080226894
5.355477519411844	4.746724177982969
5.372949383336623	9.67726508647695
5.390369757338846	14.695285376824756
5.407743207677609	19.802337138825862
5.425074059121879	25.000000000000057
60.00000000000001	89
2.082300777307101	-218.791
2.2975472928089413	-211.26436037102144
2.4820195023403966	-203.98189326737332
2.641380223386091	-196.9961081882512
2.7805564195679815	-190.32473651764988
2.90332849635074	-183.97491997722977
3.012536850140011	-177.9517565606164
3.110336642096807	-172.26025935251022
3.198397884789654	-166.9047944245246
3.2780465852323157	-161.88789733612217
3.350360738981597	-157.20928610879213
3.416234928005023	-152.86534326683216
3.476423920845431	-148.8490771912627
3.53157248663655	-145.1504605924274
3.582236250018024	-141.75700925367187
3.6288967669142798	-138.65446848750565
3.6719728976404724	-135.82749740363818
3.711829819412688	-133.2602711921896
3.7487865285301005	-130.93695305756657
3.783122350036523	-128.8420164110354
3.8150827477323443	-126.96042194204583
3.84488457821253	-125.27767173538294
3.8727208388114396	-123.77977315265545
3.8987649065113006	-122.45314914645647
3.9231742416017266	-121.28453014895749
3.946093526710175	-120.26085721500178
3.967657221200234	-119.36921831722657
3.9879915273618662	-118.5968310038322
4.007215784806714	-117.93107611516135
4.025443331086613	-117.35957964113712
4.04278188860397	-116.87033354672707
4.059333559137902	-116.45184179554477
4.075194525857194	-116.09327507842272
4.0904545758288196	-115.78461705109294
4.105196560750478	-115.5167862283202
4.119495907563729	-115.28172089218512
4.133420273042394	-115.07241900856116
4.147029409038612	-114.88293052128034
4.1603752717027165	-114.70830468467818
4.173502373944882	-114.54449951632577
4.186448350953105	-114.38826343120223
4.199244687670091	-114.23700041240357
4.2119175465616845	-114.08862977915658
4.224488633351725	-113.94145009001318
4.236976045535179	-113.79401445825977
4.256047128429879	-113.56385477301498
4.275002427828662	-113.32547265764623
4.293881262076852	-113.07407933949361
4.312719216144447	-112.80430639924197
4.331550319805058	-112.51003399733347
4.35040824148307	-112.18434417300409
4.369326777302425	-111.81955336981912
4.388339882034663	-111.40728809307478
4.407481435785583	-110.93857810125357
4.426784885654874	-110.40395076653729
4.44628285441671	-109.7935174580993
4.466006771658051	-109.09704796708851
4.485986556615019	-108.30403238807722
4.506250364525835	-107.40373187838597
4.526824397613086	-106.38522069727765
4.547732775876452	-105.23742218423135
4.568997460106097	-103.9491411049568
4.590638218685407	-102.50909425374431
4.612672629960844	-100.90594048712703
4.635116112640173	-99.12831058450917
4.657981977500306	-97.16483657656013
4.681281494486487	-95.00417952962155
4.705023970032819	-92.63505428979039
4.729216830171127	-90.04624942326802
4.753865705786689	-87.22664056722382
4.7789745172803775	-84.16519562700398
4.804545556923234	-80.85097068959408
4.830579568309728	-77.27309611033388
4.857075823452366	-73.42075289056234
4.884032199107446	-69.28314011137354
4.911445254768497	-64.84943474299016
4.939310315316796	-60.10874554974458
4.967621561518076	-55.050063024023046
4.996372131384589	-49.66220730494024
5.0255542349048605	-43.93377589104668
5.055159283834426	-37.85309268124692
5.085178037212611	-31.408159523286884
5.115600762103628	-24.58661106346716
5.1464174078341856	-17.375673316515474
5.177617790788506	-9.762126041816146
5.209191785692945	-1.7322687404513886
5.2411295183389734	6.728110115308084
5.273421553914841	15.633761143231482
5.306059074598374	25.0
80.0	89
2.0773059443426747	-218.79100000000048
2.2941799008239516	-211.19428074813885
2.480284719884048	-203.82094511962376
2.64108686183385	-196.733983126683
2.781515964852964	-189.9547245194761
2.90539185216977	-183.4914386311463
3.01559398978096	-177.3494394164024
3.1143092401940877	-171.53364398306317
3.20323218644176	-166.04823503062377
3.283707899429647	-160.89554933836712
3.3568294644454673	-156.07510389117658
3.4235037357337363	-151.5830726726407
3.484495746078075	-147.41224098475158
3.5404590718224354	-143.55234080223948
3.5919570615623817	-139.99063118511577
3.6394781681453234	-136.71259020048672
3.6834474998729756	-133.7026070614603
3.7242359566068974	-130.94459357695968
3.7621678132306178	-128.42246597133982
3.7975272727450293	-126.12047762666487
3.8305642817965952	-124.02340765922182
3.8614997504830297	-122.11662787267696
3.890530225161753	-120.38608098119238
3.917832012889585	-118.81820649762483
3.9435647371641345	-117.39984854242184
3.9678743067881888	-116.11817370328612
3.9908952946552043	-114.96061871137854
4.012752744653361	-113.91487865337567
4.033563448121492	-112.96893791978368
4.053436753236836	-112.11113892808191
4.072474989178958	-111.33027835103579
4.090773600171814	-110.61571736163543
4.108421091084729	-109.95749130795042
4.125498885063413	-109.34640510574681
4.142081184259416	-108.77410316206792
4.158234907799832	-108.23310633558475
4.17401975859142	-107.71681269786868
4.1894884453132875	-107.21946304649433
4.204687061419529	-106.73607566804725
4.219655602280904	-106.26235735509204
4.234428586952631	-105.79459896815965
4.249035743380827	-105.3295639496389
4.263502714782068	-104.86437736488244
4.27785174910761	-104.3964215875585
4.292102341097399	-103.92324299710899
4.310037706837771	-103.31271785712104
4.327874209898189	-102.68522877635019
4.345640199951864	-102.03588486579244
4.363361909116258	-101.35958481105146
4.3810641136397805	-100.65095663668322
4.39877055346261	-99.90433248228717
4.416504165343596	-99.1137489135817
4.434287181403267	-98.27296452158632
4.4521411374833155	-97.37548814083675
4.470086826932694	-96.41461262368242
4.488144226765593	-95.38345055552404
4.506332415415333	-94.27496949677203
4.5246694948868695	-93.08202526748696
4.543172525052407	-91.79739246462401
4.561857474036373	-90.41379185396787
4.580739185918976	-88.92391455158466
4.599831365149559	-87.32044304632248
4.619146575910583	-85.59606915607594
4.638696254042677	-83.74350899200974
4.658490728892849	-81.75551495689214
4.678539252472573	-79.62488475030844
4.698850033525816	-77.34446731284598
4.719430274444363	-74.90716562520063
4.740286209379975	-72.30593629240823
4.761423142350485	-69.53378588834642
4.782845484588738	-66.58376410682231
4.804556790813054	-63.448953854865096
4.826559794483753	-60.122458520990165
4.848856442435279	-56.59738674521947
4.871447929524056	-52.86683509838244
4.8943347341009815	-48.9238691375852
4.917516655200902	-44.76150333749732
4.940992852341684	-40.37268040125616
4.964761888748348	-35.75025043142551
4.988821778672755	-30.886950394218616
5.013170039278277	-25.775384244578134
5.0378037473147845	-20.408004002084795
5.062719600535993	-14.777091984572564
5.0879139835222515	-8.8747443236864
5.113383037280474	-2.6928558093841275
5.139122731711873	3.776893957838638
5.165128939779462	10.543053185088638
5.191397511982592	17.61440939813957
5.217924349565868	25.000000000000114
100.00000000000001	89
2.072345141995565	-218.7910000000005
2.2908275998920953	-211.12563172841658
2.4785585462797264	-203.662053962796
2.6407967904514877	-196.47425187963717
2.7824720535305176	-189.58735391269403
2.907443235196716	-183.010836464574
3.018628957360849	-176.75026249436726
3.118247843817589	-170.8104699788925
3.2080189869422093	-165.19547192887433
3.289306332273912	-159.907422772245
3.3632177464430173	-154.9456604246164
3.430671936072761	-150.30617920384276
3.4924436700774093	-145.98157778624397
3.549194695375778	-141.96139171042122
3.601495336803395	-138.23267541977307
3.649840081829668	-134.7806993077519
3.694659306541967	-131.5896490406492
3.7363285333344476	-128.64324507363048
3.7751760962240684	-125.9252327475032
3.8114897421890293	-123.41972333748822
3.845522463409446	-121.11139109739844
3.8774977030844404	-118.98554903588942
3.90761398537429	-117.02813632361068
3.9360489725306054	-115.22565335293015
3.9629629368282258	-113.56507786604607
3.988501640691401	-112.03378900998331
4.012798636338634	-110.61951753489356
4.035977019199675	-109.31033128007871
4.058150692066335	-108.09465685980936
4.0794252159062525	-106.96133190411061
4.099898336296381	-105.89967776530045
4.119660280303544	-104.8995803780885
4.138793916929541	-103.95156681172725
4.157374865289643	-103.04686663302627
4.175471619638824	-102.17745002372234
4.193145741080897	-101.33603809922934
4.210452144709955	-100.51608448495858
4.227439490619696	-99.71173041780139
4.244150669957461	-98.91773808757833
4.260623364589803	-98.12940842606272
4.276890651669357	-97.34249007788767
4.292981622234473	-96.55308598232247
4.308921985020891	-95.75756308263468
4.324734631618515	-94.95246941662688
4.340440145592985	-94.13446146470125
4.356936041743343	-93.25262876758967
4.373353517596231	-92.34881697003217
4.389711373163222	-91.4190891375853
4.406027244626066	-90.45942678459676
4.422317828795923	-89.46571000028817
4.438599040517893	-88.43370828615141
4.454886116012675	-87.35907984868842
4.471193674521847	-86.23737724965582
4.487535749342816	-85.06405756259699
4.503925797718837	-83.83449546897629
4.520376697322249	-82.5439980141083
4.536900735395136	-81.18782000969304
4.5535095950893005	-79.76117930371277
4.570214342228188	-78.2592713348173
4.58702541461637	-76.67728254733504
4.603952615143897	-75.01040236809985
4.6210051092573385	-73.25383354252835
4.638191426872981	-71.40280070061246
4.655519468464782	-69.45255707941669
4.672996514843586	-67.39838937241129
4.690629240030066	-65.23562071173953
4.708423726588984	-62.959611820513146
4.726385482816582	-60.56576040053801
4.744519461238432	-58.04949884761828
4.762830077966999	-55.40629041201095
4.78132123257386	-52.63162394529897
4.799996328240661	-49.721007396071826
4.818858292057374	-46.66996023430508
4.8379095954300375	-43.47400499718202
4.857152274638418	-40.12865815646384
4.876587951644492	-36.62942050886497
4.89621785529347	-32.97176728610228
4.916042843070504	-29.151138170635733
4.936063423578842	-25.162927387229644
4.956279779890453	-21.002474020297825
4.976691793890334	-16.66505268365387
4.997299071693003	-12.145864644009691
5.018100970156943	-7.440029473559036
5.03909662446264	-2.5425772813694607
5.060284976655025	2.551558450952598
5.08166480498475	7.847547425996936
5.103234753816955	13.350668495802893
5.1249933638141085	19.06631506819292
5.146939102043381	25.0
120.00000000000001	89
2.0674165513212968	-218.79100000000088
2.2874890338467293	-211.05841036923255
2.476839759646385	-203.50521714169557
2.640508876420891	-196.2169106734691
2.783423636990724	-189.22261916124177
2.9094817004772118	-182.5331057093508
3.0216409511102715	-176.15421486367896
3.1221518541726434	-170.09072131364707
3.212757974741116	-164.34648047178123
3.2948419760007113	-158.92347851604683
3.369526241099163	-153.82089298264924
3.437740967845457	-149.03456288977537
3.5002702114908586	-144.55693065501205
3.557783356053075	-140.37737161078215
3.6108570889357368	-136.48277718471016
3.6599912416707947	-132.8582562462625
3.7056206948209502	-129.4878404519055
3.7481247630803205	-126.3551103028154
3.787834950837193	-123.44369159746975
3.825041613726553	-120.73760242313696
3.8599998243455578	-118.22145580590583
3.8929345869811587	-115.880540897835
3.9240454549797206	-113.7008155844369
3.953510559056448	-111.66884621188805
3.9814900419754076	-109.77172717950626
4.008128903036445	-107.99700630995358
4.03355927494286	-106.33263315902406
4.05790217826294	-104.7669384718213
4.08126881939774	-103.288645113433
4.10376151328718	-101.8869047957948
4.125474320235635	-100.55135113893195
4.1464934867103205	-99.27215803350933
4.1668977732452905	-98.04009263569012
4.186758739934007	-96.84655417155011
4.206141043259032	-95.68359251089942
4.225102779379049	-94.54390362911073
4.243695890707253	-93.42080210774154
4.261966636627921	-92.30817334311644
4.279956116910238	-91.20040990017145
4.297700828476215	-90.09233738765204
4.315233232630292	-88.9791353975514
4.332582310048133	-87.85625859961041
4.349774083776172	-86.71936221163861
4.36683209511759	-85.56423498271491
4.3837778225593995	-84.38674170463486
4.3987047639512875	-83.322151913889
4.413571987716209	-82.23395267839231
4.428391553411966	-81.11927042088584
4.443174889719846	-79.97520223128123
4.457932875725316	-78.7988097297515
4.472675902348896	-77.58711630151927
4.487413917203736	-76.33710711319907
4.502156456032343	-75.04573133722647
4.516912663629443	-73.70990604843084
4.531691306837823	-72.32652130714897
4.546500781846903	-70.89244600014243
4.561349117658873	-69.4045340693138
4.576243977234899	-67.85963081558742
4.591192657508843	-66.25457901929596
4.606202089165848	-64.58622466788125
4.621278836832784	-62.851422126227874
4.6364291001173195	-61.04703862452811
4.6516587157615135	-59.169957973511345
4.666973161041008	-57.21708344760651
4.682377558438909	-55.185339803601096
4.697876681549927	-53.071674426061804
4.713474962120726	-50.87305761153851
4.729176498103236	-48.58648202165861
4.744985062583892	-46.20896135079147
4.760904113450606	-43.73752826712234
4.776936803666827	-41.169231696739814
4.7930859920357705	-38.50113352872481
4.809354254355213	-35.730304825209345
4.825743894882085	-32.85382162398602
4.8422569580448656	-29.86876042253394
4.858895240359369	-26.77219343140311
4.875660302518507	-23.561183681928526
4.892553481639057	-20.232780068448648
4.909575903657325	-16.784012398852212
4.926728495871201	-13.211886519678671
4.944011999628129	-9.513379573471127
4.961426983157369	-5.685435436966259
4.978973854540736	-1.7249603793188157
4.99665287480915	2.3711810298039495
5.014464171143418	6.606169741487804
5.032407750146894	10.983235765992163
5.050483511145839	15.505661423980428
5.068691259460714	20.17678431327562
5.08703071957914	24.999999999999886
140.0	89
2.0625184245996673	-218.7909999999993
2.2841629273004194	-210.99261280521438
2.47512722992143	-203.35043050006203
2.64022209558471	-195.96195346876908
2.784369796214298	-188.86051146374217
2.911506456760107	-182.0582340901376
3.024629349671729	-175.5612796110745
3.126020881473504	-169.37437430655302
3.217449076613866	-163.50122657123273
3.30031518916714	-157.94366626378468
3.37575589405611	-152.70072622805486
3.444712572057765	-147.76811049709988
3.5079781841693296	-143.13813024293623
3.566229307137937	-138.80002988728518
3.6200484902357712	-134.7405706429926
3.669940359443639	-130.94473507518242
3.716343709445292	-127.3964370958183
3.7596410256390893	-124.07915292112321
3.8001663412569844	-120.9764219828283
3.8382119727643693	-118.07219771875128
3.874034435586166	-115.35105344349623
3.907859687756708	-112.79826633103838
3.9398877585894976	-110.39981241498455
3.970296775831514	-108.14230807582209
3.9992463937474834	-106.01293026185289
4.026880633866297	-103.99934067364694
4.053330169470317	-102.08963036477496
4.07871410644521	-100.27229241755313
4.103141331427257	-98.53622280659644
4.126711510143063	-96.87074400489703
4.149515823152695	-95.26564258284358
4.171637523009631	-93.71121089430488
4.193152387264247	-92.19828357377818
4.214129127530716	-90.71826147651024
4.234629798108186	-89.26311832156875
4.254710230527078	-87.82538811902324
4.274420504764296	-86.39813404261372
4.293805455147562	-84.9749014467564
4.312905199951168	-83.54965906584576
4.331755678546777	-82.1167330543033
4.350389178351201	-80.67073851284584
4.3688348349777	-79.20651265055488
4.38711909204608	-77.71905292898163
4.405266111142386	-76.20346259094578
4.423298126678226	-74.65490502995712
4.436620233575748	-73.48132991217602
4.449898285532277	-72.28497258698104
4.4631398317666315	-71.06385954815278
4.476352084411209	-69.81600894908661
4.489541948814492	-68.53942884087303
4.502716047798061	-67.2321164542704
4.51588074072244	-65.8920583637798
4.529042138189384	-64.51723137269022
4.542206113159056	-63.10560396338971
4.555378309195804	-61.655138166153904
4.5685641464822275	-60.163791710971765
4.581768826162586	-58.62952033986306
4.594997333497442	-57.050280170870224
4.608254440234867	-55.424030018947064
4.621544706531254	-53.74873359289657
4.634872482688963	-52.022361501052785
4.648241910918671	-50.24289301135286
4.661656927282601	-48.408317523663584
4.675121263930074	-46.51663572363617
4.688638451699535	-44.56586039789221
4.7022118231301615	-42.55401689997291
4.715844515901572	-40.47914326517582
4.729539476700709	-38.33928998015904
4.743299465500527	-36.13251941998425
4.757127060224707	-33.85690497111091
4.771024661765594	-31.510529863734064
4.784994499318618	-29.091485740786055
4.799038635994466	-26.597870993926506
4.813158974670371	-24.027788898935768
4.827357264043015	-21.379345584163815
4.841635104847821	-18.650647866103412
4.855993956211946	-15.839800985837087
4.8704351421114565	-12.944906279105169
4.8849598579059625	-9.964058811162658
4.899569176926985	-6.895345005509398
4.9142640570988005	-3.7368402930975435
4.929045347572593	-0.48660680583299154
4.943913795356478	2.8573088648150247
4.958870051925017	6.296877826398088
4.973914679792547	9.834090946737092
4.989048159034653	13.470960806418304
5.004270893741902	17.20952353415538
5.019583218389072	21.051840519492032
5.034985404102151	24.999999999999943
160.0	89
2.0576490815181363	-218.79100000000366
2.2808480774362736	-210.92823443117743
2.473419908279947	-203.1976886796273
2.6399355192686764	-195.70937238068686
2.785309725328785	-188.5010193216757
2.9135168459080987	-181.58620557973885
3.0275936863011665	-174.97143483328392
3.1298547126715808	-168.66139891213544
3.222092417438167	-162.65966835490036
3.305726546807041	-156.9679266228169
3.381907879234863	-151.58507482134922
3.4515887176134266	-146.50669869283325
3.5155706087441922	-141.7249984899163
3.5745369541478125	-137.22911108379486
3.6290757588832174	-133.00569292708335
3.6796960088254083	-129.0396266237928
3.7268399597504875	-125.31473415426672
3.770892806925629	-121.81441114758351
3.8121906553284393	-118.52213054564214
3.851027341518532	-115.42179540429345
3.8876604133134154	-112.49794614539681
3.922316417822547	-109.73584547761536
3.955195558442009	-107.12147396320518
3.9864757391291934	-104.64147155345418
4.016316004589986	-102.28305697277085
4.044859394988275	-100.03394968155632
4.072235252822597	-97.88231037972696
4.098561039753545	-95.81670738122529
4.123943737177688	-93.82610893141586
4.148480913457187	-91.8998963346896
4.172261542131672	-90.0278898009091
4.1953666497883315	-88.20037802880199
4.2178698610860215	-86.40814330612972
4.2398378937339105	-84.64247578746512
4.261331040140503	-82.89517306153013
4.282403656917982	-81.15852365246019
4.30310466998665	-79.42527533570458
4.323478092667329	-77.68859084833062
4.343563547286836	-75.94199463047039
4.363396777338882	-74.17931466119398
4.38301013663137	-72.3946233435442
4.402433043373264	-70.5821808917126
4.421692390007575	-68.73638393274749
4.440812903043556	-66.85172119680993
4.459817450591126	-64.92273734599618
4.471549691227585	-63.70230997675597
4.483250357794702	-62.461474200866206
4.494924051038523	-61.198939297084564
4.506575195450686	-59.91341366692012
4.518208050608302	-58.6036043575113
4.52982672068202	-57.26821689217155
4.541435162335271	-55.90595536436288
4.553037191231858	-54.515522750599956
4.56463648735901	-53.095621398567545
4.576236599360063	-51.644953648346245
4.587840948055675	-50.16222254692062
4.5994528293161885	-48.6461326189235
4.611075416430403	-47.095390659723364
4.622711762098982	-45.50870652035874
4.634364800163773	-43.88479385737716
4.646037347168154	-42.22237082425178
4.657732103828315	-40.52016068465923
4.669451656481291	-38.77689233145236
4.681198478562733	-36.99130069859865
4.692974932155764	-35.162127056639804
4.704783269642162	-33.28811918533111
4.716625635477947	-31.368031420011192
4.728504068107923	-29.400624570912555
4.740420502026912	-27.38466571703475
4.7523767699902235	-25.31892787835349
4.764374605371048	-23.20218957202428
4.7764156446592185	-21.03323425984422
4.788501430092665	-18.810849695578895
4.800633412411017	-16.533827181823312
4.812812953719167	-14.20096074687342
4.825041330447661	-11.81104625263697
4.837319736396313	-9.362880444924087
4.849649285847083	-6.85525995755421
4.862031016732552	-4.286980281598517
4.874465893846458	-1.6568347107873365
4.886954812083332	1.0363867263415614
4.899498599694801	3.7938983375723865
4.912098021550811	6.616919832137796
4.924753782394616	9.506677371354613
4.937466530081171	12.464404597143584
4.950236858789021	15.491343631709526
4.963065312196571	18.588746042588753
4.975952386614003	21.757873768205513
4.98889853406263	25.000000000000114
180.00000000000003	89
2.0528069054764546	-218.79100000000057
2.27754334643997	-210.86527006929938
2.471716817491619	-203.04698539258342
2.6396483023598645	-195.4591580609585
2.7862427168280366	-188.14412905436194
2.9155123245186076	-181.11700108115036
3.0305336260216302	-174.38465452861863
3.13365328314374	-167.9517598710297
3.2266882852979926	-161.82175763115075
3.311076797755306	-155.99619294812902
3.387983547224365	-150.4738456695497
3.4583715398859787	-145.25019672237966
3.523050641198849	-140.31735167974094
3.582710774639137	-135.66435816009314
3.6379450738017867	-131.27778719561044
3.6892665434043326	-127.14244058293369
3.7371205559042937	-123.24206597287028
3.781894679077128	-119.55999302201408
3.823926769764458	-116.0796383643258
3.863511892720315	-112.784859017417
3.9009083749111517	-109.6601596879139
3.936343148870944	-106.69077741098133
3.9700164491908523	-103.86267661018888
4.002105885034638	-101.16248981136096
4.032769902863086	-98.57743561081122
4.062150663851793	-96.09523824344237
4.0903763789391165	-93.70406435000126
4.1175631631170715	-91.3924840607853
4.1438164844919765	-89.14945649718575
4.169232290399663	-86.96433486731016
4.193897892084826	-84.82688362717741
4.217892682145901	-82.72729946306131
4.241288746900645	-80.6562286732441
4.264151421151286	-78.60477534711086
4.286539817572107	-76.56449702346148
4.308507348835024	-74.52738680495105
4.330102248869589	-72.4858428790723
4.351368091007805	-70.43262785006183
4.3723442953467595	-68.36082114862913
4.39306661519606	-66.26376808710464
4.41356759239587	-64.13502896454119
4.433876972890289	-61.9683311320687
4.454022076511763	-59.757526241373625
4.474028117860304	-57.496554141167934
4.4939184779784975	-55.179414153456264
4.504103637667114	-53.964680106219674
4.514266818492871	-52.7327263117277
4.524410732021819	-51.48274723975112
4.534538000723198	-50.213938423495335
4.544651162151431	-48.92549632890814
4.554752672592811	-47.61661830803385
4.564844910233252	-46.28650262489137
4.574930177902327	-44.93434854227846
4.5850107054466385	-43.55935645802853
4.595088651783136	-42.160728079551376
4.605166106679918	-40.737666625939994
4.615245092308692	-39.289377047501375
4.625327564609727	-37.81506625324295
4.635415414506261	-36.31394333759587
4.645510469001905	-34.785219798470905
4.6556144921907245	-33.22810973958502
4.665729186206353	-31.641830050872926
4.675856192132901	-30.025600561674338
4.6859970908972945	-28.378644162265772
4.69615340415955	-26.70018689016314
4.706326595214729	-24.989457978457637
4.716518069917612	-23.245689864242365
4.726729177638782	-21.46811815594802
4.736961212258643	-19.655981559113428
4.7472154132039455	-17.808521760772635
4.757492966529694	-15.924983273237615
4.767795006047776	-14.004613238594345
4.7781226145023865	-12.04666119570794
4.788476824791158	-10.05037881194096
4.798858621230052	-8.015019582140496
4.809268940859197	-5.939838497734627
4.819708674786301	-3.824091689004433
4.830178669563792	-1.6670360437604472
4.840679728595401	0.5320711942386538
4.851212613567733	2.7739728437313715
4.861778045902142	5.059412217864178
4.872376708222189	7.389133566211683
4.883009245831908	9.763882523627274
4.893676268200213	12.184406562769084
4.904378350446808	14.65145544728648
4.915116034825092	17.165781682836553
4.925889832197847	19.728140963294834
4.936700223501416	22.339292609736844
4.947547661194562	25.000000000000114
200.00000000000003	89
2.047990340010398	-218.79099999999997
2.2742476545374646	-210.80371412114684
2.4700170431536503	-202.89831366882572
2.6393596725479456	-195.2113000437932
2.7871681483217587	-187.7898252639156
2.9174924475620836	-180.65059904111985
3.033448945448256	-173.80090939499706
3.1374166519277518	-167.24541773308675
3.231237101301882	-160.9874411800159
3.3163668282306387	-155.02839294074593
3.3939843819442332	-149.36693985807193
3.465063290142428	-143.99846866860858
3.5304215154914558	-138.91500295596694
3.5907552558504907	-134.10551507939772
3.646662511482784	-129.5565049153027
3.698660040576586	-125.25270679974238
3.747196073458373	-121.17780522644321
3.792660307564895	-117.31507163152133
3.835392133459649	-113.64786950220756
3.875687658747455	-110.16000734220299
3.9138058445313697	-106.83594513929577
3.9499739111629077	-103.66087800659784
3.984392080863825	-100.6207302111415
4.017237684516746	-97.70209476486403
4.048668651940948	-94.89214994802862
4.078826415353968	-92.17857679193256
4.107838273446901	-89.54949282814763
4.1358192807386756	-86.9934090638217
4.162873738910632	-84.49921033219485
4.189096371620931	-82.05615446740299
4.214573261832201	-79.65388324037562
4.239382622229207	-77.28243739575478
4.263595456800495	-74.93226897638971
4.287276157226281	-72.59424587016275
4.310483063287632	-70.259645649616
4.333269003611346	-67.92013787590673
4.355681822688189	-65.56775580763502
4.377764892708162	-63.194859725539345
4.399557604331532	-60.79409480627072
4.4210958286884035	-58.35834669267422
4.442412343091071	-55.88069771206045
4.463537214491806	-53.35438621218199
4.484498136997657	-50.77277084257199
4.505320722242416	-48.12930091592159
4.5260287437327715	-45.417493324318144
4.534724646840062	-44.252923981627276
4.54340573581594	-43.074602605472734
4.552073541313864	-41.88205153281365
4.5607295511615575	-40.67479419110663
4.569375211853703	-39.45235505685443
4.578011929898193	-38.214259634866664
4.5866410730293685	-36.96003445549579
4.595263971301237	-35.68920708709905
4.603881918073363	-34.4013061610049
4.61249617090162	-33.095861406318846
4.621107952345404	-31.77240369198927
4.629718450702334	-30.430465073661765
4.638328820680693	-29.069578842985038
4.646940184019329	-27.689279577174545
4.655553630063841	-26.289103186801924
4.664170216307251	-24.868586959953603
4.672790968902595	-23.427269601079587
4.681416883154156	-21.96469126303714
4.69004892399334	-20.48039357102803
4.698688026444502	-18.97391963731016
4.707335096085412	-17.444814065755594
4.715991009506336	-15.892622945510084
4.724656614771229	-14.316893833184508
4.733332731883824	-12.717175723186529
4.742020153261021	-11.093019005956478
4.750719644215369	-9.443975414033275
4.759431943448094	-7.7695979560158435
4.7681577635535985	-6.069440838622768
4.776897791536082	-4.3430593771716985
4.78565268933856	-2.5900098949130097
4.794423094384242	-0.809849611750451
4.803209620129977	0.9978634770347412
4.812012856631256	2.8335707313634657
4.8208333711180655	4.697713005489277
4.829671708580669	6.590730794876492
4.838528392364309	8.513064389985175
4.847403924771709	10.465154036094646
4.856298787672064	12.447440098280026
4.8652134431153105	14.460363230652774
4.874148333950237	16.504364548972717
4.883103884445128	18.57988580575835
4.892080500909474	20.687369567033898
4.901078572315378	22.82725938988159
4.910098470917314	24.999999999999943
