# Table format: T1D
# table_unit = degC
# axis1_unit = kJ/kg/K
# axis2_unit = null
# This file was automatically generated by generate_data_files.py
0.1	96
1.7150738652173574	153.98380844511996
1.7094442280755402	153.90541544273134
1.704859030951756	153.77476044015435
1.7008841563038726	153.5918434378384
1.6972338944644985	153.35666443557807
1.693747918956195	153.0692234330512
1.6903321202735668	152.7295204298312
1.6869274887183754	152.33755542535363
1.6834947866485286	151.89332841890172
1.6800066237076487	151.39683940961197
1.6764430975934028	150.848088396491
1.6727892547276015	150.24707537844284
1.6690335358251895	149.59380035430576
1.665166783241566	148.88826332289682
1.661181583758269	148.1304642830645
1.657071819735954	147.32040323374935
1.652832354199753	146.45808017405312
1.648458804601899	145.5434951033161
1.643947376834285	144.57664802120638
1.6392947411138163	143.5575389278195
1.634497937555285	142.4861678237936
1.6295543031684123	141.36253471044068
1.6244614145619518	140.18663958989833
1.6192170423278267	138.9584824653059
1.613819114222528	137.6780633410089
1.6082656850516086	136.3453822227964
1.6025549117155553	134.96043911817947
1.5966850322679236	133.5232340367141
1.5906543481195659	132.03376699037932
1.5844612087291814	130.49203799401766
1.5781039982727403	128.89804706584846
1.5715811238979798	127.25179422806633
1.5648910052558083	125.55327950753855
1.5580320645958632	123.80250285557963
1.5510027185227717	121.99946419793804
1.5438013705796356	120.14416352653734
1.5364264034719455	118.23660083252827
1.5288761721685822	116.27677610628717
1.5211489973732109	114.26468933742836
1.5132431592942075	112.20034051483503
1.5051568916513467	110.08372962671405
1.4968883758649771	107.91485666068013
1.4884357353788515	105.69372160387911
1.4797970300714363	103.42032444315873
1.4709702507129596	101.09466516529864
1.4619533134267528	98.7167437573155
1.452744054113865	96.28656020686066
1.4433402227997152	93.80411450273198
1.43373947786075	91.26940663552779
1.4239393800878264	88.6824365984769
1.4139373865413822	86.04320438848532
1.4037308441515202	83.35171000745129
1.3933169830137748	80.60795346391149
1.3826929093287255	77.81193477509561
1.3718555979306313	74.96365396948534
1.3608018843469054	72.0631110899962
1.34952845632643	69.11030619792581
1.3380318447704764	66.10523937785098
1.326308413995076	63.047910743693365
1.314354351248223	59.938320446229056
1.302165655398966	56.77646868238196
1.289738124708289	53.56235570671993
1.2770673435834348	50.29598184567641
1.2641486682079162	46.97734751514173
1.2509772109285993	43.606453242229236
1.237547823268768	40.18329969221162
1.2238550665889871	36.70788584938617
1.2098931970788307	33.18021009583555
1.1956561554249825	29.600272296119215
1.1811375334334844	25.968072284150253
1.1663305466683422	22.28360985820501
1.1512280042489356	18.546884775353476
1.135822275424249	14.757896745313246
1.1201033364116604	10.916398299665843
1.1040683094142327	7.023130405272468
1.0877022558534024	3.077351215859096
1.0709972852921654	-0.920692694245588
1.053942916930644	-4.971001957429735
1.0365279299392587	-9.073577294263885
1.0187402889029484	-13.228419516782651
1.0005670589027738	-17.43552952797029
0.9819943083911876	-21.694908315234784
0.9630069976499712	-26.006556934756986
0.9435888501837871	-30.37047648228355
0.9237222038883126	-34.786668044089254
0.9033878382294679	-39.25513261935231
0.8825647729798698	-43.775871001544715
0.8612300332750649	-48.348883601521834
0.8393583748952088	-52.9741701879382
0.816921962777075	-57.65172951082772
0.793889994889868	-62.38155876014548
0.7702282628716945	-67.16365279159919
0.7208597028708016	-76.8845146280984
0.6409659883389557	-91.85756564082783
0.6125415725562103	-96.9527928451283
0.5830991448262157	-102.09999999999997
0.2	96
1.7166935755906207	153.98380844511996
1.712439872549078	153.90541544273134
1.7090030551968785	153.77476044015435
1.7060300254607346	153.5918434378384
1.7032882447150353	153.35666443557807
1.7006483572904814	153.0692234330512
1.6980350772000408	152.7295204298312
1.695401522680277	152.33755542535363
1.6927166811529442	151.89332841890172
1.6899589803189357	151.39683940961197
1.6871127774131724	150.848088396491
1.6841663276089132	150.24707537844284
1.68111054798854	149.59380035430576
1.6779382327941699	148.88826332289682
1.674643536768593	148.1304642830645
1.6712216242197193	147.32040323374935
1.6676684240912	146.45808017405312
1.6639804548672374	145.5434951033161
1.6601546966702267	144.57664802120638
1.6561884959671445	143.5575389278195
1.65207949325254	142.4861678237936
1.647825567205978	141.36253471044068
1.6434247908497737	140.18663958989833
1.6388753965759557	138.9584824653059
1.634175747818163	137.6780633410089
1.6293243157667197	136.3453822227964
1.6243196599590402	134.96043911817947
1.6191604118838339	133.5232340367141
1.6138452609564948	132.03376699037932
1.6083729423812199	130.49203799401766
1.6027422265307871	128.89804706584846
1.5969519095599805	127.25179422806633
1.5910008050319697	125.55327950753855
1.5848877359579898	123.80250285557963
1.5786115282456032	121.99946419793804
1.5721710049198991	120.14416352653734
1.5655649800153284	118.23660083252827
1.558792253261077	116.27677610628717
1.5518516051341147	114.26468933742836
1.5447417922283535	112.20034051483503
1.5374615428953777	110.08372962671405
1.5300095531175164	107.91485666068013
1.5223844825779036	105.69372160387911
1.5145849508948628	103.42032444315873
1.5066095339898842	101.09466516529864
1.4984567605596482	98.7167437573155
1.4901251086232254	96.28656020686066
1.4816130021159375	93.80411450273198
1.4729188075013988	91.26940663552779
1.4640408303731751	88.6824365984769
1.454977312017234	86.04320438848532
1.4457264259061653	83.35171000745129
1.4362862740958515	80.60795346391149
1.426654883495067	77.81193477509561
1.4168302019783736	74.96365396948534
1.4068100943126365	72.0631110899962
1.3965923378675937	69.11030619792581
1.3861746180812446	66.10523937785098
1.3755545236512687	63.047910743693365
1.3647295414244978	59.938320446229056
1.3536970509575055	56.77646868238196
1.3424543187228297	53.56235570671993
1.3309984919372162	50.29598184567641
1.3193265919906851	46.97734751514173
1.3074355074582384	43.606453242229236
1.2953219866798227	40.18329969221162
1.2829826163330318	36.70788584938617
1.2704138191248846	33.18021009583555
1.2576118596312391	29.600272296119215
1.2445728235009081	25.968072284150253
1.231292606427578	22.28360985820501
1.2177669022936894	18.546884775353476
1.2039911903921632	14.757896745313246
1.1899578591719713	10.916398299665843
1.1756705033959793	7.023130405272468
1.161115283380836	3.077351215859096
1.1462895312780903	-0.920692694245588
1.1311874188425475	-4.971001957429735
1.1158027973884073	-9.073577294263885
1.100129172337974	-13.228419516782651
1.0841596740989563	-17.43552952797029
1.0678870243935323	-21.694908315234784
1.0513034969495827	-26.006556934756986
1.0344008712190498	-30.37047648228355
1.0171703775145136	-34.786668044089254
0.9996026316600423	-39.25513261935231
0.9816875569704646	-43.775871001544715
0.9634142911380985	-48.348883601521834
0.9447710755091714	-52.9741701879382
0.925745124400752	-57.65172951082772
0.9063224727722727	-62.38155876014548
0.8864878020609046	-67.16365279159919
0.8455151203052438	-76.8845146280984
0.7804787822878694	-91.85756564082783
0.7577509119502217	-96.9527928451283
0.7344522318359614	-102.09999999999997
0.3	96
1.718313285963884	153.98380844511996
1.7154355170226154	153.90541544273134
1.7131470794420012	153.77476044015435
1.7111758946175966	153.5918434378384
1.7093425949655723	153.35666443557807
1.7075487956247672	153.0692234330512
1.7057380341265143	152.7295204298312
1.7038755566421784	152.33755542535363
1.7019385756573597	151.89332841890172
1.6999113369302228	151.39683940961197
1.697782457232942	150.848088396491
1.6955434004902246	150.24707537844284
1.6931875601518909	149.59380035430576
1.6907096823467742	148.88826332289682
1.6881054897789167	148.1304642830645
1.6853714287034847	147.32040323374935
1.6825044939826472	146.45808017405312
1.6795021051325758	145.5434951033161
1.6763620165061683	144.57664802120638
1.6730822508204723	143.5575389278195
1.669661048949795	142.4861678237936
1.6660968312435436	141.36253471044068
1.6623881671375957	140.18663958989833
1.6585337508240847	138.9584824653059
1.6545323814137978	137.6780633410089
1.6503829464818303	136.3453822227964
1.646084408202525	134.96043911817947
1.6416357914997444	133.5232340367141
1.6370361737934236	132.03376699037932
1.632284676033258	130.49203799401766
1.6273804547888335	128.89804706584846
1.6223226952219816	127.25179422806633
1.617110604808131	125.55327950753855
1.6117434073201171	123.80250285557963
1.6062203379684348	121.99946419793804
1.6005406392601627	120.14416352653734
1.594703556558711	118.23660083252827
1.5887083343535713	116.27677610628717
1.5825542128950185	114.26468933742836
1.5762404251624995	112.20034051483503
1.569766194139409	110.08372962671405
1.563130730370056	107.91485666068013
1.5563332297769557	105.69372160387911
1.5493728717182895	103.42032444315873
1.5422488172668092	101.09466516529864
1.5349602076925435	98.7167437573155
1.5275061631325857	96.28656020686066
1.5198857814321596	93.80411450273198
1.5120981371420477	91.26940663552779
1.5041422806585243	88.6824365984769
1.4960172374930854	86.04320438848532
1.4877220076608106	83.35171000745129
1.4792555651779282	80.60795346391149
1.4706168576614087	77.81193477509561
1.4618048060261162	74.96365396948534
1.4528183042783678	72.0631110899962
1.4436562194087574	69.11030619792581
1.4343173913920133	66.10523937785098
1.424800633307461	63.047910743693365
1.4151047316007725	59.938320446229056
1.4052284465160447	56.77646868238196
1.3951705127373704	53.56235570671993
1.3849296402909976	50.29598184567641
1.374504515773454	46.97734751514173
1.3638938039878772	43.606453242229236
1.3530961500908776	40.18329969221162
1.3421101660770762	36.70788584938617
1.330934441170938	33.18021009583555
1.3195675638374955	29.600272296119215
1.3080081135683317	25.968072284150253
1.2962546661868137	22.28360985820501
1.2843058003384435	18.546884775353476
1.272160105360077	14.757896745313246
1.2598123819322822	10.916398299665843
1.2472726973777257	7.023130405272468
1.2345283109082699	3.077351215859096
1.2215817772640147	-0.920692694245588
1.208431920754451	-4.971001957429735
1.1950776648375558	-9.073577294263885
1.181518055773	-13.228419516782651
1.1677522892951386	-17.43552952797029
1.1537797403958772	-21.694908315234784
1.1395999962491943	-26.006556934756986
1.1252128922543125	-30.37047648228355
1.1106185511407145	-34.786668044089254
1.0958174250906165	-39.25513261935231
1.0808103409610597	-43.775871001544715
1.0655985490011322	-48.348883601521834
1.050183776123134	-52.9741701879382
1.034568286024429	-57.65172951082772
1.0187549506546774	-62.38155876014548
1.0027473412501149	-67.16365279159919
0.9701705377396855	-76.8845146280984
0.9199915762367827	-91.85756564082783
0.9029602513442333	-96.9527928451283
0.8858053188457069	-102.09999999999997
0.4	96
1.7199329963371472	153.98380844511996
1.718431161496153	153.90541544273134
1.7172911036871237	153.77476044015435
1.7163217637744586	153.5918434378384
1.715396945216109	153.35666443557807
1.7144492339590538	153.0692234330512
1.713440991052988	152.7295204298312
1.7123495906040798	152.33755542535363
1.7111604701617753	151.89332841890172
1.7098636935415092	151.39683940961197
1.708452137052712	150.848088396491
1.706920473371536	150.24707537844284
1.7052645723152413	149.59380035430576
1.7034811318993779	148.88826332289682
1.7015674427892404	148.1304642830645
1.6995212331872502	147.32040323374935
1.6973405638740942	146.45808017405312
1.6950237553979137	145.5434951033161
1.6925693363421102	144.57664802120638
1.6899760056738005	143.5575389278195
1.6872426046470497	142.4861678237936
1.6843680952811098	141.36253471044068
1.6813515434254178	140.18663958989833
1.678192105072214	138.9584824653059
1.6748890150094327	137.6780633410089
1.671441577196941	136.3453822227964
1.6678491564460096	134.96043911817947
1.6641111711156547	133.5232340367141
1.6602270866303526	132.03376699037932
1.656196409685297	130.49203799401766
1.6520186830468804	128.89804706584846
1.6476934808839825	127.25179422806633
1.6432204045842924	125.55327950753855
1.6385990786822435	123.80250285557963
1.6338291476912663	121.99946419793804
1.6289102736004262	120.14416352653734
1.623842133102094	118.23660083252827
1.6186244154460658	116.27677610628717
1.6132568206559226	114.26468933742836
1.6077390580966455	112.20034051483503
1.60207084538344	110.08372962671405
1.5962519076225956	107.91485666068013
1.5902819769760077	105.69372160387911
1.5841607925417158	103.42032444315873
1.5778881005437342	101.09466516529864
1.5714636548254388	98.7167437573155
1.5648872176419464	96.28656020686066
1.5581585607483817	93.80411450273198
1.5512774667826967	91.26940663552779
1.544243730943873	88.6824365984769
1.5370571629689371	86.04320438848532
1.5297175894154558	83.35171000745129
1.522224856260005	80.60795346391149
1.5145788318277504	77.81193477509561
1.5067794100738587	74.96365396948534
1.498826514244099	72.0631110899962
1.4907201009499214	69.11030619792581
1.4824601647027813	66.10523937785098
1.4740467429636535	63.047910743693365
1.4654799217770473	59.938320446229056
1.4567598420745844	56.77646868238196
1.447886706751911	53.56235570671993
1.4388607886447795	50.29598184567641
1.4296824395562227	46.97734751514173
1.4203521005175161	43.606453242229236
1.4108703135019318	40.18329969221162
1.4012377158211207	36.70788584938617
1.3914550632169917	33.18021009583555
1.3815232680437521	29.600272296119215
1.3714434036357557	25.968072284150253
1.3612167259460488	22.28360985820501
1.3508446983831972	18.546884775353476
1.3403290203279912	14.757896745313246
1.3296669046925926	10.916398299665843
1.3188748913594723	7.023130405272468
1.3079413384357035	3.077351215859096
1.2968740232499398	-0.920692694245588
1.2856764226663542	-4.971001957429735
1.2743525322867044	-9.073577294263885
1.2629069392080259	-13.228419516782651
1.2513449044913212	-17.43552952797029
1.2396724563982215	-21.694908315234784
1.2278964955488056	-26.006556934756986
1.216024913289575	-30.37047648228355
1.2040667247669157	-34.786668044089254
1.192032218521191	-39.25513261935231
1.1799331249516547	-43.775871001544715
1.1677828068641656	-48.348883601521834
1.1555964767370968	-52.9741701879382
1.1433914476481062	-57.65172951082772
1.1311874285370818	-62.38155876014548
1.1190068804393252	-67.16365279159919
1.0948259551741277	-76.8845146280984
1.0595043701856968	-91.85756564082783
1.048169590738245	-96.9527928451283
1.0371584058554526	-102.09999999999997
0.5	96
1.7215527067104106	153.98380844511996
1.7214268059696907	153.90541544273134
1.7214351279322466	153.77476044015435
1.721467632931321	153.5918434378384
1.721451295466646	153.35666443557807
1.7213496722933401	153.0692234330512
1.721143947979462	152.7295204298312
1.720823624565981	152.33755542535363
1.7203823646661909	151.89332841890172
1.7198160501527964	151.39683940961197
1.7191218168724813	150.848088396491
1.7182975462528476	150.24707537844284
1.7173415844785918	149.59380035430576
1.716252581451982	148.88826332289682
1.7150293957995644	148.1304642830645
1.7136710376710154	147.32040323374935
1.712176633765541	146.45808017405312
1.710545405663252	145.5434951033161
1.7087766561780517	144.57664802120638
1.7068697605271288	143.5575389278195
1.7048241603443046	142.4861678237936
1.7026393593186755	141.36253471044068
1.7003149197132397	140.18663958989833
1.6978504593203425	138.9584824653059
1.6952456486050678	137.6780633410089
1.6925002079120521	136.3453822227964
1.6896139046894947	134.96043911817947
1.6865865507315647	133.5232340367141
1.6834179994672813	132.03376699037932
1.6801081433373353	130.49203799401766
1.6766569113049272	128.89804706584846
1.6730642665459834	127.25179422806633
1.6693302043604537	125.55327950753855
1.6654547500443706	123.80250285557963
1.6614379574140976	121.99946419793804
1.6572799079406897	120.14416352653734
1.652980709645477	118.23660083252827
1.6485404965385606	116.27677610628717
1.6439594284168266	114.26468933742836
1.6392376910307918	112.20034051483503
1.634375496627471	110.08372962671405
1.6293730848751349	107.91485666068013
1.6242307241750598	105.69372160387911
1.6189487133651426	103.42032444315873
1.613527383820659	101.09466516529864
1.6079671019583341	98.7167437573155
1.602268272151307	96.28656020686066
1.5964313400646037	93.80411450273198
1.5904567964233451	91.26940663552779
1.584345181229222	88.6824365984769
1.5780970884447885	86.04320438848532
1.571713171170101	83.35171000745129
1.5651941473420818	80.60795346391149
1.5585408059940924	77.81193477509561
1.5517540141216013	74.96365396948534
1.5448347242098304	72.0631110899962
1.537783982491085	69.11030619792581
1.5306029380135497	66.10523937785098
1.5232928526198461	63.047910743693365
1.5158551119533221	59.938320446229056
1.5082912376331237	56.77646868238196
1.5006029007664514	53.56235570671993
1.4927919369985607	50.29598184567641
1.4848603633389912	46.97734751514173
1.4768103970471553	43.606453242229236
1.4686444769129867	40.18329969221162
1.4603652655651653	36.70788584938617
1.4519756852630454	33.18021009583555
1.4434789722500088	29.600272296119215
1.4348786937031794	25.968072284150253
1.4261787857052846	22.28360985820501
1.417383596427951	18.546884775353476
1.4084979352959053	14.757896745313246
1.3995214274529035	10.916398299665843
1.3904770853412187	7.023130405272468
1.3813543659631373	3.077351215859096
1.3721662692358647	-0.920692694245588
1.3629209245782576	-4.971001957429735
1.3536273997358532	-9.073577294263885
1.344295822643052	-13.228419516782651
1.3349375196875035	-17.43552952797029
1.3255651724005666	-21.694908315234784
1.3161929948484175	-26.006556934756986
1.3068369343248376	-30.37047648228355
1.2975148983931168	-34.786668044089254
1.2882470119517653	-39.25513261935231
1.2790559089422495	-43.775871001544715
1.2699670647271992	-48.348883601521834
1.2610091773510592	-52.9741701879382
1.252214609271783	-57.65172951082772
1.2436199064194864	-62.38155876014548
1.2352664196285352	-67.16365279159919
1.2194813726085698	-76.8845146280984
1.1990171641346101	-91.85756564082783
1.1933789301322564	-96.9527928451283
1.1885114928651983	-102.09999999999997
0.6	96
1.723172417083674	153.98380844511996
1.7244224504432284	153.90541544273134
1.7255791521773696	153.77476044015435
1.726613502088183	153.5918434378384
1.7275056457171831	153.35666443557807
1.7282501106276262	153.0692234330512
1.7288469049059356	152.7295204298312
1.7292976585278823	152.33755542535363
1.7296042591706065	151.89332841890172
1.7297684067640833	151.39683940961197
1.7297914966922507	150.848088396491
1.729674619134159	150.24707537844284
1.7294185966419426	149.59380035430576
1.729024031004586	148.88826332289682
1.7284913488098883	148.1304642830645
1.7278208421547807	147.32040323374935
1.7270127036569884	146.45808017405312
1.7260670559285904	145.5434951033161
1.7249839760139938	144.57664802120638
1.7237635153804567	143.5575389278195
1.7224057160415593	142.4861678237936
1.720910623356241	141.36253471044068
1.7192782960010613	140.18663958989833
1.717508813568472	138.9584824653059
1.7156022822007027	137.6780633410089
1.7135588386271627	136.3453822227964
1.7113786529329789	134.96043911817947
1.709061930347475	133.5232340367141
1.7066089123042103	132.03376699037932
1.7040198769893737	130.49203799401766
1.7012951395629734	128.89804706584846
1.6984350522079843	127.25179422806633
1.6954400041366149	125.55327950753855
1.692310421406497	123.80250285557963
1.6890467671369294	121.99946419793804
1.685649542280953	120.14416352653734
1.6821192861888603	118.23660083252827
1.678456577631055	116.27677610628717
1.6746620361777305	114.26468933742836
1.6707363239649375	112.20034051483503
1.666680147871502	110.08372962671405
1.6624942621276744	107.91485666068013
1.658179471374112	105.69372160387911
1.653736634188569	103.42032444315873
1.6491666670975837	101.09466516529864
1.6444705490912295	98.7167437573155
1.6396493266606675	96.28656020686066
1.6347041193808258	93.80411450273198
1.6296361260639942	91.26940663552779
1.6244466315145707	88.6824365984769
1.61913701392064	86.04320438848532
1.613708752924746	83.35171000745129
1.6081634384241583	80.60795346391149
1.6025027801604341	77.81193477509561
1.5967286181693439	74.96365396948534
1.5908429341755614	72.0631110899962
1.5848478640322488	69.11030619792581
1.5787457113243175	66.10523937785098
1.5725389622760388	63.047910743693365
1.5662303021295971	59.938320446229056
1.5598226331916631	56.77646868238196
1.5533190947809916	53.56235570671993
1.546723085352342	50.29598184567641
1.5400382871217602	46.97734751514173
1.5332686935767943	43.606453242229236
1.5264186403240412	40.18329969221162
1.51949281530921	36.70788584938617
1.5124963073090987	33.18021009583555
1.5054346764562652	29.600272296119215
1.498313983770603	25.968072284150253
1.49114084546452	22.28360985820501
1.483922494472705	18.546884775353476
1.4766668502638196	14.757896745313246
1.4693759502132144	10.916398299665843
1.4620792793229653	7.023130405272468
1.4547673934905712	3.077351215859096
1.4474585152217896	-0.920692694245588
1.4401654264901609	-4.971001957429735
1.432902267185002	-9.073577294263885
1.4256847060780777	-13.228419516782651
1.418530134883686	-17.43552952797029
1.4114578884029112	-21.694908315234784
1.4044894941480288	-26.006556934756986
1.3976489553601004	-30.37047648228355
1.3909630720193178	-34.786668044089254
1.3844618053823394	-39.25513261935231
1.3781786929328446	-43.775871001544715
1.3721513225902326	-48.348883601521834
1.3664218779650217	-52.9741701879382
1.36103777089546	-57.65172951082772
1.356052384301891	-62.38155876014548
1.3515259588177455	-67.16365279159919
1.3441367900430115	-76.8845146280984
1.3385299580835237	-91.85756564082783
1.3385882695262676	-96.9527928451283
1.3398645798749438	-102.09999999999997
0.7	96
1.7247921274569373	153.98380844511996
1.7274180949167661	153.90541544273134
1.729723176422492	153.77476044015435
1.731759371245045	153.5918434378384
1.73355999596772	153.35666443557807
1.7351505489619121	153.0692234330512
1.7365498618324096	152.7295204298312
1.7377716924897837	152.33755542535363
1.7388261536750218	151.89332841890172
1.7397207633753702	151.39683940961197
1.7404611765120206	150.848088396491
1.7410516920154706	150.24707537844284
1.7414956088052933	149.59380035430576
1.7417954805571898	148.88826332289682
1.7419533018202122	148.1304642830645
1.741970646638546	147.32040323374935
1.7418487735484356	146.45808017405312
1.7415887061939288	145.5434951033161
1.7411912958499352	144.57664802120638
1.7406572702337848	143.5575389278195
1.739987271738814	142.4861678237936
1.7391818873938067	141.36253471044068
1.7382416722888834	140.18663958989833
1.7371671678166007	138.9584824653059
1.7359589157963375	137.6780633410089
1.7346174693422736	136.3453822227964
1.7331434011764637	134.96043911817947
1.7315373099633853	133.5232340367141
1.7297998251411386	132.03376699037932
1.7279316106414122	130.49203799401766
1.72593336782102	128.89804706584846
1.7238058378699852	127.25179422806633
1.7215498039127761	125.55327950753855
1.7191660927686239	123.80250285557963
1.716655576859761	121.99946419793804
1.7140191766212165	120.14416352653734
1.7112578627322432	118.23660083252827
1.7083726587235497	116.27677610628717
1.7053646439386343	114.26468933742836
1.7022349568990836	112.20034051483503
1.698984799115533	110.08372962671405
1.695615439380214	107.91485666068013
1.6921282185731639	105.69372160387911
1.6885245550119958	103.42032444315873
1.6848059503745088	101.09466516529864
1.6809739962241248	98.7167437573155
1.677030381170028	96.28656020686066
1.6729768986970484	93.80411450273198
1.668815455704643	91.26940663552779
1.6645480817999196	88.6824365984769
1.6601769393964918	86.04320438848532
1.655704334679391	83.35171000745129
1.6511327295062352	80.60795346391149
1.6464647543267759	77.81193477509561
1.6417032222170864	74.96365396948534
1.6368511441412927	72.0631110899962
1.6319117455734122	69.11030619792581
1.6268884846350857	66.10523937785098
1.6217850719322313	63.047910743693365
1.616605492305872	59.938320446229056
1.6113540287502024	56.77646868238196
1.6060352887955323	53.56235570671993
1.6006542337061238	50.29598184567641
1.595216210904529	46.97734751514173
1.5897269901064333	43.606453242229236
1.584192803735096	40.18329969221162
1.5786203650532544	36.70788584938617
1.5730169293551526	33.18021009583555
1.5673903806625218	29.600272296119215
1.561749273838027	25.968072284150253
1.5561029052237554	22.28360985820501
1.5504613925174588	18.546884775353476
1.5448357652317337	14.757896745313246
1.539230472973525	10.916398299665843
1.5336814733047115	7.023130405272468
1.5281804210180046	3.077351215859096
1.5227507612077145	-0.920692694245588
1.5174099284020646	-4.971001957429735
1.5121771346341506	-9.073577294263885
1.5070735895131033	-13.228419516782651
1.5021227500798686	-17.43552952797029
1.4973506044052558	-21.694908315234784
1.4927859934476404	-26.006556934756986
1.4884609763953631	-30.37047648228355
1.484411245645519	-34.786668044089254
1.4806765988129136	-39.25513261935231
1.4773014769234396	-43.775871001544715
1.4743355804532663	-48.348883601521834
1.4718345785789846	-52.9741701879382
1.4698609325191374	-57.65172951082772
1.4684848621842956	-62.38155876014548
1.4677854980069556	-67.16365279159919
1.4687922074774533	-76.8845146280984
1.4780427520324373	-91.85756564082783
1.483797608920279	-96.9527928451283
1.4912176668846897	-102.09999999999997
0.8	96
1.726411837830201	153.98380844511996
1.7304137393903039	153.90541544273134
1.7338672006676148	153.77476044015435
1.7369052404019072	153.5918434378384
1.7396143462182567	153.35666443557807
1.7420509872961984	153.0692234330512
1.7442528187588833	152.7295204298312
1.7462457264516853	152.33755542535363
1.7480480481794374	151.89332841890172
1.7496731199866573	151.39683940961197
1.7511308563317902	150.848088396491
1.752428764896782	150.24707537844284
1.7535726209686437	149.59380035430576
1.754566930109794	148.88826332289682
1.755415254830536	148.1304642830645
1.7561204511223114	147.32040323374935
1.7566848434398823	146.45808017405312
1.757110356459267	145.5434951033161
1.757398615685877	144.57664802120638
1.757551025087113	143.5575389278195
1.7575688274360692	142.4861678237936
1.7574531514313725	141.36253471044068
1.7572050485767052	140.18663958989833
1.75682552206473	138.9584824653059
1.7563155493919727	137.6780633410089
1.7556761000573846	136.3453822227964
1.7549081494199483	134.96043911817947
1.7540126895792958	133.5232340367141
1.752990737978068	132.03376699037932
1.751843344293451	130.49203799401766
1.7505715960790669	128.89804706584846
1.749176623531986	127.25179422806633
1.7476596036889374	125.55327950753855
1.7460217641307507	123.80250285557963
1.7442643865825926	121.99946419793804
1.7423888109614802	120.14416352653734
1.7403964392756262	118.23660083252827
1.7382887398160443	116.27677610628717
1.7360672516995383	114.26468933742836
1.73373358983323	112.20034051483503
1.731289450359564	110.08372962671405
1.7287366166327531	107.91485666068013
1.7260769657722161	105.69372160387911
1.7233124758354226	103.42032444315873
1.7204452336514338	101.09466516529864
1.7174774433570201	98.7167437573155
1.7144114356793887	96.28656020686066
1.7112496780132707	93.80411450273198
1.707994785345292	91.26940663552779
1.7046495320852688	88.6824365984769
1.7012168648723431	86.04320438848532
1.6976999164340358	83.35171000745129
1.694102020588312	80.60795346391149
1.6904267284931176	77.81193477509561
1.6866778262648288	74.96365396948534
1.682859354107024	72.0631110899962
1.6789756271145762	69.11030619792581
1.6750312579458542	66.10523937785098
1.6710311815884238	63.047910743693365
1.6669806824821467	59.938320446229056
1.6628854243087419	56.77646868238196
1.6587514828100727	53.56235570671993
1.6545853820599052	50.29598184567641
1.650394134687298	46.97734751514173
1.6461852866360724	43.606453242229236
1.6419669671461508	40.18329969221162
1.6377479147972989	36.70788584938617
1.6335375514012058	33.18021009583555
1.6293460848687782	29.600272296119215
1.6251845639054507	25.968072284150253
1.621064964982991	22.28360985820501
1.6170002905622127	18.546884775353476
1.6130046801996478	14.757896745313246
1.6090849957338358	10.916398299665843
1.6052836672864583	7.023130405272468
1.6015934485454382	3.077351215859096
1.5980430071936393	-0.920692694245588
1.5946544303139678	-4.971001957429735
1.591452002083299	-9.073577294263885
1.5884624729481296	-13.228419516782651
1.585715365276051	-17.43552952797029
1.5832433204076009	-21.694908315234784
1.5810824927472518	-26.006556934756986
1.5792729974306259	-30.37047648228355
1.57785941927172	-34.786668044089254
1.576891392243488	-39.25513261935231
1.5764242609140346	-43.775871001544715
1.5765198383163	-48.348883601521834
1.577247279192947	-52.9741701879382
1.5786840941428146	-57.65172951082772
1.5809173400667	-62.38155876014548
1.584045037196166	-67.16365279159919
1.5934476249118954	-76.8845146280984
1.617555545981351	-91.85756564082783
1.6290069483142908	-96.9527928451283
1.6425707538944347	-102.09999999999997
0.9	96
1.728031548203464	153.98380844511996
1.7334093838638411	153.90541544273134
1.7380112249127373	153.77476044015435
1.7420511095587692	153.5918434378384
1.7456686964687937	153.35666443557807
1.7489514256304848	153.0692234330512
1.751955775685357	152.7295204298312
1.7547197604135862	152.33755542535363
1.7572699426838527	151.89332841890172
1.759625476597944	151.39683940961197
1.7618005361515598	150.848088396491
1.7638058377780936	150.24707537844284
1.7656496331319944	149.59380035430576
1.7673383796623978	148.88826332289682
1.7688772078408597	148.1304642830645
1.7702702556060765	147.32040323374935
1.7715209133313294	146.45808017405312
1.7726320067246053	145.5434951033161
1.7736059355218188	144.57664802120638
1.7744447799404413	143.5575389278195
1.775150383133324	142.4861678237936
1.7757244154689382	141.36253471044068
1.7761684248645273	140.18663958989833
1.776483876312859	138.9584824653059
1.7766721829876075	137.6780633410089
1.7767347307724952	136.3453822227964
1.776672897663433	134.96043911817947
1.776488069195206	133.5232340367141
1.7761816508149966	132.03376699037932
1.7757550779454891	130.49203799401766
1.7752098243371135	128.89804706584846
1.7745474091939868	127.25179422806633
1.7737694034650986	125.55327950753855
1.7728774354928776	123.80250285557963
1.7718731963054237	121.99946419793804
1.7707584453017435	120.14416352653734
1.769535015819009	118.23660083252827
1.7682048209085386	116.27677610628717
1.7667698594604422	114.26468933742836
1.765232222767376	112.20034051483503
1.763594101603595	110.08372962671405
1.7618577938852926	107.91485666068013
1.7600257129712684	105.69372160387911
1.7581003966588489	103.42032444315873
1.756084516928359	101.09466516529864
1.7539808904899152	98.7167437573155
1.7517924901887494	96.28656020686066
1.7495224573294925	93.80411450273198
1.7471741149859406	91.26940663552779
1.7447509823706175	88.6824365984769
1.7422567903481947	86.04320438848532
1.7396954981886814	83.35171000745129
1.7370713116703886	80.60795346391149
1.7343887026594593	77.81193477509561
1.7316524303125715	74.96365396948534
1.728867564072755	72.0631110899962
1.7260395086557399	69.11030619792581
1.7231740312566222	66.10523937785098
1.7202772912446163	63.047910743693365
1.7173558726584217	59.938320446229056
1.7144168198672813	56.77646868238196
1.7114676768246133	53.56235570671993
1.7085165304136865	50.29598184567641
1.7055720584700664	46.97734751514173
1.7026435831657114	43.606453242229236
1.6997411305572054	40.18329969221162
1.6968754645413433	36.70788584938617
1.6940581734472597	33.18021009583555
1.691301789075035	29.600272296119215
1.6886198539728743	25.968072284150253
1.6860270247422264	22.28360985820501
1.6835391886069666	18.546884775353476
1.6811735951675617	14.757896745313246
1.6789395184941465	10.916398299665843
1.6768858612682047	7.023130405272468
1.6750064760728722	3.077351215859096
1.6733352531795642	-0.920692694245588
1.671898932225871	-4.971001957429735
1.6707268695324475	-9.073577294263885
1.6698513563831552	-13.228419516782651
1.6693079804722335	-17.43552952797029
1.6691360364099452	-21.694908315234784
1.6693789920468634	-26.006556934756986
1.6700850184658884	-30.37047648228355
1.671307592897921	-34.786668044089254
1.6731061856740623	-39.25513261935231
1.6755470449046292	-43.775871001544715
1.6787040961793336	-48.348883601521834
1.6826599798069097	-52.9741701879382
1.6875072557664914	-57.65172951082772
1.6933498179491047	-62.38155876014548
1.7003045763853761	-67.16365279159919
1.7181030423463375	-76.8845146280984
1.7570683399302645	-91.85756564082783
1.7742162877083019	-96.9527928451283
1.7939238409041807	-102.09999999999997
