# Table format: T1D
# table_unit = degC
# axis1_unit = kJ/kg/K
# axis2_unit = barA
# This file was automatically generated by generate_data_files.py
1.0	118
-1.5864348471123069	-129.68000000000063
-1.5483239704040526	-126.86952322674856
-1.5102440031685225	-124.00399118275763
-1.472188417638102	-121.0823253738499
-1.4341503122452455	-118.10342617890194
-1.39612239759199	-115.06617243598421
-1.3580969818572264	-111.96942102038949
-1.3200659558647974	-108.81200641439901
-1.2820207781067638	-105.59274026861917
-1.2439524600715506	-102.31041095472244
-1.205851552262058	-98.96378310943442
-1.1677081313010376	-95.55159716957584
-1.129511788510781	-92.07256889801047
-1.0912516203203613	-88.52538890029584
-1.0529162208001615	-84.90872213186753
-1.0144936765519306	-81.22120739557755
-0.9759715640969537	-77.46145682937603
-0.937336949809898	-73.62805538396958
-0.8985763923439213	-69.71956029024008
-0.8596759473886895	-65.73450051623425
-0.820621174499263	-61.6713762135131
-0.7813971456332776	-57.52865815265636
-0.7419884549378498	-53.30478714771249
-0.7023792292369037	-48.99817346936916
-0.6625531385838891	-44.60719624663162
-0.6224934061626521	-40.13020285677641
-0.5821828167375677	-35.5655083033584
-0.5416037227685199	-30.911394582035484
-0.5007380472092547	-26.166110033962525
-0.45956728188759827	-21.327868686524994
-0.4180724802035293	-16.39484958115696
-0.37623424265015887	-11.365196087988238
-0.33403269333310665	-6.237015207073341
-0.2914474452148436	-1.0083768559217674
-0.24845755125252958	4.322686856919802
-0.20504143798218638	9.758182372519457
-0.16117681750062365	15.300155436719422
-0.11684057322001422	20.950691870089827
-0.0720086140452795	26.711918352964403
-0.026655690285081392	32.58600322585556
0.02677862603411848	35.67424458221467
0.056503770192000535	35.67424458221467
0.08622891434988256	35.67424458221467
0.11595405850776457	35.67424458221467
0.14567920266564663	35.67424458221467
0.17540434682352868	35.67424458221467
0.2051294909814107	35.67424458221467
0.2348546351392927	35.67424458221467
0.26457977929717474	35.67424458221467
0.29430492345505677	35.67424458221467
0.3240300676129388	35.67424458221467
0.3537552117708209	35.67424458221467
0.38348035592870283	35.67424458221467
0.413205500086585	35.67424458221467
0.44293064424446704	35.67424458221467
0.4726557884023489	35.67424458221467
0.5023809325602312	35.67424458221467
0.5321060767181132	35.67424458221467
0.561831220875995	35.67424458221467
0.5915563650338771	35.67424458221467
0.6212815091917593	35.67424458221467
0.6510066533496413	35.67424458221467
0.6807317975075233	35.67424458221467
0.7104569416654053	35.67424458221467
0.7401820858232874	35.67424458221467
0.7699072299811693	35.67424458221467
0.7996323741390514	35.67424458221467
0.8293575182969336	35.67424458221467
0.8590826624548155	35.67424458221467
0.8888078066126976	35.67424458221467
0.9185329507705795	35.67424458221467
0.9482580949284618	35.67424458221467
0.9779832390863439	35.67424458221467
1.007708383244226	35.67424458221467
1.037433527402108	35.67424458221467
1.06715867155999	35.67424458221467
1.0968838157178715	35.67424458221467
1.126608959875754	35.67424458221467
1.1738581474958458	38.76179216456245
1.2015788217073016	43.665987274320855
1.2295999950619236	48.647291138152525
1.2579303842849474	53.70691613848146
1.2865786833078867	58.846093720043825
1.3155534496037669	64.06607468960522
1.3448629999904804	69.36812952038952
1.3745153363745937	74.75354866129595
1.4045181114734389	80.22364285097683
1.434878633557981	85.77974343685315
1.4656039008816832	91.42320269914723
1.4967006523175008	97.1553941800093
1.5281754207795977	102.97771301781921
1.5600345790591317	108.89157628674417
1.5922843721104507	114.89842334163632
1.6249309341151996	120.99971616835177
1.6579802918836068	127.19693973957749
1.6914383579741115	133.49160237625557
1.7253109174405692	139.88523611468702
1.7596036117229303	146.37939707940888
1.7943219223176454	152.9756658619345
1.8294711558652987	159.67564790544782
1.8650564314160922	166.48097389554698
1.9010826699932661	173.39330015713108
1.9375545861871126	180.41430905752776
1.9744766813380614	187.54570941595767
2.011853237842835	194.78923691943987
2.049688314180501	202.14665454523333
2.087985740355741	209.61975298992274
2.12674911356127	217.21035110524923
2.165981793952094	224.92029634079518
2.2056869004935624	232.75146519362818
2.2458673068927966	240.7057636650153
2.286525637652273	248.78512772431827
2.3276642642994974	256.9915237801821
2.36928530185221	265.32694915913373
2.411390605578	273.79343259170173
2.4539817681030938	282.3930347061853
2.4970601169192843	291.12784853018115
2.54062671233148	300.0000000000002
10.0	119
-1.5878625875413055	-129.67999999999995
-1.5369822729359601	-125.91463282963062
-1.4861541206983253	-122.05044367607482
-1.435362181160693	-118.08483895843656
-1.384589289701591	-114.01515702734355
-1.3338170060462644	-109.83866637848914
-1.2830255518339313	-105.5525638192934
-1.2321937487456012	-101.15397258744812
-1.1812989599751063	-96.63994042007295
-1.1303170380309866	-92.00743757221471
-1.0792222817529413	-87.2533547833238
-1.0279874050293891	-82.37450119037248
-0.9765835190511598	-77.3676021862
-0.924980129093459	-72.22929722164767
-0.873145145852526	-66.95613755001429
-0.8210449103435936	-61.54458391231404
-0.7686442303529071	-55.991004161780495
-0.7159064254735588	-50.29167082603402
-0.6627933768681716	-44.44275860525522
-0.6092655770959713	-38.44034180471465
-0.5552821745941899	-32.28039169990399
-0.5008010066615286	-25.958773832524287
-0.44577861394536444	-19.471245235504483
-0.3901702282838917	-12.813451585190933
-0.33392972396365306	-5.980924278796238
-0.2770095196251134	1.0309225648548477
-0.21936041405024276	8.226795183293405
-0.16093133446127944	15.611523329155887
-0.10166897177321971	23.190063511838844
-0.04151727311783179	30.967502324222835
0.019583246731601774	38.949059856713575
0.08169643677723706	47.14009320088081
0.14489179687794354	55.54610004505196
0.20924632442165103	64.17272236426976
0.2748472706494729	73.02575020709503
0.3417963944422593	82.11112558179275
0.4102167312753659	91.43494644451113
0.4802637725275038	101.00347079213202
0.5521449292125896	110.82312086253319
0.6261560869468433	120.900487445095
0.6555323008329421	124.88079539908603
0.6725752267679991	124.88079539908603
0.6896181527030559	124.88079539908603
0.7066610786381129	124.88079539908603
0.7237040045731696	124.88079539908603
0.7407469305082265	124.88079539908603
0.7577898564432836	124.88079539908603
0.7748327823783403	124.88079539908603
0.7918757083133972	124.88079539908603
0.8089186342484541	124.88079539908603
0.825961560183511	124.88079539908603
0.8430044861185677	124.88079539908603
0.8600474120536247	124.88079539908603
0.8770903379886815	124.88079539908603
0.8941332639237385	124.88079539908603
0.9111761898587954	124.88079539908603
0.9282191157938521	124.88079539908603
0.945262041728909	124.88079539908603
0.962304967663966	124.88079539908603
0.9793478935990227	124.88079539908603
0.9963908195340796	124.88079539908603
1.0134337454691364	124.88079539908603
1.0304766714041935	124.88079539908603
1.0475195973392502	124.88079539908603
1.064562523274307	124.88079539908603
1.081605449209364	124.88079539908603
1.098648375144421	124.88079539908603
1.1156913010794778	124.88079539908603
1.1327342270145349	124.88079539908603
1.1497771529495915	124.88079539908603
1.1668200788846483	124.88079539908603
1.1838630048197052	124.88079539908603
1.200905930754762	124.88079539908603
1.217948856689819	124.88079539908603
1.234991782624876	124.88079539908603
1.2520347085599328	124.88079539908603
1.2690776344949894	124.88079539908603
1.2861205604300465	124.88079539908603
1.3031634863651036	124.88079539908603
1.3444486725396398	128.86109636927722
1.3665448640516655	132.5336775386612
1.388606689657586	136.2398096536968
1.4106529872551412	139.97979921978276
1.4327000275213944	143.75395554240345
1.454762002380896	147.56259075271186
1.4768513950825362	151.40601983334068
1.4989792658477565	155.28456064445368
1.5211554761593908	159.19853395003315
1.5433888676490244	163.1482634444078
1.5656874068040618	167.13407577902262
1.588058303507143	171.15630058945504
1.6105081092151357	175.21527052267447
1.6330427990501282	179.31132126455424
1.6556678409937997	183.44479156763367
1.6783882546069402	187.61602327913283
1.7012086611413604	191.82536136922494
1.7241333265070418	196.073153959565
1.7471661982583362	200.35975235208275
1.7703109375384778	204.68551105803277
1.793570946750576	209.05078782731545
1.8169493935901422	213.45594367806336
1.8404492319692785	217.90134292649782
1.8640732202783996	222.38735321705906
1.8878239373626386	226.914345552812
1.9117037965332933	231.48269432612693
1.9357150578874434	236.09277734964422
1.9598598391689204	240.74497588752024
1.9841401253700937	245.43967468695803
2.0085577772452563	250.17726201002733
2.033114538881931	254.95812966577387
2.0578120444555226	259.7826730426251
2.0826518242748673	264.6512911410865
2.107635310211095	269.5643866067421
2.1327638405890785	274.52236576355324
2.158038664609736	279.52563864746287
2.1834609463619183	284.5746190403056
2.2090317684746026	289.6697245040308
2.2347521354531157	294.8113764152323
2.2606229767373724	300.0000000000001
20.0	119
-1.589443242981272	-129.68000000000032
-1.5339166626754226	-125.5652073777226
-1.4784517217271733	-121.33240040872212
-1.4230275251208184	-116.97819438146848
-1.3676214435460896	-112.4991075091825
-1.3122090199393204	-107.89155814566715
-1.2567638742911509	-103.15186192129113
-1.2012576112918854	-98.276228796825
-1.1456597361746117	-93.26076003278598
-1.0899375842563546	-88.10144507185888
-1.034056269154645	-82.79415833190362
-0.9779786535413311	-77.33465590698378
-0.9216653447195329	-71.71857217378019
-0.8650747154366196	-65.94141630067679
-0.8081629483437243	-59.99856865672032
-0.7508841005290607	-53.88527711758829
-0.6931901826998623	-47.59665326561728
-0.6350312459305788	-41.12766848083555
-0.5763554674423775	-34.473149919891625
-0.5171092255743213	-27.6277763796526
-0.4572371528041374	-20.58607404217298
-0.3966821540680078	-13.342412097622343
-0.33538537514776706	-5.890998241677607
-0.2732861017823918	1.7741259562202458
-0.21032156411663414	9.659089817450763
-0.14642661433408763	17.770198455450327
-0.08153324012946109	26.113937817519115
-0.015569872035343223	34.69697987122544
0.0515395723009558	43.52618793956361
0.11987701031210828	52.60862218912604
0.18953208713624645	61.951545275673766
0.2606050130050494	71.562428151635
0.3332109852599231	81.44895604015335
0.40748728457318156	91.61903458048386
0.4836050269593604	102.08079614964225
0.5617895562747806	112.84260636535151
0.6423584168588738	123.91307077551255
0.7257996876975846	135.30104173951747
0.8129599505254171	147.01562550693473
0.9056212913344891	159.0661894992013
0.9521211874917339	163.4320076484202
0.9636046142910064	163.4320076484202
0.9750880410902789	163.4320076484202
0.9865714678895516	163.4320076484202
0.9980548946888242	163.4320076484202
1.0095383214880969	163.4320076484202
1.0210217482873694	163.4320076484202
1.0325051750866419	163.4320076484202
1.0439886018859146	163.4320076484202
1.0554720286851869	163.4320076484202
1.0669554554844594	163.4320076484202
1.0784388822837323	163.4320076484202
1.0899223090830046	163.4320076484202
1.1014057358822773	163.4320076484202
1.1128891626815498	163.4320076484202
1.1243725894808223	163.4320076484202
1.135856016280095	163.4320076484202
1.1473394430793675	163.4320076484202
1.15882286987864	163.4320076484202
1.1703062966779125	163.4320076484202
1.1817897234771852	163.4320076484202
1.1932731502764578	163.4320076484202
1.2047565770757303	163.4320076484202
1.216240003875003	163.4320076484202
1.2277234306742755	163.4320076484202
1.2392068574735482	163.4320076484202
1.2506902842728205	163.4320076484202
1.262173711072093	163.4320076484202
1.2736571378713657	163.4320076484202
1.2851405646706382	163.4320076484202
1.296623991469911	163.4320076484202
1.3081074182691832	163.4320076484202
1.3195908450684561	163.4320076484202
1.3310742718677284	163.4320076484202
1.342557698667001	163.4320076484202
1.3540411254662739	163.4320076484202
1.3655245522655461	163.4320076484202
1.3770079790648189	163.4320076484202
1.3884914058640914	163.4320076484202
1.4200243434838806	167.79782772490444
1.440610158086134	170.7725795095937
1.4607727512139388	173.76739976412074
1.4806038523567415	176.78242387574068
1.500171181986337	179.81778814506862
1.5195264184498107	182.8736297922402
1.5387100613954783	185.95008696311265
1.5577545515069298	189.04729873551452
1.5766863541072973	192.1654051255294
1.5955273981895755	195.30454709382644
1.6142960988066815	198.4648665520337
1.6330081012595958	201.6465063691531
1.651676834260489	204.84961037801799
1.6703139287063415	208.07432338179763
1.6889295398712691	211.32079116054172
1.7075325988689263	214.58916047777018
1.7261310114404544	217.87957908711041
1.7447318169201615	221.19219573897453
1.7633413166850536	224.52716018728398
1.7819651789313278	227.88462319624085
1.800608524880738	231.2647365471433
1.8192760002711519	234.66765304524506
1.83797183507662	238.0935265266665
1.856699893731872	241.54251186534714
1.875463717635951	245.01476498004638
1.894266561331973	248.5104428413947
1.9131114234720328	252.0297034789877
1.9320010734546107	255.57270598853074
1.9509380744496232	259.13961053903074
1.9699248033914216	262.7305783800398
1.9889634684134991	266.34577184893885
2.0080561241142614	269.98535437828343
2.0272046849752625	273.64949050318774
2.046410937198973	277.33834586876276
2.065676549188828	281.05208723760654
2.085003080858389	284.79088249734264
2.1043919919269247	288.554900668208
2.1238446493344636	292.3443119106961
2.1433623338893466	296.1592875332493
2.162946246244483	300.0000000000002
30.000000000000004	120
-1.591017940255101	-129.68000000000015
-1.532631475670502	-125.34947799633693
-1.474313322103354	-120.88824280647344
-1.416039089931189	-116.292348962165
-1.357782263317287	-111.55773190450603
-1.2995140811991035	-106.68020438928085
-1.2412034170729334	-101.65545278380571
-1.182816664349356	-96.47903325200178
-1.1243176350507016	-91.14636782431091
-1.0656674795891143	-85.6527403489967
-1.0068246343151253	-79.99329232121949
-0.9477448016173583	-74.16301858623632
-0.8883809648243202	-68.1567629128912
-0.8286834372913083	-61.96921343350266
-0.7685999421167483	-55.59489794610408
-0.7080757161461005	-49.02817907488668
-0.6470536294379333	-42.26324928456674
-0.5854743092495995	-35.2941257442622
-0.5232762558141071	-28.114645036344285
-0.4603959355610396	-20.71845770557462
-0.39676783560175455	-13.099022643718229
-0.33232446050772524	-5.2496013046545045
-0.2669962476486237	2.8367482551162766
-0.20071137034097797	11.167177515855144
-0.13339539089345975	19.749053819276412
-0.06497072183836622	28.58996688414328
0.004644149337230601	37.69773551853649
0.07553573671813342	47.080414534720376
0.1477970657690705	56.746301872733056
0.22152988636020654	66.70394593899738
0.2968480756438819	76.9621531664356
0.3738830402613369	87.52999580278549
0.45279248631689123	98.41681993399845
0.5337750904618295	109.63225374981522
0.617096307826009	121.1862160588368
0.7031373790680457	133.08892506060727
0.792499162807341	145.35090738248215
0.8862607669953493	157.98300738926315
0.9868225863765177	170.99639677383544
1.1029182193127065	184.40258443729675
1.1554297099756299	189.02432771444109
1.161498813927237	189.02432937674638
1.1675679088878133	189.02432937674638
1.1736370038483894	189.02432937674638
1.1797060988089656	189.02432937674638
1.185775193769542	189.02432937674638
1.1918442887301184	189.02432937674638
1.1979133836906946	189.02432937674638
1.203982478651271	189.02432937674638
1.2100515736118471	189.02432937674638
1.2161206685724235	189.02432937674638
1.2221897635329997	189.02432937674638
1.228258858493576	189.02432937674638
1.2343279534541525	189.02432937674638
1.2403970484147284	189.02432937674638
1.246466143375305	189.02432937674638
1.2525352383358814	189.02432937674638
1.2586043332964574	189.02432937674638
1.2646734282570338	189.02432937674638
1.2707425232176102	189.02432937674638
1.2768116181781861	189.02432937674638
1.2828807131387625	189.02432937674638
1.288949808099339	189.02432937674638
1.295018903059915	189.02432937674638
1.3010879980204915	189.02432937674638
1.3071570929810679	189.02432937674638
1.313226187941644	189.02432937674638
1.3192952829022204	189.02432937674638
1.3253643778627966	189.02432937674638
1.3314334728233728	189.02432937674638
1.3375025677839492	189.02432937674638
1.3435716627445253	189.02432937674638
1.3496407577051015	189.02432937674638
1.355709852665678	189.02432937674638
1.3617789476262543	189.02432937674638
1.3678480425868307	189.02432937674638
1.3739171375474069	189.02432937674638
1.379986232507983	189.02432937674638
1.3860553274685594	189.02432937674638
1.3921244392511682	189.0243324502457
1.448175008809297	193.64607577474828
1.4713174540106122	196.10927537027908
1.4926006974192507	198.5854728305353
1.5126612428784276	201.0747367429305
1.531851504397362	203.57713605680016
1.5503897865767575	206.09274008531452
1.568421931811485	208.62161850739642
1.5860508417715744	211.16384136965166
1.603352192586656	213.71947908831015
1.6203834812963354	216.28860245117505
1.6371895579370737	218.8712826195844
1.653806175675294	221.46759113038263
1.6702623606896843	224.07759989789986
1.6865820470634305	226.70138121594647
1.7027852364940808	229.33900775981368
1.718888840842984	231.99055258828793
1.7349073071037162	234.65608914567332
1.7508530894919283	237.33569126382662
1.7667370118369907	240.02943316420203
1.782568549779822	242.73738945990715
1.798356053363376	245.45963515777055
1.8141069246511454	248.1962456604158
1.829827760955305	250.94729676835607
1.845524471442386	253.71286468208802
1.8612023728987876	256.4930260042049
1.8768662690149216	259.2878577415198
1.892520516512189	262.09743730719504
1.9081690806752316	264.9218425228895
1.9238155822841385	267.761151620913
1.9394633375136945	270.6154432463926
1.9551153920412623	273.48479645945247
1.9707745503547607	276.36929073740305
1.9864434010584266	279.26900597694146
2.0021243388224956	282.18402249636597
2.017819583503605	285.1144210378004
2.03353119686808	288.0602827694295
2.0492610972746306	291.02168928774904
2.0650110726121684	293.99872261982443
2.080782791739317	296.9914652255633
2.09657781463217	300.0000000000001
40.0	89
-1.5925867462304248	-129.67999999999984
-1.304695354038131	-106.98301320731073
-1.054804173604118	-84.45851127382329
-0.8344077912433269	-62.38316104976562
-0.6373466702641639	-40.96177179646142
-0.45928980704772016	-20.34658249277004
-0.29722205946303737	-0.6492962918521812
-0.14901513559858018	18.05154738748905
-0.013115763240409478	35.7049686086209
0.11165976158499848	52.28242896534806
0.2262567321900267	67.77360765766679
0.33146748919863034	82.1832642263908
0.4279843278841054	95.52834394183816
0.5164284784518179	107.83496980912577
0.597365573889774	119.1357783925028
0.6713157033195396	129.4680064904258
0.7387616876893665	138.87232617684464
0.8001563365124801	147.39219131635383
0.8559284733246644	155.07343688089884
0.9064874850319582	161.96394303705432
0.9522263705908661	168.11325949530033
0.993523470381235	173.57215329112984
1.030743182591469	178.3920889274982
1.0642360140924982	182.6246745567624
1.094338285251805	186.32111489516683
1.121371732216822	189.5317055387947
1.1456431507587141	192.3053897856812
1.1674441267343234	194.68938341333393
1.187050819576319	196.72885967025104
1.2047237205228605	198.46667909276317
1.2207073023751285	199.94314797980826
1.235229510026247	201.19579499534484
1.2485011004518267	202.25916537831915
1.2607149103012787	203.16464342982715
1.2720451883155244	203.9403227221298
1.282647159961017	204.6109468463004
1.2926569820631615	205.19794009429387
1.3021921968704318	205.71953801235514
1.3113527208053908	206.1910149307418
1.3202223232876202	206.6249929481085
1.3288704853784654	207.03180760617334
1.3373544897374734	207.41990139412763
1.3457215858549683	207.79621730876357
1.3540110925244901	208.16656966249082
1.36225633311865	208.5359762844484
1.3698308442567957	208.8790101980524
1.3774129401692015	209.2283633154367
1.385021821202629	209.58726313495873
1.3926760600136856	209.95896266421346
1.4003940985255925	210.34681573187896
1.4081946287757559	210.75433303270324
1.4160968769455697	211.18522250591468
1.4241208088207125	211.6434173221287
1.432287273028967	212.13309432486045
1.440618096123639	212.6586853148916
1.4491361412433823	213.22488312520574
1.4578653398756714	213.83664403609941
1.4668307042803528	214.4991877348516
1.4760583264301106	215.21799573353655
1.4855753678963095	215.99880891866093
1.4954100439311113	216.84762471126191
1.5055916040393311	217.77069415918527
1.516150310563762	218.77451915793904
1.5271174161930925	219.86584989678698
1.5385251408140168	221.05168254762089
1.5504066477439453	222.33925715141345
1.5627960190780166	223.73605560747205
1.5757282296475494	225.2497996316947
1.5892391189049024	226.88844851986988
1.6033653599126776	228.66019652950536
1.6181444245177985	230.573469678165
1.6336145437295926	232.63692174764725
1.6498146622943493	234.85942928184232
1.6667843864671825	237.2500853722899
1.6845639240267731	239.81819204013527
1.7031940156616505	242.57325104713902
1.7227158569798142	245.52495300241685
1.7431710105581386	248.68316467617058
1.764601307653789	252.05791448682658
1.7870487394447745	255.65937619320607
1.8105553379463566	259.497850897175
1.8351630470565703	263.58374754243937
1.8609135845076274	267.92756217856936
1.8878482958269154	272.53985634189405
1.9160080017266352	277.4312349819987
1.9454328406277557	282.6123244290578
1.9761621082649274	288.0937509482445
2.0082340964987533	293.8861204584539
2.0416859335663964	300.0
50.00000000000001	89
-1.594149726523778	-129.67999999999978
-1.305242659122807	-106.8932154150717
-1.0544459947027256	-84.26438534435115
-0.8331937071227702	-62.07098657189644
-0.6352844386100677	-40.518305845802274
-0.4563603637420458	-19.758809479453276
-0.293389852966179	0.09576472327478314
-0.1442342890425416	18.96701063808115
-0.007333331098670896	36.80423698580927
0.11850245591276848	53.579369103477916
0.23422417624881586	69.28277277813532
0.3406306230754401	83.92008970068264
0.43842075811796577	97.50921846269364
0.528222066831732	110.07719033634709
0.6106058203226451	121.65746354225138
0.6860973034376454	132.288024977745
0.755184374191869	142.010256491542
0.8183249358960764	150.86830479838733
0.8759530563134265	158.90868906357503
0.9284834925789298	166.17995781070528
0.9763146104428959	172.73229132998722
1.0198298869428766	178.61701291137103
1.059398307046796	183.8860180407641
1.095374009086553	188.5911565935856
1.1280955152308205	192.7836121529253
1.1578848213023383	196.5133191954431
1.18504653700309	199.82844807452085
1.209867184060958	202.7749743855561
1.2326146920759327	205.396337305587
1.253538088808113	207.73318319494723
1.2728673645428574	209.82318682883312
1.2908134938477687	211.70094242854918
1.3075686133993967	213.39791867908087
1.3233063714580486	214.9424744030025
1.3381824745913142	216.35993306623317
1.352335455729654	217.672714049028
1.365887674440178	218.90051664529483
1.3789465391610476	220.06054971668152
1.3916059179048137	221.1677967990288
1.4039476844495746	222.23530415129943
1.4160433353622601	223.2744783243536
1.427955610827327	224.2953804367512
1.4397400582673225	225.30700622054434
1.451446489651757	226.3175435630967
1.4631202981771045	227.334602198421
1.4709694439029843	228.02548930648248
1.478835111156826	228.72472931097508
1.4867291360575825	229.43443555598316
1.4946631138843716	230.15671583907033
1.5026484883022446	230.8936871812486
1.5106966281678713	231.6474884338254
1.5188188930282056	232.42029093739575
1.5270266884509314	233.21430744806617
1.5353315123105806	234.03179953935563
1.5437449931088507	234.8750836768977
1.5522789213408739	235.74653614860955
1.5609452748383945	236.64859701661214
1.5697562389321382	237.5837732398935
1.578724222183622	238.5546410991684
1.587861868345006	239.56384803825404
1.597182065116733	240.61411401985333
1.6066979501885423	241.70823247822284
1.6164229149710452	242.8490709369363
1.6263706063530843	244.03957134694383
1.6365549267550061	245.28275018838588
1.6469900326895053	246.58169836915056
1.6576903319900438	247.93958094393304
1.6686704798216376	249.35963666953796
1.6799453735494956	250.84517740525814
1.69153014650773	252.39958736139351
1.703440160682311	254.0263221942048
1.7156909982995638	255.7289079418457
1.7282984522934273	257.5109397930172
1.741278515611052	259.3760806781778
1.7546473693070477	261.328059672162
1.7684213693713084	263.37067019687845
1.7826170322339856	265.5077680134443
1.7972510188931872	267.7432689945515
1.8123401176168026	270.08114667008965
1.827901225178517	272.52542954195553
1.843951326600032	275.0801981675504
1.86050747338617	277.7495820156511
1.8775867602564742	280.5377561029634
1.89520630039618	283.4489374247661
1.9133831992702501	286.48738119839425
1.9321345270661852	289.6573769438104
1.9514772898541395	292.96324443103526
1.9714283995757718	296.40932952957473
1.9920046429956153	299.9999999999998
60.00000000000001	89
-1.595706945533306	-129.67999999999955
-1.305787592827371	-106.80374082578348
-1.0540888087128673	-84.0709137459844
-0.8319838731825786	-61.75980592798925
-0.633229607653855	-40.076184253194924
-0.4534414468223406	-19.172748097514187
-0.2895714121545518	0.8387204785083782
-0.13947073364051243	19.87993471607058
-0.001572195523757955	37.90047411368073
0.12531916236392113	54.87270632948383
0.24215999684777104	70.78765155790427
0.3497551371575194	85.6517762230053
0.44880957232756646	99.48384307341195
0.5399562115798956	112.31167671576804
0.623771000787812	124.16942482893046
0.7007833516988601	135.09567814094999
0.7714849687386179	145.13236558338394
0.8363374983117517	154.3241429162975
0.89577870363419	162.71800465486712
0.9502269423101896	170.36293274381921
1.0000839582209118	177.30948030352806
1.0457361928330682	183.60925516078544
1.0875549389199457	189.31431366185006
1.125895706589771	194.4765020761269
1.1610971598117001	199.14679346213387
1.1934799278167492	203.3746659940387
1.2233455190542717	207.20755900263697
1.2509754843446643	210.69042986983425
1.2766309047351498	213.865422040944
1.3005522262639408	216.77164403413633
1.3229594299954164	219.44505229249683
1.3440525082337684	221.91842682674752
1.3640122113059732	224.22142701530692
1.383001028117131	226.3807146934567
1.40116436360901	228.42013198358967
1.4186318751452984	230.3609217332695
1.435518927475054	232.22197880267703
1.45192812330187	234.0201208622771
1.467950865029279	235.770367989597
1.4836689040902908	237.4862213199603
1.4991558378620382	239.17993234298297
1.5144785202680966	240.86275607625146
1.5296983600179703	242.54518315191763
1.5448724890327739	244.23714765881573
1.5600547920024486	245.94820924602266
1.5670004863975926	246.73799547715873
1.573963411396821	247.5345858861807
1.580948285337603	248.33885888616965
1.5879597825825187	249.1516935846788
1.595002544373286	249.97397165604502
1.6020811886830937	250.80657903503482
1.6092003191231	251.6504074425245
1.6163645329599192	252.50635575403544
1.6235784283009542	253.37533122186505
1.630846610503672	254.25825056138638
1.6381736978637567	255.15604091178875
1.6455643266350901	256.06964068115224
1.6530231554324752	257.0000002853051
1.6605548690653997	257.948082789408
1.6681641818482897	258.914864460649
1.6758558404299682	259.9013352399003
1.6836346261817474	260.9084991395523
1.6915053571806613	261.93737457419377
1.6994728898212077	262.9889946301955
1.7075421200858338	264.06440727967833
1.7157179845015846	265.16467554380245
1.7240054608072954	266.290877609758
1.732409568353082	267.4441069053404
1.7409353682512012	268.6254721345032
1.749587963294949	269.8360972768346
1.7583724976599986	271.07712155349316
1.7672941564004165	272.3496993617483
1.7763581647497502	273.65500017993554
1.7855697872357672	274.99420844432905
1.7949343266159157	276.3685233991589
1.804457122639216	277.77915892078147
1.8141435506389825	279.2273433167916
1.8239990199598977	280.71431910073386
1.8340289722220375	282.2413427429267
1.8442388794236997	283.80968439781634
1.854634241884498	285.4206276082491
1.8652205860296893	287.0754689869867
1.87600346201654	288.77551787582365
1.886988441203437	290.5220959826736
1.898181113462478	292.3165369970735
1.9095870843365217	294.16018618462
1.9212119720418293	296.0543999609646
1.933061404317981	298.0005454461228
1.9451410151271447	299.9999999999999
70.0	89
-1.5972584664704184	-129.67999999999975
-1.3063301792566604	-106.71458571238256
-1.0537325984669235	-83.8780887334259
-0.830778226855448	-61.449606846300895
-0.631182063192778	-39.635389388917986
-0.45053288143601866	-18.58837407204291
-0.28576648821412415	1.579603833336023
-0.1347241267185532	20.790363955128043
0.0041681096581726255	38.99374006032173
0.13211051237044194	56.162522359987406
0.25006504481291836	72.28835510632422
0.3588421768055698	87.3784755867735
0.459152336323554	101.45242982113615
0.5516331237401898	114.53873615336136
0.6368643509273977	126.67212280270292
0.71537870096859	137.89166967576068
0.787670812120711	148.23973091760803
0.8542050784701394	157.7613392079959
0.9154218601221371	166.50382030680197
0.9717419105660249	174.51643469787177
1.0235690615692494	181.8499475918137
1.071291389679407	188.55609377320098
1.1152812012410875	194.68694925134747
1.1558942204777651	200.2942490221506
1.1934683572212128	205.42870171081756
1.2283223807073103	210.13935075094503
1.2607547504187686	214.47302226242152
1.2910427714707573	218.47388622430134
1.319442164448307	222.1831434936475
1.3461870765100281	225.6388391020896
1.3714905151095824	228.87579322469554
1.3955451568412576	231.9256354191334
1.4185244683866685	234.81692472310834
1.440584070417596	237.5753372736213
1.461863275196736	240.22390358400935
1.4824867320969946	242.78327893934056
1.5025661208783683	245.27203217588692
1.5222018395517332	247.70694016603852
1.5414846416052173	250.10327749618364
1.5604971859543606	252.4750930066964
1.5793154718501017	254.83546698207977
1.5980101397304023	257.19674476392936
1.6166476272063595	259.57074434506774
1.6352911766535196	261.9689370384368
1.6540016969534415	264.40260156582497
1.6590555568685548	265.0649713752979
1.664119705641775	265.73094000394883
1.669195279215221	266.4007264232921
1.6742834097207022	267.0745500908198
1.6793852261266309	267.7526310638474
1.6845018548452866	268.4351901061997
1.689634420301795	269.12244878798674
1.6947840454662877	269.81462957875476
1.699951852350591	270.5119559342619
1.7051389624708693	271.2146523771522
1.710346497277557	271.92294457177763
1.715575578553932	272.6370593934298
1.7208273287846494	273.3572249922262
1.7261028714955062	274.0836708518942
1.7314033315657014	274.816627843692
1.7367298355137497	275.55632827569036
1.7420835117583304	276.30300593764866
1.7474654908550722	277.0568961416874
1.7528769057104634	277.81823575897147
1.7583188917738957	278.5872632526041
1.7637925872088287	279.36421870691584
1.769299133044098	280.1493438533389
1.7748396733061949	280.9428820930319
1.7804153551334696	281.7450785164293
1.7860273288730149	282.5561799198639
1.7916767481610976	283.3764348194236
1.79736476998776	284.20609346216565
1.8030925547464278	285.0454078348416
1.8088612662690482	285.89463167024087
1.8146720718474851	286.7540204512851
1.8205261422416523	287.623831412968
1.8264246516750093	288.5043235422629
1.8323687778178568	289.39575757607895
1.8383597017589257	290.2983959973634
1.8443986079657178	291.2125030294378
1.8504866842339287	292.13834462863565
1.856625121626435	293.07618847533047
1.8628151144020637	294.0263039634058
1.8690578599345666	294.9889621882435
1.875354558622025	295.9644359332807
1.8817064137869997	296.9529996552001
1.8881146315676318	297.9549294677904
1.8945804207999457	298.9705031245401
1.9011049928915653	299.9999999999998
80.0	89
-1.5988043513903196	-129.67999999999975
-1.3068704421104325	-106.62574641940355
-1.0533773472060308	-83.68590271276113
-0.8295767069382941	-61.14037730145603
-0.6291416936029357	-39.195903992391436
-0.4476344969488382	-18.00566366836884
-0.28197483886058466	2.3184468547964343
-0.12999413549947575	21.69834151094568
0.009888035659856768	40.08409310794741
0.13887711457551974	57.448896156343096
0.25794013656674564	73.78499033288989
0.3678928372077214	89.10033341709453
0.46945054426826094	103.41518177907722
0.5632549080803663	116.75866197580069
0.6498889334300872	129.165994149138
0.7298878967180742	140.67665890377066
0.8037486771722745	151.33334581748068
0.8719376879297622	161.18137096453142
0.9348971088986057	170.26829318457857
0.9930492682261154	178.64355047480439
1.0467992438159006	186.35802097167493
1.0965359273608635	193.46347663914474
1.1426318996465772	200.01194268765386
1.1854425127597823	206.05500335901678
1.2253045686332131	211.64310673877327
1.2625349346130763	216.82492055784098
1.29742936065855	221.6467814511983
1.3302616760200179	226.15226607673293
1.3612834600704335	230.38189752998989
1.3907242119459664	234.37298720560955
1.4187919912149507	238.15960204106773
1.4456744671980912	241.7726403132025
1.4715402954648282	245.23999555068895
1.4965407329720044	248.5867870459565
1.5208114047901176	251.83563618612254
1.5444741424024522	255.00696973211166
1.5676388238934111	258.1193337499617
1.590405158338683	261.18970476884283
1.6128643692389544	264.2337876523329
1.6351007441042114	267.2662924529642
1.6571930287237782	270.30118506253723
1.6792156548324717	273.35190869917574
1.701239798520941	276.43157514299355
1.723334273677364	279.55312612658713
1.7455662699472225	282.72946640739804
1.7481188146546245	283.0965481538308
1.750674118456588	283.4645342927223
1.7532322794137842	283.83344432163756
1.755793395509738	284.2032977677021
1.7583575646581693	284.574114188909
1.760924884710066	284.9459131753797
1.7634954534605538	285.31871435058645
1.766069368655515	285.6925373725278
1.768646727998005	286.06740193487065
1.7712276291544247	286.4433277680449
1.7738121697605018	286.82033464030576
1.7764004474270416	287.198442358752
1.7789925597454619	287.57767077030917
1.781588604293152	287.9580397626763
1.784188678638606	288.33956926523524
1.7867928803463582	288.7222792499226
1.789401306981745	289.10618973207386
1.7920140561154625	289.49132077122295
1.794631225327932	289.87769247187794
1.7972529122134946	290.2653249842565
1.79987921438443	290.65423850499747
1.802510229474777	291.04445327783037
1.8051460551440093	291.43598959422593
1.8077867890805213	291.82886779400565
1.810432529004964	292.22310826593036
1.8130833726734048	292.61873144825586
1.8157394178803463	293.0157578292601
1.8184007624615617	293.414207947745
1.8210675042968072	293.8141023935091
1.8237397413123666	294.2154618077966
1.8264175714834585	294.61830688371674
1.829101092836487	295.02265836664185
1.8317904034511718	295.4285370545791
1.8344856014625281	295.8359637985179
1.8371867850627048	296.2449595027539
1.8398940525027072	296.65554512519
1.8426075020939805	297.0677416776175
1.84532723220987	297.4815702259699
1.8480533412869606	297.8970518905619
1.8507859278262733	298.31420784630075
1.8535250903943772	298.7330593228821
1.856270927624363	299.1536276049658
1.8590235382167055	299.5759340323285
1.861783020940008	300.0
90.00000000000001	89
-1.6003446612216194	-129.68000000000038
-1.307408404693072	-106.53721936108738
-1.0530230385679824	-83.49434823741012
-0.8283792535540145	-60.83210550778966
-0.62710838976581	-38.75771116198197
-0.44474612681949793	-17.42459367657915
-0.2781962281315071	3.055280841638023
-0.12528043675938602	22.60390940028907
0.01558801930448135	41.17158981837298
0.14561955581715574	58.73190404070334
0.2657860558675961	75.2776601563524
0.3769081662528879	90.81748951115588
0.4797056227952769	105.37229351728928
0.5748235684202321	118.97173423223705
0.6628476457100049	131.6514526478727
0.7443151926241406	143.45126304327698
0.8197248081922087	154.41412562265805
0.8895443941642887	164.5855748965625
0.9542174006191237	174.0133369736797
1.0141671673690997	182.74696237663818
1.0697994634275754	190.83738196178405
1.1215034827965136	198.33635527527747
1.169651653701164	205.29582486827206
1.2145986638280053	211.7672178374052
1.2566800988864404	217.80074831457904
1.2962110438036245	223.4447742514248
1.3334849189541917	228.74525235294908
1.3687727344134322	233.7453205982493
1.4023228580345988	238.48502219240845
1.4343613185737047	243.00117075241155
1.4650926084337668	247.3273455855457
1.4947009128581605	251.49399858142272
1.5233516716479987	255.52865029540362
1.5511933723418385	259.4561516451023
1.5783594765804112	263.2989885366553
1.6049703907353658	267.07760898670153
1.631135405093997	270.81075533263004
1.6569545409118172	274.5157874898956
1.6825202599900428	278.2089866076833
1.707919006061158	281.90583167737543
1.7332325604558008	285.62124451958744
1.7585392058141964	289.36980102722123
1.7839147007397227	293.1659085296517
1.8094330751966747	297.0239506584277
1.835167261210799	300.9584021596082
1.8350252282345125	300.9365620567718
1.834883203935022	300.9147246967507
1.8347411883003817	300.89289007709976
1.834599181318656	300.8710581953769
1.8344571829778982	300.84922904913765
1.8343151932661688	300.8274026359385
1.8341732121715257	300.80557895333664
1.834031239682028	300.7837579988894
1.8338892757857281	300.76193977015373
1.8337473204706924	300.7401242646879
1.8336053737249716	300.71831148004924
1.8334634355366255	300.6965014137958
1.8333215058937111	300.6746940634862
1.833179584784283	300.6528894266787
1.8330376721963966	300.6310875009317
1.832895768118113	300.6092882838051
1.8327538725374837	300.58749177285677
1.8326119854425653	300.565697965647
1.8324701068214093	300.54390685973453
1.8323282366620812	300.5221184526806
1.8321863749526248	300.5003327420435
1.832044521681101	300.4785497253848
1.8319026768355646	300.456769400265
1.8317608404040637	300.43499176424325
1.8316190123746559	300.4132168148818
1.8314771927353983	300.3914445497419
1.831335381474339	300.3696749663841
1.8311935785795315	300.34790806237027
1.8310517840390315	300.3261438352623
1.830909997840892	300.30438228262244
1.8307682199731583	300.28262340201184
1.8306264504238905	300.26086719099374
1.830484689181137	300.23911364713115
1.8303429362329486	300.2173627679863
1.8302011915673804	300.1956145511223
1.830059455172477	300.17386899410224
1.829917727036295	300.15212609449054
1.8297760071468796	300.1303858498493
1.8296342954922846	300.1086482577442
1.82949259206056	300.0869133157381
1.829350896839755	300.0651810213965
1.8292092098179153	300.0434513722827
1.8290675309830933	300.0217243659624
1.8289258603233378	300.0000000000001
100.00000000000001	89
-1.6018794557948732	-129.67999999999998
-1.307944089922898	-106.44900101953846
-1.0526696565754856	-83.30341800421166
-0.8271858081144752	-60.52477991290246
-0.6250820449974749	-38.32079434516865
-0.44186760847861367	-16.84514139656551
-0.2744304261862028	3.7901363476080974
-0.12058271649807352	23.507108538520583
0.021268483572009018	42.25628509568793
0.15233840206406535	60.011619806526085
0.27360355544543746	76.76646370095585
0.3858891671799181	92.53007815107401
0.48991893475021586	107.32395153104852
0.5863410125438402	121.17822026062947
0.6757432274247701	134.1288901424207
0.7586645663702204	146.2160595303033
0.8356049597017484	157.4829136969799
0.9070334130138806	167.97516158649722
0.9733942564406305	177.7406534010733
1.0351114513810937	186.8290112281901
1.0925910857160959	195.2911830714994
1.1462223279837382	203.17889029796504
1.1963772022683086	210.54398194769027
1.2434095895621602	217.4377372147399
1.2876538570739497	223.91017028695865
1.3294234697732057	230.00939169776723
1.3690098611462802	235.78107093924598
1.4066817489383558	241.26803047313717
1.4426849917069025	246.5099852691484
1.4772430043298999	251.54342743692382
1.5105576911329661	256.40164405658106
1.5428108154758746	261.1148485548739
1.5741657028059628	265.7104017649274
1.6047691670249267	270.2130975639948
1.6347535537177162	274.6454889636151
1.6642388047883667	279.02823300476393
1.6933344643490216	283.380436167879
1.7221415629799088	287.7199857568878
1.7507543349761443	292.0638564948339
1.7792617396679724	296.42838511808554
1.8077487724867267	300.82950890241943
1.836297563623365	305.282966692826
1.8649882716452373	309.80446309274214
1.8938997862954396	314.4097979988866
1.9231102590849494	319.11496468451605
1.9203151662625466	318.66241199857416
1.9175234192068944	318.2108965038733
1.9147349509275007	317.76040409723964
1.9119496944232577	317.3109207006604
1.9091675826807393	316.86243226096224
1.9063885486724783	316.4149247494878
1.9036125253550875	315.968384161744
1.9008394456673512	315.52279651704396
1.8980692425281653	315.07814785812275
1.895301848834473	314.6344242507495
1.892537197459009	314.1916117833092
1.8897752212480134	313.74969656637495
1.8870158530188472	313.30866473226286
1.8842590255574816	312.8685024345672
1.8815046716159038	312.42919584767526
1.8787527239094282	311.9907311662695
1.8760031151139007	311.55309460480726
1.8732557778627958	311.11627239698134
1.8705106447442066	310.6802507951634
1.867767648297753	310.24501606982733
1.8650267210113423	309.81055450895235
1.8622877953178552	309.37685241740553
1.8595508035916934	308.9438961163055
1.8568156781452378	308.5116719423636
1.8540823512251912	308.08016624720824
1.8513507550087687	307.649365396681
1.8486208215998305	307.2192557701195
1.8458924830248469	306.7898237596115
1.8431656712287598	306.36105576923126
1.8404403180707367	305.9329382142532
1.8377163553197764	305.50545752034054
1.8349937146502038	305.0786001227135
1.8322723276370474	304.65235246529505
1.8295521257512544	304.2267009998275
1.8268330403548418	303.8016321849773
1.8241150026958273	303.3771324854016
1.8213979439031107	302.9531883708006
1.818681794981175	302.5297863149441
1.8159664868046828	302.1069127946706
1.8132519501128843	301.68455428886114
1.810538115503968	301.2626972773945
1.8078249134291853	300.8413282400671
1.8051122741869148	300.4204336554982
1.8024001279165247	300.0
110.00000000000001	89
-1.603408793870313	-129.6799999999999
-1.3084775203413581	-106.36108794296294
-1.0523171856250226	-83.1131048496546
-0.8259963132849703	-60.218389191457675
-0.6230625549801394	-37.88513732903513
-0.4389987832119985	-16.26728462359489
-0.270677209113074	4.523043203887823
-0.11590066962272272	24.40797877564671
0.026929838121430523	43.33823224625962
0.1590341993062723	61.28811482376335
0.28139335854002434	78.25149648057436
0.3948368010224692	94.23822839190677
0.5000917826031476	109.27033463310096
0.5978090567729366	123.37837522620663
0.6885782678578264	136.59867751682896
0.7729397354416895	148.97158834889734
0.8513944339498369	160.54048719741462
0.9244121939702107	171.35122868289494
0.9924379465462683	181.4517596823485
1.0558959999039323	190.89174889945133
1.1151925051421647	199.7221415585479
1.1707163896181125	207.9946093466441
1.2228391209117893	215.76090845629102
1.2719137073428126	223.07218662135813
1.3182733380531388	229.97829338851852
1.36223001968928	236.52714823466363
1.4040734895049476	242.76421190936014
1.444070592401022	248.73209168577353
1.4824652175069934	254.47029491078627
1.5194788099128993	260.0151302829264
1.5553114115161073	265.39974440737774
1.590143143491025	270.65427306404115
1.6241360201903343	275.8060821800249
1.6574359771039033	280.8800721686057
1.690174999970359	285.8990203429993
1.7224732545236865	290.88393878883073
1.7544411334421555	295.8544287261723
1.7861811562541683	300.82901647540893
1.8177896772581974	305.8254602503873
1.8493583744848618	310.8610208389439
1.8809755083944444	315.9526925947988
1.912726951799568	321.1173939401317
1.9446970022201906	326.3721187211754
1.9769689945946942	331.73405128418074
2.009625736281422	337.22064910419704
2.0042771359566816	336.3177898960723
1.9989405760839758	335.4186313394373
1.9936157001540722	334.52309621653103
1.9883021515778316	333.6311075587896
1.9829995736707158	332.74258864363856
1.9777076096351058	331.85746299088737
1.9724259025403097	330.97565435871
1.9671540953002644	330.09708673920136
1.9618918306487851	329.22168435349306
1.9566387511123582	328.3493716464186
1.9513944989803325	327.48007328070605
1.9461587162725076	326.61371413069696
1.9409310447040122	325.75021927556895
1.9357111256473851	324.8895139920477
1.9304986000918187	324.0315237466024
1.925293108599464	323.1761741871005
1.9200942912587347	322.3233911339162
1.9149017876345553	321.47310057048037
1.9097152367154069	320.6252286332427
1.904534276857232	319.77970160106065
1.8993585457239663	318.93644588397126
1.8941876802247446	318.0953880113565
1.889021316447674	317.25645461947863
1.8838590895900642	316.4195724383711
1.8787006338851269	315.584668278085
1.8735455825250014	314.75166901426405
1.8683935675800816	313.9205015730472
1.8632442199145616	313.09109291528455
1.8580971690981603	312.2633700200579
1.8529520433139504	311.43725986749246
1.8478084692622132	310.61268942085223
1.842666072060327	309.7895856079166
1.8375244751385629	308.96787530161623
1.832383300131785	308.1474852999344
1.8272421667670145	307.32834230506194
1.8221006927467778	306.5103729017975
1.816958493628241	305.6935035351936
1.8118151826980609	304.87766048743845
1.8066703708429803	304.0627698539796
1.8015236664160446	303.2487575188741
1.7963746750985468	302.4355491293795
1.791222999757564	301.6230700697722
1.7860682402991654	300.8112454344051
1.78090999351724	300.0000000000001
120.00000000000001	89
-1.6049327331645677	-129.67999999999913
-1.3090087181217394	-106.27347674394551
-1.0519656104758615	-82.92340174621168
-0.824810712949639	-59.912922239155336
-0.6210498176960658	-37.45072423108468
-0.43613949604797175	-15.691001634369456
-0.26693635874396093	5.254030540732231
-0.11123399964421038	25.306558930970027
0.03257247979033286	44.41748303621222
0.16570747440283617	62.56145813903095
0.289156160347444	79.73285057154641
0.4037519888678619	95.94206432728095
0.5102254115764192	111.21161431509421
0.6092294302613384	125.57244263750113
0.701355213169508	139.061165673448
0.7871441727320668	151.7183543366471
0.8670981167468588	163.58756254470075
0.9416874981357003	174.71477284912163
1.0113576463874299	185.14801232643532
1.0765330186548405	194.9369820688073
1.1376196484677392	204.13261466281034
1.1950060750908198	212.78652933554906
1.2490631144807283	220.95039658608755
1.3001428757335214	228.6752524327013
1.348577425801259	236.01081629614225
1.394677460879618	243.0048673665715
1.438731266161483	249.70272530569423
1.481004152688833	256.14686642709114
1.5217384666232576	262.37668999244056
1.5611541843812387	268.42843396819273
1.5994500436329862	274.3352273480575
1.6368051173469165	280.12725772425506
1.6733807146776227	285.83202814532456
1.7093224853896738	291.47467590702377
1.7447626097620743	297.07832704657994
1.779821969629562	302.6644631789286
1.8146122149293022	308.25328122762426
1.8492376609862098	313.8640309802362
1.8837969725776365	319.51531978383434
1.9183846099654158	325.2253777596276
1.9530920285221212	331.01228043916024
1.988008636748027	336.8941285888941
2.023222527225801	342.8891871600273
2.0588210015618578	349.0159868053496
2.094890914012067	355.29339232002224
2.087077644126023	353.92761836162117
2.0792893990554893	352.5695287428915
2.0715253139044525	351.2189305473644
2.063784523361526	349.87563169722523
2.056066161672917	348.5394409456278
2.0483693626033284	347.210167866839
2.0406932593843203	345.8876228441146
2.033036984649564	344.57161705520207
2.025399670356417	343.2619624553605
2.01778044769335	341.95847175780716
2.0101784469725246	340.66095841146216
2.0025927975071207	339.36923657590967
1.995022627472728	338.0831210934516
1.9874670637522451	336.80242745815156
1.9799252317637992	335.5269717817747
1.9723962552709853	334.25657075650145
1.964879256175003	332.9910416143283
1.9573733542880098	331.73020208304547
1.9498776670872033	330.4738703386945
1.942391309449087	329.2218649544129
1.9349133933633718	327.97400484557124
1.9274430276259962	326.7301092111111
1.9199793175107804	325.4899974710038
1.912521364419229	324.2534891997486
1.9050682655080275	323.02040405583546
1.8976191132938092	321.79056170710464
1.890172995234763	320.56378175194186
1.882728993288761	319.3398836362545
1.8752861834476224	318.1186865661846
1.8678436352472743	316.9000094165218
1.8604004112534689	315.68367063477956
1.8529555665229567	314.46948814093196
1.8455081480398883	313.2572792227936
1.8380571941273176	312.04686042704634
1.8306017338338432	310.8380474459382
1.8231407862953213	309.63065499967615
1.8156733600717287	308.42449671455927
1.8081984524593515	307.21938499691
1.8007150487784835	306.0151309028778
1.7932221216368973	304.8115440041995
1.7857186301694976	303.6084322500277
1.7782035192545207	302.4056018249412
1.7706757187068858	301.20285700328634
1.7631341424492233	300.0
130.0	89
-1.6064513303766192	-129.67999999999913
-1.3095377050777208	-106.18616409779091
-1.0516149162396604	-82.73430179881501
-0.8236289521782205	-59.608368166926255
-0.6190437333636938	-37.01753949035739
-0.4332895956485834	-15.116271173563462
-0.26320766247534655	5.983126808331463
-0.10658241838544973	26.20288682641251
0.03819679307285946	45.49408774650436
0.1723587358888401	63.83171657098262
0.2968926293803099	81.21061477489343
0.4126356139468719	97.64170533486953
0.5203210125256976	113.14795508268281
0.6206037790560447	127.76065484377227
0.7140763735081957	141.5166865054956
0.801281121804321	154.45682943794162
0.8827205113468601	166.62480055905706
0.9588654689693101	178.0667005146621
1.030161572905219	188.83062772102755
1.0970332828105578	198.96630869978742
1.159886382682236	208.5246601865436
1.21910892020809	217.5572517246964
1.2750709989829754	226.11567916037205
1.328123823680328	234.25088815004136
1.3785983995154292	242.0125012860858
1.426804244889545	249.44820377696794
1.4730284001679432	256.6032338964186
1.5175349221923509	263.520009736577
1.5605649594974924	270.23790712754294
1.6023374197322944	276.79318800978615
1.6430501758113363	283.2190659958728
1.6828817133976808	289.54588717416857
1.7219930984636778	295.8013994043247
1.7605301367992736	302.01108193336245
1.7986256034367163	308.1985083779648
1.8364014349503595	314.3857191742087
1.873970797773735	320.59358374950864
1.911439967971037	326.8421372968286
1.9489099799127136	333.1508816374105
1.986478021324607	339.5390438913623
2.0242385691287423	346.0257903085212
2.062284273845086	352.63039552939586
2.1007066100019456	359.3723697229981
2.139596316267636	366.27154752859553
2.179043652348126	373.3481436010285
2.1688326676182053	371.5087227040033
2.1586630467083006	369.6820638784561
2.1485332578785354	367.8678147461004
2.1384417678192906	366.06562475043756
2.1283870416675357	364.2751451496258
2.118367542987964	362.4960290030191
2.10838173371677	360.7279311509777
2.0984280740662116	358.97050818757634
2.088505022387784	357.2234184258084
2.0786110349919746	355.4863218548984
2.0687445659224895	353.7588800893177
2.0589040666828113	352.0407563091196
2.0490879859129754	350.3316151911838
2.039294769014404	348.63112283098667
2.0295228577207265	346.9389466545091
2.019770689612427	345.2547553199023
2.010036697573273	343.57821860853755
2.000319309186499	341.9090073050862
1.9906169460687269	340.24679306628354
1.980928023139772	338.59124827805283
1.9712509478264373	336.9420459006818
1.9615841191985959	335.29885930176806
1.9519259270359355	333.6613620766807
1.9422747508238425	332.0292278563071
1.9326289586770962	330.40213010190007
1.9229869061901435	328.77974188685425
1.913346935212993	327.1617356653197
1.903707372551841	325.5477830275536
1.8940665285938856	323.9375544420096
1.8844226958559256	322.33071898418086
1.8747741474566482	320.72694405228253
1.865119135512746	319.12589506991867
1.8554558894593276	317.5272351759412
1.8457826142953753	315.9306249017666
1.83609748875533	314.3357218365022
1.826398663408247	312.7421802802935
1.816684258686313	311.1496508863895
1.806952362844889	309.55778029249905
1.7972010298566377	307.9662107420909
1.787428277242747	306.37457969639286
1.7776320838445574	304.78251943790065
1.7678103875394993	303.1896566663373
1.7579610829055052	301.59561208805565
1.7480820188386454	299.9999999999998
140.0	89
-1.6079646412128716	-129.68000000000131
-1.310064502671699	-106.09914674092656
-1.051265088370324	-82.54579824143465
-0.8224509771938467	-59.304716295308026
-0.6170442043759333	-36.585567858846844
-0.4304489342046379	-14.543072440822243
-0.25949091309609207	6.710359796926582
-0.10194564570134503	27.096999318544817
0.04380315057708117	46.5680952257033
0.17898847474374044	65.09895480113431
0.3046034087471987	82.68487476865874
0.4214885235702268	99.3372663037805
0.5303797246065731	115.07951476804982
0.6319336699593148	129.94323351633528
0.7267439299653344	143.9655538581061
0.8153536116810263	157.18745488370348
0.8982657702109721	169.65281124204944
0.9759516961129996	181.40783750004192
1.048857102960509	192.5006998973132
1.1174063414068722	202.98114846804782
1.1820048466758333	212.90008544887843
1.2430401000136775	222.30903723949837
1.3008814538806757	231.25953862955117
1.3558792158972317	239.80246719270679
1.4083633906116368	247.9873809009532
1.4586424378661793	255.86191387598512
1.5070023315332526	263.4712767691658
1.5537061088181707	270.857893638433
1.5989940046787035	278.0611903865762
1.6430841810880186	285.11753401036094
1.6861739946270624	292.0603090984855
1.7284417011192106	298.9201091207873
1.7700484719125322	305.72501513286727
1.8111405899056738	312.50093309711485
1.8518517003899027	319.27196233774544
1.8923050079596044	326.0607708743237
1.9326153322055841	332.88895773551803
1.9728909583692482	339.77738717945283
2.01323524207102	346.74648452101894
2.0537479478605793	353.81648762121506
2.094526318596344	361.0076517995393
2.13566588607218	368.34040887797335
2.1772610428701755	375.835483240333
2.2194054014648117	383.5139692488349
2.262191969681459	391.3973752000984
2.24963256150234	389.07408299464555
2.237133442020553	386.7695628141614
2.2246923141208907	384.48326856897484
2.2123068763698237	382.21465730955094
2.199974823189699	379.9631892323215
2.187693844958234	377.72832767211423
2.175461628028139	375.5095390801828
2.163275854661748	373.306292986857
2.151134202875307	371.11806194779797
2.1390343461875654	368.9443214728452
2.12697395326723	366.78454993643913
2.1149506874738373	364.6382284686042
2.1029622062865454	362.5048408254835
2.0910061606154313	360.38387323843835
2.079080193989844	358.2748142407313
2.067181941618538	356.1771544708572
2.055309029316416	354.09038645161615
2.0434590722927615	352.01400434405446
2.0316296737962665	349.94750367548147
2.0198184236121883	347.8903810408045
2.008022896407415	345.84213377651645
1.9962406499195233	343.80225960674727
1.9844692229863474	341.77025626089335
1.9727061334129656	339.7456210624292
1.960948875673648	337.72785048864773
1.9491949184468274	335.716439701187
1.9374417019817827	333.7108820473559
1.925686635296471	331.71066853241985
1.9139270932067045	329.71528726317797
1.9021604131876886	327.7242228633487
1.8903838920698435	325.73695586146164
1.8785947825717224	323.75296205216387
1.8667902896739794	321.77171183206497
1.8549675668392518	319.7926695114693
1.8431237120840023	317.8152926035651
1.8312557639095866	315.8390310929145
1.8193606971008334	313.8633266852952
1.80743541840183	311.8876120412391
1.7954767620798187	309.91130999585914
1.7834814853892242	307.93383276780025
1.7714462639493784	305.9545811604513
1.7593676870505395	303.9729437587798
1.747242252904217	301.988296125436
1.7350663638549415	300.0
150.0	89
-1.6094727204113595	-129.68
-1.3105891320227208	-106.01242146934064
-1.0509161126542013	-82.35788443377058
-0.8212767353419376	-59.00195614900821
-0.6150511352404782	-36.15479439319358
-0.4276173673341907	-13.971385078180163
-0.25578590862126227	7.435756656235412
-0.09732340920959383	27.98893232941657
0.04939191346300481	47.63955294060054
0.18559716512302818	66.36323546036238
0.3122891173562036	84.15571325100473
0.4303115309260675	101.02885784568713
0.5404026377543221	117.00644482296025
0.643220594217383	132.12039011542333
0.7393599413547156	146.40806447195882
0.82936447106527	159.91064328176202
0.9137377245737305	172.67215819914372
0.9929512727075879	184.73893759893298
1.0674508760876067	196.1592158398127
1.1376606890906693	206.98276817201446
1.2039857217428	217.26048699193927
1.266812833923909	227.04386484000673
1.3265106032846823	236.38439091232806
1.3834284558988745	245.33289763503558
1.4378954558846488	253.93890970235543
1.4902191122387578	262.2500503925414
1.5406844871469036	270.31155186116564
1.5895537963592954	278.16590156663506
1.6370665957392851	285.8526400812806
1.6834405621478075	293.4083095314081
1.7288728095790404	300.86653888567776
1.773541636082934	308.25824324969824
1.8176085728330993	315.611909325669
1.8612206006421315	322.95393778663276
1.9045124070508885	330.30901472593996
1.9476085743501887	337.70048771501604
1.9906256114177594	345.15072652342565
2.033673766634124	352.68145353274076
2.0768585827571613	360.31403377294976
2.1202821756868016	368.06971895027687
2.1640442364908057	375.96984358981285
2.208242769470505	384.035974382213
2.2529745884852757	392.29001599579
2.298335599622636	400.7542780573866
2.3444209011845167	409.4515088230726
2.3295504655480164	406.6343489851125
2.314761190690769	403.8427828595602
2.300049964268674	401.0760441593643
2.285413664488945	398.33337130626967
2.270849160599465	395.6140074667908
2.2563533132482254	392.91720056484144
2.2419229747024185	390.2422032690197
2.2275549889164714	387.58827295250137
2.2132461914380537	384.95467162346847
2.198993409141087	382.34066582401294
2.1847934597745353	379.74552649541863
2.1706431513157813	377.1685288077658
2.156539281117376	374.6089519518107
2.1424786348360776	372.06607889114184
2.128457985133223	369.5391960726738
2.1144740901357455	367.02759309361466
2.100523691647543	364.53056232314475
2.086603513101274	362.04739847716075
2.0727102572412934	359.5773981445865
2.0588406035291675	357.1198592639254
2.0449912052638735	354.67408054890404
2.031158686409919	352.23936086231174
2.017339638127555	349.8149985373516
2.003530615000594	347.4002906461353
1.9897281309586619	344.9945322152313
1.9759286548922508	342.5970153885355
1.9621286059606453	340.2070285380912
1.9483243485946038	337.82385532388435
1.9345121871976634	335.44677370407203
1.920688360552075	333.07505489754806
1.9068490359375858	330.70796230123506
1.8929903029737722	328.344750365002
1.8791081671990189	325.98466342761446
1.8651985434019647	323.6269345177012
1.8512572487238539	321.27078412424305
1.837279995553017	318.9154189416962
1.823262384235525	316.56003059541104
1.8091998956289106	314.20379435360667
1.7950878835285915	311.8458678327222
1.780921566999448	309.4853897035222
1.7666960226477315	307.1214784058934
1.752406176870961	304.75323088076095
1.7380467981259156	302.37972132804305
1.7236124892570932	300.0
160.0	89
-1.6109756217655054	-129.68000000000023
-1.3111116139144054	-105.92598513709112
-1.05056797520074	-82.17055385806029
-0.8201061750601678	-58.70007745164864
-0.613064432522196	-35.72520444666159
-0.42479475398471617	-13.401189157932492
-0.25209245213220743	8.159343914160331
-0.09271544403218036	28.8787208761957
0.054963431861849356	48.708507024723644
0.19218526505496744	67.62461921127783
0.31995035104736214	85.62321007468489
0.4391054167513396	102.71658649134207
0.5503907950001796	118.92889059490585
0.6544659710540734	134.29232634343526
0.7519263507955923	148.844498904202
0.8433163419204414	162.6267806068115
0.929139911801942	175.68336270736324
1.0098688466719556	188.0606902066554
1.0859488835272648	199.807068670839
1.157803910582347	210.97230298759996
1.2258384529301631	221.6072829111754
1.290438708880433	231.76347855288185
1.3519724686622465	241.49235045764306
1.4107882978932673	250.84470936274568
1.4672143788498564	259.8700773169221
1.5215573669639415	268.6161048088536
1.574101547075073	277.12809076034785
1.6251084803013693	285.44863779435525
1.6748172352543704	293.6174582228938
1.723445210483172	301.671330038051
1.771189487017028	309.6441889973813
1.8182286040924007	317.5673337054601
1.864724627028345	325.46971553660444
1.9108253706324607	333.3782838523516
1.9566666501078773	341.318358457151
2.0023744495480904	349.3140047229949
2.048066921477469	357.38839145878967
2.0938561559730133	365.5641166904762
2.139849682009559	373.8634915036856
2.1861516850035696	382.3087766012824
2.2328639420739536	390.92237001699834
2.2800864899224944	399.7269474059916
2.327918049575929	408.74555850464003
2.3764562379634007	418.00168478420983
2.425797599041647	427.51926412532976
2.408646085419867	424.19845906897865
2.3915980121545353	420.9107873601405
2.3746494395038256	417.6552419546937
2.3577964101082136	414.43082225814965
2.341034949971159	411.23653421037966
2.324361069241917	408.0713903346258
2.3077707627818262	404.934409747225
2.2912600104951517	401.82461812445285
2.274824777405038	398.74104762283
2.2584610134548875	395.68273674921477
2.2421646530154784	392.6487301770351
2.225931614077812	389.63807850501246
2.2097577971120628	386.64983795482533
2.1936390835729864	383.68307000422976
2.177571334032793	380.73684095230544
2.1615503859228764	377.8102214136667
2.145572050866749	374.9022857386807
2.1296321115874655	372.0121113570144
2.1137263183741153	369.1387780421377
2.0978503850934667	366.28136709476337
2.0819999847345843	363.4389604436427
2.0661707444763806	360.6106396625886
2.050358240270298	357.79548490314437
2.0345579909330618	354.992573742907
2.0187654517473237	352.2009799501535
2.0029760075712724	349.4197721661458
1.987184965461867	346.64801250724497
1.971387546820179	343.8847550897998
1.9555788790714208	341.1290444816466
1.9397539868967386	338.3799140849951
1.9239077830383302	335.6363844564363
1.9080350587044503	332.8974615708238
1.8921304736057993	330.1621350368256
1.8761885456599914	327.4293762729927
1.8602036404060538	324.69813665427387
1.844169960176095	321.9673456399589
1.828081533076683	319.2359088951091
1.8119322018373385	316.5027064185257
1.7957156125887217	313.7665906913112
1.7794252036374536	311.02638486096055
1.7630541943090206	308.28088097676823
1.7465955739336698	305.528838293027
1.730042091053638	302.76898165711657
1.7133862429322742	299.99999999999966
170.0	89
-1.6124733981466974	-129.67999999999964
-1.3116319688023876	-105.83983465484204
-1.0502206624333161	-81.98380011597601
-0.8189392458493361	-58.399070120670444
-0.6110840047873005	-35.29678366136346
-0.42198095633836036	-12.832465170874002
-0.24841035162208006	8.881147494882214
-0.08812149254671499	29.76639909971567
0.060518045277911596	49.775002324899106
0.19875321710430308	68.88316482670217
0.327587683658832	87.08744237352903
0.4478709308892537	104.40055487399974
0.560345194643882	120.84699158845683
0.6656711510627876	136.45923458502085
0.7644449920808781	151.27512242222673
0.8572116923602959	165.33622808291182
0.9444756005871066	178.6869074396057
1.0267086664491514	191.37372708505802
1.104356545315027	203.44506900249536
1.1778428023582204	214.95077428141303
1.2475714308193553	225.94173928890206
1.3139279386306242	236.4694249030701
1.3772793243944113	246.58528118099946
1.4379733181134964	256.340121039044
1.4963372763052591	265.783493854055
1.5526770879414973	274.9631134266061
1.6072763758822086	283.92438728268064
1.6603961849218856	292.7100799659055
1.7122752499424412	301.3601259768701
1.7631308501415526	309.91159174170195
1.8131601867218785	318.3987726699569
1.862542175388661	326.85340207180957
1.9114395209997654	335.3049436017915
1.9600009365716886	343.78093751665665
2.0083633780785295	352.3073725821133
2.056654185305396	360.909059033297
2.104993043041236	369.6099827279469
2.1534937024915743	378.4336258017162
2.202265427250767	387.40324418418913
2.2514141497008566	396.5420968790793
2.301043341314943	405.87362572795416
2.3512546137058954	415.42158736968497
2.4021480765269043	425.21014128231855
2.453822483960327	435.26389922169915
2.5063752041548186	445.6079421623099
2.486968145362579	441.7739706137688
2.467687752734214	437.9813143771777
2.4485292757120214	434.22870954181246
2.4294879344556803	430.51490050176335
2.4105589214861776	426.83864010660113
2.3917374030553873	423.1986897620767
2.373018520211489	419.59381947518807
2.3543973895297685	416.0228078378676
2.3358691034776804	412.4844419434646
2.317428730382697	408.9775172301912
2.299071313971207	405.5008372457031
2.280791872446748	402.05321332707786
2.262585397076061	398.63346419056415
2.2444468502520305	395.2404154256726
2.2263711630033804	391.872898888437
2.208353231922163	388.52975198900003
2.1903879154816823	385.20981686909136
2.1724700297193666	381.9119394654567
2.154594343261616	378.6349684558836
2.1367555716703954	375.3777540851521
2.118948371094715	372.13914686899966
2.101167331214083	368.91799617509514
2.0834069674651827	365.7131486809707
2.0656617125481764	362.52344670996945
2.0479259072142293	359.34772644743987
2.030193790342031	356.1848160407193
2.0124594883173756	353.03353358781123
1.9947170037370163	349.89268502117386
1.976960203465286	346.7610618945713
1.9591828060799383	343.63743908259573
1.9413783687517314	340.52057240415
1.9235402736109033	337.40919618293344
1.905661713662118	334.30202075970954
1.8877356783183799	331.19772997292614
1.869754938633021	328.0949786259763
1.851712032317315	324.9923899610907
1.8335992486395292	321.8885531614428
1.8154086133088638	318.78202090455784
1.7971318734546764	315.6713069914349
1.7787604828175292	312.55488407694224
1.7602855872736065	309.4311815279684
1.7416980108177056	306.29858343643116
1.7229882421322398	303.15542681458123
1.7041464218700524	299.99999999999943
180.00000000000003	89
-1.6139661015265305	-129.68000000000012
-1.3121502168217403	-105.75396698846251
-1.0498741610804927	-81.7976169256325
-0.8177758982452397	-58.09892426240606
-0.6091097625494046	-34.86951796074021
-0.4191758397205515	-12.265194014953636
-0.24473941984707198	9.6011927362959
-0.08354130414747715	30.652000291944205
0.06605608297343975	50.83908244590168
0.2053014490044334	70.1389292644131
0.3352016680307784	88.54848468144877
0.45660879374326213	106.08086190102375
0.5702667922990207	122.76088171352484
0.6768374194660303	138.6212983340643
0.7769175958136882	153.700185866587
0.8710528288206513	168.03932395481456
0.9597478140486303	181.6832398619366
1.043474621727201	194.67862835129063
1.1226787770150297	207.07395471385098
1.1977834753343024	218.91910457438973
1.2691921414013048	230.2649919018354
1.3372895730365701	241.16308302989205
1.4024419793994665	251.6648366998661
1.4649962818691453	261.82109215004573
1.525279063741316	271.68145536606755
1.5835955241417754	281.29373770082293
1.6402287209395352	290.70349394467223
1.6954392941079257	299.953692743533
1.7494657630300534	309.08453526695655
1.8025254032130544	318.13342167515134
1.854815638880644	327.1350515105911
1.9065158417140973	336.12163476661385
1.9577894021375544	345.1231852389718
2.0087859347733703	354.16786638586257
2.0596434894371343	363.2823615023518
2.1104906584103773	372.4922436386465
2.161448495240812	381.82232548527634
2.2126321862969234	391.2969746742633
2.2641524410209604	400.94038504049263
2.3161165884964423	410.7767989670225
2.368629385611691	420.83067977775613
2.421793555455126	431.1268361481449
2.4757100837926656	441.6905026851962
2.5304783070279044	452.5473822540383
2.5861958275649433	463.7236564097051
2.5645563233077517	459.3672843416256
2.5430672609409104	455.0609893263718
2.5217231173773653	450.8032378122182
2.5005183248473277	446.59250648733496
2.4794472733544146	442.4272825100966
2.458504312777324	438.3060636739398
2.437683754572925	434.2273584984356
2.4169798730353804	430.1896862380702
2.396386906065127	426.1915768001493
2.3758990554008315	422.23157056320804
2.3555104862672422	418.3082180873598
2.335215326391861	414.4200797081455
2.3150076643439217	410.5657250056785
2.294881547150091	406.74373214120374
2.274830977142827	402.95268705363753
2.2548499079993474	399.1911825092109
2.234932239931949	395.45781699805195
2.2150718139936645	391.7511934723673
2.1952624054674432	388.06991792187523
2.1754977163118348	384.41259778329095
2.155771366641775	380.77784018194984
2.1360768852297234	377.1642500051506
2.1164076990194554	373.57042780840266
2.0967571216532908	369.9949675575807
2.0771183410223157	366.4364542119448
2.057484405859217	362.89346115509534
2.0378482114038405	359.364547483196
2.018202484183002	355.84825516217427
1.9985397659581388	352.3431060681295
1.978852396906814	348.84759892773627
1.9591324981171654	345.3602061781005
1.939371953487496	341.8793707681783
1.9195623911364954	338.403502926531
1.899695164442683	334.9309769227856
1.87976133284436	331.4601278526578
1.8597516425433713	327.989248478719
1.8396565072670745	324.51658616119516
1.8194659892525868	321.0403399148944
1.799169780625586	317.5586576298208
1.7787571853519355	314.0696334940707
1.7582171019441755	310.5713056581301
1.7375380071057964	307.0616541796695
1.716707940494004	303.53859928725205
1.6957144907759552	300.0
