# Table format: T1D
# table_unit = barA
# axis1_unit = m**3/kg
# axis2_unit = degC
# This file was automatically generated by generate_data_files.py
60	119
0.0009850319869557078	799.9999999999992
0.000990400999684383	646.8798873400797
0.0009949657605041748	523.0669858063933
0.000998818319913816	422.9518910621923
0.0010020485703999106	341.99883955073113
0.0010047414834472514	276.5402134987689
0.0010069752444662337	223.61037769135672
0.0010088201987327832	180.81131991132204
0.001010338463476866	146.20400781755902
0.0010115840405378823	118.22054013211309
0.001012603270910669	95.59311210243092
0.0010134354956790115	77.29657698413523
0.0010141138175419943	62.50200126408906
0.0010146658866637304	50.53910942030436
0.0010151146601896299	40.865916760093015
0.0010154791050249747	33.044174537272525
0.0010157748283522042	26.719514877396
0.001016014630594025	21.605395967089407
0.0010162089820889514	17.470120136410774
0.0010163664285976653	14.126336682073811
0.0010164939327239988	11.42255385178494
0.0010165971590554554	9.236275435973287
0.0010166807107766002	7.468451016830437
0.0010167483250142475	6.038988440465226
0.0010168030334564441	4.883125202520232
0.001016847293988622	3.9484943510922434
0.001016883098295048	3.1927519762468677
0.0010169120596293525	2.5816587983742356
0.0010169354842881593	2.087528940803566
0.0010169544297345867	1.6879756075577097
0.001016969751813448	1.364896838562166
0.0010169821430714467	1.1036553914499072
0.0010169921638359563	0.8924155941042337
0.0010170002674062702	0.7216071237183469
0.0010170068204631822	0.5834914186184045
0.001017012119598307	0.47181107892472135
0.0010170164046967784	0.38150637197578124
0.0010170198697697131	0.30848599865402015
0.0010170226717206505	0.24944173506913045
0.0010170249374388896	0.20169855184929159
0.0012785779228601567	0.19970440939905446
0.0016073955334107166	0.19970440939905446
0.002020776641480702	0.19970440939905446
0.0025404688204459587	0.19970440939905446
0.0031938125645242003	0.19970440939905446
0.004015179645275887	0.19970440939905446
0.005047781376688122	0.19970440939905446
0.006345941919888534	0.19970440939905446
0.007977956223813448	0.19970440939905446
0.010029682955276963	0.19970440939905446
0.012609061438957035	0.19970440939905446
0.01585179023906673	0.19970440939905446
0.019928466127305623	0.19970440939905446
0.025053559011171338	0.19970440939905446
0.03149669498477895	0.19970440939905446
0.0395968410923913	0.19970440939905446
0.0497801380511128	0.19970440939905446
0.06258231909474259	0.19970440939905446
0.07867689437210451	0.19970440939905446
0.09891058365331981	0.19970440939905446
0.12434786142383793	0.19970440939905446
0.15632695783979442	0.19970440939905446
0.19653026169986074	0.19970440939905446
0.2470728292646631	0.19970440939905446
0.31061365528568197	0.19970440939905446
0.3904955601029789	0.19970440939905446
0.4909210521343374	0.19970440939905446
0.6171734177083323	0.19970440939905446
0.7758946695599268	0.19970440939905446
0.9754349765854813	0.19970440939905446
1.2262919580127738	0.19970440939905446
1.5416629528201276	0.19970440939905446
1.938139318755375	0.19970440939905446
2.4365792873429886	0.19970440939905446
3.063205294922455	0.19970440939905446
3.8509835192242217	0.19970440939905446
4.84135819754517	0.19970440939905446
6.086431967296369	0.19970440939905446
7.651706934494304	0.19970170593420378
7.7294872596634026	0.19770452111960254
8.290069854919594	0.18441230191681363
8.891055826911439	0.17201375520231396
9.5353575937202	0.16044879691458272
10.226097483439016	0.14966138260895742
10.966622865258598	0.1395992358630706
11.76052237110015	0.13021359494233908
12.611643286408784	0.12145897649782884
13.524110194385791	0.11329295515136277
14.50234496401234	0.10567595789972865
15.551088178728937	0.09857107234165809
16.675422109616264	0.09194386779823417
17.880795344407993	0.08576222845986498
19.173049191689515	0.07999619775124728
20.5584459882399	0.07461783316010086
22.043699446696568	0.06960107082616718
23.636007190609497	0.06492159923426274
25.343085634552644	0.060556741399295046
27.173207378323355	0.056485344972305486
29.135241296444903	0.05268767973498486
31.23869551724836	0.04914534198591495
33.49376349981307	0.0458411653551862
35.91137343205754	0.04275913761519424
38.5032411893665	0.039884323084475724
41.28192711039563	0.03720279024854736
44.260896865191874	0.034701544246995814
47.45458671060045	0.032368463899646024
50.87847344919014	0.03019224296663365
54.549149430720874	0.02816233535772485
58.48440295961735	0.026268904025363575
62.70330449810458	0.024502773293780953
67.22629908275402	0.022855384393149047
72.07530540229398	0.02131875398329639
77.27382201682214	0.01988543546598803
82.8470412331636	0.018548482898287637
88.82197118822234	0.01730141733212353
95.22756673194777	0.016138195416938325
102.09486974418304	0.015053180113268982
109.45715956537857	0.01404111337533339
117.35011427016703	0.0130970906702419
110	119
0.001014440098887036	799.9999999999992
0.0010192585202821087	680.3796591934677
0.0010235403318430627	578.6456008052744
0.001027327083131139	492.12337083711355
0.0010306611737080525	418.5384141641201
0.001033584775619209	355.9562794854483
0.0010361389370344637	302.7317651551053
0.0010383628798052186	257.46566900408357
0.0010402934877395099	218.96800516377084
0.0010419649703415365	186.22672090949996
0.001043408678991728	158.3810911314034
0.0010446530487355128	134.69909100834184
0.0010457236382498316	114.55815204240699
0.0010466432422454508	97.42879555555797
0.0010474320536502137	82.86071339465063
0.0010481078566620791	70.47092992497493
0.001048686235612228	59.93373410675152
0.0010491807881797613	50.97211698217942
0.0010496033346505717	43.35048947588096
0.001049964117533241	36.8684890693374
0.0010502719879323566	31.355712534967303
0.0010505345766798654	26.667236260386762
0.0010507584494059538	22.679806398092015
0.0010509492455677489	19.288598684634604
0.001051111802018541	16.40446274921406
0.0010512502620564938	13.951578468202758
0.0010513681710935395	11.865462754258402
0.0010514685601758363	10.091274381143883
0.001051554018600788	8.58237228033805
0.001051626756838213	7.299089408959838
0.00105168866089359	6.207689955613424
0.0010517413391638822	5.279482470473722
0.0010517861627403053	4.490065604973492
0.001051824300014933	3.818686632585223
0.0010518567463529333	3.2476958870562327
0.0010518843495026897	2.76208277599918
0.0010519078313333619	2.349081172248084
0.0010519278064142201	1.9978338092399304
0.0010519447978827598	1.6991068578198154
0.0010519592509885872	1.4450471810709107
0.0010519600623521551	1.4307297789394178
0.0012602772809999633	1.4307297789394178
0.0015098470767542869	1.4307297789394178
0.001808838602069138	1.4307297789394178
0.002167038727769051	1.4307297789394178
0.00259617239607728	1.4307297789394178
0.0031102864124133737	1.4307297789394178
0.003726209238592986	1.4307297789394178
0.004464101837811838	1.4307297789394178
0.005348117602188091	1.4307297789394178
0.006407192964229966	1.4307297789394178
0.007675994571264147	1.4307297789394178
0.009196054026625983	1.4307297789394178
0.011017127341023723	1.4307297789394178
0.013198823592912872	1.4307297789394178
0.015812556108718453	1.4307297789394178
0.01894388003076474	1.4307297789394178
0.022695292788377192	1.4307297789394178
0.027189589139800567	1.4307297789394178
0.03257388060531037	1.4307297789394178
0.039024410859369044	1.4307297789394178
0.046752324703755684	1.4307297789394178
0.0560105794571051	1.4307297789394178
0.06710222499093545	1.4307297789394178
0.08039032344206433	1.4307297789394178
0.09630983330273657	1.4307297789394178
0.11538184688963993	1.4307297789394178
0.13823064722598827	1.4307297789394178
0.1656041426585216	1.4307297789394178
0.19839834809445897	1.4307297789394178
0.23768671420119597	1.4307297789394178
0.28475526459959877	1.4307297789394178
0.34114469119443747	1.4307297789394178
0.408700785545765	1.4307297789394178
0.4896348570481552	1.4307297789394178
0.586596115582268	1.4307297789394178
0.7027583879355307	1.4307297789394178
0.8419240064750847	1.4307297789394178
1.0086482706544182	1.4307297789394178
1.220878532607004	1.416432385406142
1.3802467885483605	1.2561498851279163
1.559932728402891	1.1140048407283718
1.7625310346805778	0.9879448303574624
1.9909671713919543	0.8761496827894145
2.2485396361000833	0.7770051961041604
2.5389675953492428	0.6890798303444403
2.8664445920029027	0.6111040376155601
3.235699100497607	0.5419519311766376
3.652062804755111	0.48062502884469394
4.121547584900846	0.42623783598378445
4.650932324608897	0.3780050599130284
5.247860792639355	0.3352302711232987
5.920952011993576	0.29729584758271915
6.679924710391236	0.26365405693753474
7.535737649070228	0.23381914784490723
8.50074785615985	0.20736033624497346
9.588889049388111	0.18389558530146272
10.815872824386778	0.163086089199893
12.199415513561386	0.14463138115531424
13.759493991143446	0.12826499499448116
15.518634117989436	0.11375061767036014
17.502235990971162	0.10087867715540924
19.73894069321797	0.08946331644647382
22.261043840697553	0.07933970998917617
25.1049618963089	0.07036168377384917
28.31175798456703	0.06239960473975216
31.927734799081737	0.0553385090128334
36.005103163780014	0.049076441950802206
40.60273590118183	0.043522986027540254
45.7870178927778	0.03859795530108721
51.63280460547024	0.03423023761471734
58.224502924171176	0.030356767813734576
65.65728989662017	0.026921617152338345
74.03848698779002	0.023875185742573118
83.48910968663846	0.021173486385191207
94.14561483986455	0.018777509441715495
106.1618709422941	0.01665265957713607
119.71137983277158	0.014768256240410485
134.98978187446306	0.0130970906702419
160	120
0.0010544944012359954	799.9999999999992
0.001059191417508174	706.3602864267582
0.0010635140973231487	623.681067801113
0.0010674794335993746	550.6794221136762
0.0010711057332481325	486.22259291692296
0.001074412241193131	429.31041249994877
0.0010774187798304488	379.0597824243158
0.0010801454142588735	334.69097060763073
0.0010826121511861673	295.5155123285699
0.0010848386768286214	260.92552741494876
0.0010868441366001873	230.38428785109457
0.0010886469571185218	203.41788944340502
0.001090264709162492	179.60789831446286
0.0010917140087625683	158.58485812238965
0.001093010452600663	140.02255725784755
0.0010941685833071313	123.63296706357553
0.0010952018800098387	109.16177253352156
0.0010961227695409344	96.38442614203836
0.0010969426539651547	85.10266357096124
0.0010976719504898521	75.14142726958035
0.0010983201402908966	66.34615011082018
0.0010988958232928737	58.58035699448959
0.0010994067764408773	51.723547182011714
0.0010998600134702811	45.66932450311721
0.0011002618446054205	40.32374642117301
0.001100617934990074	35.60386633982463
0.0011009333609702753	31.4364465321232
0.0011012126636144378	27.75682172083754
0.0011014598990712777	24.50789567628406
0.0011016786855377217	21.639255262021376
0.0011018722467425238	19.106388181178957
0.0011020434519528972	16.869992285298007
0.0011021948525861093	14.895365728325363
0.0011023287155610608	13.151868502864014
0.0011024470535604494	11.612447003412614
0.0011025516523962373	10.253214239307596
0.001102644095682498	9.053079183590278
0.0011027257870235175	7.993419506456195
0.0011027979699226264	7.057792615137046
0.0011028617456110387	6.231680516461074
0.0011028665097005163	6.169989734618664
0.001274002859437562	6.169994200231532
0.0014716951431373426	6.169994200231532
0.0017000641547148694	6.169994200231532
0.0019638701286905434	6.169994200231532
0.002268611964828978	6.169994200231532
0.0026206418498746693	6.169994200231532
0.0030272976656156667	6.169994200231532
0.00349705594325312	6.169994200231532
0.0040397085523318855	6.169994200231532
0.004666566807221983	6.169994200231532
0.005390697245645483	6.169994200231532
0.006227193993930851	6.169994200231532
0.0071934933963083555	6.169994200231532
0.008309737466532277	6.169994200231532
0.009599193737791853	6.169994200231532
0.01108874026246645	6.169994200231532
0.01280942587129506	6.169994200231532
0.014797117370274383	6.169994200231532
0.017093247165771583	6.169994200231532
0.019745676901712708	6.169994200231532
0.022809695110919025	6.169994200231532
0.026349169676120606	6.169994200231532
0.03043787912310329	6.169994200231532
0.03516105049611002	6.169994200231532
0.04061713587171744	6.169994200231532
0.04691986454170567	6.169994200231532
0.05420061364161676	6.169994200231532
0.0626111466395342	6.169994200231532
0.07232677676747275	6.169994200231532
0.08355002133547812	6.169994200231532
0.09651482310073316	6.169994200231532
0.11149142668393691	6.169994200231532
0.12879201167934642	6.169994200231532
0.14877719987776167	6.169994200231532
0.17186357224216775	6.169994200231532
0.19853235232352182	6.169994200231532
0.2293394371180203	6.169994200231532
0.2649269844539026	6.169994200231532
0.3060367984409061	6.1699813351818324
0.3093203262327058	6.108280902273722
0.36532403290436827	5.2178268494171505
0.43083290897589366	4.457181564843246
0.5074786217033116	3.8074217629888665
0.5971692804719451	3.252382760357906
0.7021371147220957	2.7782563315416553
0.8249941411079585	2.3732471890552937
0.9687972329886615	2.0272795409174815
1.1371242278121947	1.7317464257309776
1.3341629760487892	1.4792955892381716
1.5648155534678718	1.2636465754019457
1.834820233474433	1.0794344816152728
2.1508942566214047	0.9220764909914845
2.520900950897658	0.7876578613339154
2.9540453616022284	0.672834534425677
3.4611032584904162	0.5747499427596008
4.054689217979079	0.4909639440314049
4.749570450132717	0.41939211543287447
5.56303417807013	0.35825389751229997
6.515317709624378	0.30602829752839217
7.630111900686554	0.2614160502884989
8.93515053545851	0.22330729511083466
10.462900286247518	0.19075396478022327
12.251368417628049	0.1629461995915296
14.345048329018924	0.13919219971083593
16.79602645884975	0.11890101462267165
19.665278087826987	0.10156784150024603
23.024184278224933	0.08676146675246349
26.956307687531243	0.07411353831931727
31.559471435034215	0.06330940183250126
36.948192739268855	0.05408027266381951
43.25653187020483	0.04619654911810616
50.64142729223226	0.039462100416689516
59.28659996942468	0.03370938736821231
69.4071239641414	0.028795294339163273
81.25477703603549	0.02459756883214519
95.12430435333218	0.021011780095931517
111.36075114459592	0.017948721103803515
130.36804671223396	0.015332189266748533
152.61905336028636	0.0130970906702419
210	119
0.001105899734530033	799.9999999999992
0.0011107877444729508	727.0846236955381
0.0011154170575798721	660.8150625181008
0.0011197920660204958	600.5855888291466
0.0011239181098595032	545.8456835635044
0.0011278013932967458	496.0950042870058
0.001131448892121574	450.87881188656627
0.0011348682546396549	409.78381409104446
0.0011380676984461466	372.43438783113703
0.0011410559054312332	338.48914590934953
0.0011438419173169351	307.6378165981546
0.0011464350338491528	279.59840764473296
0.0011488447155218685	254.11462876030222
0.0011510804924113824	230.95354903464482
0.0011531518803681322	209.90346786375483
0.0011550683054723653	190.77197993013345
0.0011568390373263937	173.3842165489418
0.001158473131445137	157.5812473052914
0.001159979380729799	143.21862737305176
0.0011613662757743277	130.1650772371582
0.0011626419735641465	118.30128275159987
0.001163814273982441	107.51880456518313
0.0011648906034386916	97.71908694683759
0.0011658780048729427	88.81255695076628
0.0011667831333628403	80.71780568748312
0.001167612256562211	73.36084421726648
0.001168371259224532	66.67442726462278
0.0011690656511061457	60.597438572267166
0.0011697005775972357	55.07433227653799
0.0011702808324893577	50.054625198212015
0.0011708108723524	45.492435408078926
0.0011712948320589695	41.34606284959583
0.0011717365410573082	37.57760818536303
0.0011721395400541264	34.152626383541275
0.0011725070978242434	31.039811877864295
0.0011728422279147276	28.21071242349654
0.0011731477050564965	25.6394690332763
0.0011734260811362925	23.302579617266353
0.0011736797006166178	21.17868416519429
0.001173910715320967	19.24836950827116
0.0011739335525205775	19.057779228758715
0.0013169969437504042	19.057779228758715
0.0014774949963085782	19.057779228758715
0.0016575524145867736	19.057779228758715
0.001859552833658887	19.057779228758715
0.0020861703743050926	19.057779228758715
0.0023404050435420908	19.057779228758715
0.0026256224492986683	19.057779228758715
0.002945598354987121	19.057779228758715
0.003304568663792627	19.057779228758715
0.003707285494382324	19.057779228758715
0.0041590800903751725	19.057779228758715
0.004665933396380409	19.057779228758715
0.005234555234903918	19.057779228758715
0.005872473132281739	19.057779228758715
0.006588131969535683	19.057779228758715
0.00739100577734849	19.057779228758715
0.008291723155122043	19.057779228758715
0.009302207974440507	19.057779228758715
0.010435837229598267	19.057779228758715
0.011707618124848407	19.057779228758715
0.013134386742687406	19.057779228758715
0.014735030923185021	19.057779228758715
0.016530740304879558	19.057779228758715
0.018545286837328392	19.057779228758715
0.02080533947879301	19.057779228758715
0.023340817245088265	19.057779228758715
0.026185285283324554	19.057779228758715
0.029376399213844256	19.057779228758715
0.03295640362263734	19.057779228758715
0.03697269130337538	19.057779228758715
0.04147843065241889	19.057779228758715
0.04653326952237465	19.057779228758715
0.052204124851953276	19.057779228758715
0.05856606852540053	19.057779228758715
0.06570332118868139	19.057779228758715
0.07371036717874863	19.057779228758715
0.08269320532554626	19.057779228758715
0.09277075218510732	19.057779228758715
0.10527528671328906	18.867213676424235
0.12977705577597232	15.657403511045361
0.15918229433324108	12.993666627840827
0.1945267920999662	10.783101573409741
0.23704920969777712	8.948611879370128
0.2882361880112499	7.426217217972724
0.34987518908907056	6.162822000991323
0.42411738272864286	5.114363598735524
0.5135529859188402	4.244275595800679
0.6213017874862296	3.522212487505379
0.7511220696047799	2.9229913390670075
0.9075417546894367	2.425713496436997
1.096016368475189	2.0130357172644744
1.3231193383507218	1.670565301687411
1.5967712698155412	1.386358127313493
1.9265162010555572	1.150502081676667
2.3238544726911083	0.9547713638086746
2.802643823447973	0.7923395982218362
3.379582701454467	0.6575417557623201
4.074792647921111	0.5456765779992531
4.912520065033038	0.45284261443102414
5.921981843435724	0.3758021540829371
7.1383843419045	0.3118683059252742
8.604151257622794	0.25881128988748514
10.370403210799358	0.21478067023993627
12.498740646209047	0.17824081912644146
15.063392232815008	0.14791735945033638
18.153803689861867	0.12275271923677024
21.877757328294717	0.10186924736903878
26.36513110577338	0.08453860431000465
31.772428297455647	0.07015636026830668
38.28823576099587	0.05822091488579212
46.13980116019163	0.048316003241547084
55.60095853691826	0.040096178045578426
67.00167864647315	0.03327476169386991
80.73957713728979	0.02761384799631618
97.29378193847073	0.02291600487417261
117.24164349917588	0.019017388647288854
141.27887067223526	0.01578202976251062
170.2437945083624	0.0130970906702419
260	118
0.0011718859057741286	799.9999999999992
0.0011772870206936752	744.0552512531631
0.0011825289519079346	692.0227711467578
0.0011876101795517098	643.6289710731393
0.0011925295712084348	598.6193947320478
0.0011972863884161919	556.7573801904632
0.001201880290312716	517.8228155058335
0.0012063113342749845	481.61098136976705
0.0012105799734587093	447.931474686706
0.0012146870511977384	416.60720742777
0.001218633792281568	387.47347549568536
0.0012224217911886272	360.37709270484714
0.001226052997411952	335.17558532298716
0.0012295296980698752	311.73644293927566
0.0012328544980457858	289.93642171993787
0.0012360302979458181	269.6608963878395
0.0012390602702001098	250.80325751875822
0.001241947833661031	233.26435098528944
0.0012446966270696005	216.95195660095635
0.0012473104817690957	201.78030322323758
0.0012497933940428627	187.669617765882
0.0012521494974418118	174.54570574922255
0.0012543830354474293	162.3395611829982
0.0012564983347890966	150.98700373042956
0.0012584997797018187	140.42834124575893
0.0012603917873733965	130.60805591084724
0.0012621787847903224	121.47451232054088
0.001263865187150564	112.97968598189448
0.0012654553779703546	105.07891079970216
0.0012669536909724454	97.73064422060146
0.0012683643938056542	90.89624880086616
0.0012696916736112556	84.53978904937317
0.0012709396244208707	78.62784247752589
0.001272112236343778	73.12932386263701
0.0012732133864790185	68.01532180073532
0.0012742468314691448	63.258946689388516
0.001275216201598348	58.83518934122933
0.0012761249963269827	54.72078948476971
0.0012769765811477597	50.894113461077175
0.001277774185644828	47.335040473235914
0.0013978908999811557	46.86636792300918
0.0015291729601018822	46.86636792300918
0.0016727842937802049	46.86636792300918
0.0018298827971240785	46.86636792300918
0.002001735109338977	46.86636792300918
0.0021897268252687044	46.86636792300918
0.002395373667040669	46.86636792300918
0.0026203337048893143	46.86636792300918
0.002866420725690639	46.86636792300918
0.003135618856994368	46.86636792300918
0.003430098564463075	46.86636792300918
0.0037522341517009137	46.86636792300918
0.004104622903567946	46.86636792300918
0.00449010602732702	46.86636792300918
0.004911791560465498	46.86636792300918
0.005373079429890927	46.86636792300918
0.005877688864545589	46.86636792300918
0.006429688382459756	46.86636792300918
0.007033528594020612	46.86636792300918
0.0076940780859398325	46.86636792300918
0.008416662675241856	46.86636792300918
0.009207108349766149	46.86636792300918
0.010071788241400287	46.86636792300918
0.011017674010775101	46.86636792300918
0.012052392057721868	46.86636792300918
0.013184285010699614	46.86636792300918
0.014422478990964308	46.86636792300918
0.01577695719381062	46.86636792300918
0.017258640380150785	46.86636792300918
0.01887947492741015	46.86636792300918
0.020652529149668416	46.86636792300918
0.022592098663647208	46.86636792300918
0.02471382165007934	46.86636792300918
0.02703480493977839	46.86636792300918
0.02957376194100355	46.86636792300918
0.03235116352018776	46.86636792300918
0.035389403052536086	46.86636792300918
0.03871297697324928	46.86636792300918
0.042906421620287315	46.39771293911241
0.055730807441675356	37.62602362740787
0.071292958929607	30.51266030866866
0.0903211850651629	24.744109245549375
0.113673869283129	20.066127835524572
0.14239040008608897	16.27253914521242
0.17774198822186613	13.196144886692224
0.22128990267298135	10.70135633514865
0.27495535480616623	8.678218403566783
0.341104731952108	7.03756349208226
0.42265419900393925	5.707081523176811
0.5231983991291124	4.628132953802912
0.6471689856993166	3.75316430141922
0.8000300037465903	3.043612276063295
0.9885187491640522	2.4682041453661556
1.2209427308466592	2.001579422948807
1.5075458296203996	1.623172132618614
1.8609597953216206	1.3163043853778866
2.29676098326914	1.067451319639043
2.8341568689123737	0.8656450076871972
3.496832598805869	0.7019910562171175
4.313994889203387	0.5692765956398789
5.321659281269699	0.46165238071508685
6.564237487475842	0.374374991440413
8.096494789865481	0.30359777198356597
9.985963760468996	0.24620129351790815
12.31592068601458	0.19965586879594163
15.189055879646059	0.16191005894029858
18.731999644659453	0.13130025851052682
23.10090336719242	0.10647737390601564
28.488321718455335	0.0863473635355598
35.13169929207372	0.07002301912632823
43.323835715840765	0.05678486298596554
53.42579047627854	0.04604943780726643
65.88279622209207	0.0373435914231121
81.2438819080266	0.030283623140265094
100.1860706478126	0.024558372549406307
123.54421877020162	0.019915505469143585
152.34781120197283	0.016150392591917757
187.86633489432512	0.013097090670241888
310	120
0.0012590835196248159	799.9999999999992
0.0012654068212692381	758.3305426069417
0.0012716770599369973	718.8315148131712
0.0012778921666507736	681.3898658390531
0.001284050081584261	645.8984333607509
0.001290148757399463	612.255636799288
0.001296186162757	580.3651865852039
0.001302160285990379	550.1358085666692
0.0013080691389331807	521.480982772339
0.0013139107608861006	494.31869578118676
0.0013196832227090215	468.57120599062756
0.00132538463102145	444.16482111107734
0.0013310131324932102	421.0296872500985
0.0013365669182057323	399.0995889824966
0.0013420442280630477	378.3117598341303
0.001347443355230525	358.6067026370041
0.00135276265057833	339.92801924150604
0.0013580005271058527	322.2222490983929
0.0013631554643227226	305.4387162485171
0.001368226012561438	289.5293842823812
0.0013732107971963614	274.4487188543901
0.0013781085227435974	260.1535573582863
0.0013829179768162332	246.60298539079446
0.0013876380339093383	233.75821964986625
0.0013922676589896163	221.5824969323941
0.0013968059108646486	210.04096891367942
0.001401251945307449	199.10060240749803
0.0014056050179126081	188.73008482130814
0.0014098644866612359	178.89973453599606
0.0014140298141729838	169.58141595364975
0.0014181005696247283	160.74845897023047
0.001422076430317011	152.37558264265584
0.00142595718287111	144.4388228318177
0.001429742724041611	136.91546361444992
0.001433433061131549	129.78397226753358
0.001437028311999846	123.02393763915344
0.0014405287046532695	116.61601172942733
0.0014439345764183271	110.54185431429272
0.001447246372691523	104.7840804536686
0.0014504646452697062	99.32621073375
0.0014510530237070677	98.34278310551971
0.0015492507843533382	98.3427829631206
0.0016540939260011305	98.3427829631206
0.0017660321644928883	98.3427829631206
0.0018855456494925216	98.3427829631206
0.0020131470240470216	98.3427829631206
0.002149383623525711	98.3427829631206
0.002294839823369308	98.3427829631206
0.00245013954571925	98.3427829631206
0.002615948935679262	98.3427829631206
0.0027929792186887925	98.3427829631206
0.0029819897512647405	98.3427829631206
0.003183791278197391	98.3427829631206
0.003399249410172053	98.3427829631206
0.0036292883367333205	98.3427829631206
0.0038748947905184196	98.3427829631206
0.004137122279763928	98.3427829631206
0.0044170956072407805	98.3427829631206
0.004716015695001188	98.3427829631206
0.005035164735632848	98.3427829631206
0.005375911692116245	98.3427829631206
0.005739718169876285	98.3427829631206
0.006128144686215872	98.3427829631206
0.00654285736402373	98.3427829631206
0.006985635078468432	98.3427829631206
0.007458377087333928	98.3427829631206
0.00796311117772613	98.3427829631206
0.00850200236409525	98.3427829631206
0.009077362174883247	98.3427829631206
0.009691658567630814	98.3427829631206
0.010347526515073726	98.3427829631206
0.011047779307636924	98.3427829631206
0.011795420620807264	98.3427829631206
0.012593657399147045	98.3427829631206
0.013445913612213069	98.3427829631206
0.014355844941386245	98.3427829631206
0.015327354460609574	98.3427829631206
0.016364609378295703	98.3427829631206
0.017472058912217075	98.3427829631206
0.01865445337405158	98.34278284536255
0.018981941774985675	97.35935507565607
0.026883815259835152	77.4668820971051
0.03625847936889688	61.638841148685
0.047765162045652926	49.044787079339585
0.06206125799119018	39.02395137273076
0.0799192230835907	31.05057380058991
0.10228667987248898	24.706317516057663
0.13034269301078738	19.65832029785746
0.16556227766571321	15.641730366412762
0.20979499171308805	12.44581048372809
0.26536256913743256	9.902881264945389
0.3351810438932236	7.87952359356758
0.42291391391434546	6.269578560066734
0.533164448289434	4.988577653722248
0.6717172608637647	3.96931097820905
0.8458418424402113	3.158300969811486
1.0646739865058934	2.5129966058776336
1.3396951260219772	1.9995408928774288
1.6853347335966267	1.5909945015197322
2.119727392809651	1.2659223489165177
2.6656642628081504	1.0072689704178954
3.351788857037156	0.8014636755841282
4.21409987507183	0.6377085387772098
5.29783993642885	0.5074118675846044
6.6598693121465695	0.40373742503022203
8.371649196101297	0.3212457547474593
10.522991038533162	0.2556087906280667
13.226768656993036	0.20338277745555036
16.624840353667015	0.16182758841703138
20.89549175307395	0.12876295967880355
26.26278986131289	0.10245409912751474
33.008339123530675	0.08152066754457016
41.48605628120979	0.06486435675590843
52.14073921735268	0.05161126502132041
65.53140403568267	0.04106604628987298
82.36061479350569	0.03267542768396274
103.51134472266763	0.025999181094605955
130.09330292540398	0.020687025863226273
163.50115715415592	0.016460250709764826
205.48770743274721	0.013097090670241888
360	120
0.0013800611654502923	799.9999999999992
0.0013877784911240849	770.8331889598004
0.0013955724430925532	742.7297565024173
0.0014034464275976483	715.6509334251186
0.0014114041335049293	689.5593639926782
0.001419449563133169	664.4190544044582
0.0014275870672569569	640.1953231403052
0.0014358213849627076	616.8547531167397
0.0014441576891732295	594.3651455874821
0.001452601638822439	572.695475724694
0.0014611594388688285	551.8158498196453
0.0014698379095952532	531.697464043798
0.0014786445669686741	512.3125647134001
0.001487587716246875	493.6344100027558
0.0014966765615470712	475.6372330533911
0.001505921334770798	458.296206428202
0.0015153334481610278	441.58740786153777
0.001524925675922018	425.4877872580004
0.0015347123718579313	409.97513489441735
0.0015447097320242865	395.02805078111055
0.0015549361141372882	380.62591514022074
0.0015654124292464248	366.74885996034874
0.0015761626263807748	353.37774158825897
0.001587214298188793	340.4941143198615
0.0015985994460144422	328.08020495402747
0.0016103554579708014	316.11888827412264
0.0016225263759149686	304.5936634234602
0.0016351645609391523	293.48863114206773
0.0016483329190470164	282.7884718333586
0.0016621079311748524	272.4784244304699
0.001676583866332088	262.5442660331016
0.0016918787837850236	252.97229228675766
0.0017081433285593903	243.74929847733952
0.0017255740552296877	234.86256131500255
0.0017444344283982162	226.2998213821378
0.0017650895629134342	218.04926622128255
0.0017880672690767376	210.09951403961986
0.0018141739931624356	202.43959800758086
0.0018447392789272018	195.05895112990402
0.0018822144343406523	187.9473916682724
0.0018939917091417664	186.08652590737756
0.0019589377766023415	186.08652590737756
0.0020261108821530167	186.08652590737756
0.0020955873922136347	186.08652590737756
0.002167446291852593	186.08652590737756
0.002241769274581816	186.08652590737756
0.002318640835230837	186.08652590737756
0.002398148366005606	186.08652590737756
0.002480382255841187	186.08652590737756
0.0025654359931613314	186.08652590737756
0.00265340627216173	186.08652590737756
0.0027443931027377813	186.08652590737756
0.002838499924181847	186.08652590737756
0.002935833722779247	186.08652590737756
0.003036505153436698	186.08652590737756
0.0031406286654814524	186.08652590737756
0.003248322632774161	186.08652590737756
0.003359709488283396	186.08652590737756
0.0034749158632747953	186.08652590737756
0.0035940727312730883	186.08652590737756
0.003717315556960665	186.08652590737756
0.0038447844501819615	186.08652590737756
0.00397662432522874	186.08652590737756
0.004112985065587366	186.08652590737756
0.004254021694335344	186.08652590737756
0.004399894550380871	186.08652590737756
0.004550769470745722	186.08652590737756
0.004706817979098751	186.08652590737756
0.0048682174807542855	186.08652590737756
0.005035151464357142	186.08652590737756
0.005207809710483537	186.08652590737756
0.0053863885073950415	186.08652590737756
0.005571090874190862	186.08652590737756
0.00576212679161214	186.08652590737756
0.00595971344076068	186.08652590737756
0.00616407545000344	186.08652590737756
0.006375445150343575	186.08652590737756
0.006594062839548262	186.08652590737756
0.006820177055333627	186.08652590737756
0.007054044857917343	186.08652590737756
0.007402821367881104	184.22566114018738
0.013544314480739351	144.2071038247697
0.019793066754400315	112.88160761547398
0.02733325600875597	88.3608157982101
0.036741814417579344	69.16657136139995
0.04862582801975949	54.1418110581606
0.0637182634006649	42.38081557261435
0.08293672441240663	33.17461114609735
0.1074437005685284	25.968231376036172
0.13871863590137773	20.32726285259503
0.17864801242116346	15.911657944475753
0.22963950979957912	12.455236121949207
0.29476737108457046	9.749638120354877
0.3779578451921795	7.631765672460097
0.484225935532647	5.973949654371408
0.6199777515042989	4.67625396331911
0.7933967021796886	3.6604511913581925
1.0149368196402626	2.8653069378647142
1.2979529542468287	2.24288849078449
1.6595058333309207	1.7556753573641242
2.1213905149391916	1.3742974620095902
2.711450234389008	1.0757646658101871
3.465254845078715	0.8420808800108428
4.4282450332116445	0.6591592297240894
5.658471563670755	0.5159728720177809
7.230094683757322	0.40389027818015216
9.23785463514058	0.31615490979304667
11.80278276447613	0.24747792256011114
15.079497508635319	0.1937193453511737
19.265525069544662	0.15163851536765724
24.613206645525874	0.11869872521623151
31.444910008257523	0.09291430566830493
40.17246240631843	0.07273092598169414
51.32197624535651	0.05693189607463356
65.5655640811099	0.04456482228025907
83.76185476155587	0.0348841953597952
107.00775310341166	0.027306449877606987
136.70456326849015	0.021374785837188402
174.64246187482968	0.016731631963638773
223.10841303221204	0.013097090670241888
410	89
0.0015586483681816795	800.0
0.001583261325241698	754.3336619769813
0.0016082629508863719	713.118486828691
0.0016336593826662762	675.9372930452624
0.0016594568550513849	642.4114525083996
0.00168566170096155	612.1963320926963
0.001712280353321149	584.9773677709962
0.001739319346638271	560.4667410190216
0.0017667853186088486	538.4006142869608
0.0017946850117461289	518.5368710806391
0.0018230252750358522	500.6532982340215
0.0018518130656175913	484.5461436547333
0.0018810554504926351	470.0289812894328
0.001910759608258829	456.93181442639053
0.0019409328308728263	445.1003469037111
0.001971582525440168	434.395348868593
0.00200271621603361	424.6920412614396
0.002034341545540188	415.8794250280747
0.0020664662775374413	407.85949146955727
0.002099098298199254	400.5462715490499
0.0021322456182318065	393.86471318568124
0.002165916374840096	387.74941145694794
0.0022001188337254945	382.1432496110228
0.00223486139111488	376.9960313230272
0.0022701525758217775	372.2631917373094
0.002306001051340073	367.9046655665922
0.0023424156179707757	363.8839679332279
0.002379405214982378	360.16751355865983
0.0024169789228053063	356.72416903152305
0.0024551459652610574	353.52500700561257
0.002493915711826503	350.54321401408106
0.0025332976799339706	347.7540964004968
0.002573301537307651	345.13513077828543
0.0026139371043368727	342.6660141258845
0.002655214356486878	340.32868119558407
0.002697143426747669	338.1072705639622
0.0027397346081215	335.98803317159445
0.002782998356149675	333.95918717501047
0.002826945291479241	332.01072973839507
0.0028715862024701992	330.1342200407688
0.0029169320478439	328.3225487149395
0.002962993959373265	326.56970784064976
0.0030097832446154696	324.8705732132269
0.003057311389687794	323.2207075621891
0.003105590062087315	321.6161902310114
0.004011127681904794	299.22078431450205
0.005180704780375674	277.5219587385052
0.006691310810794677	252.48788208138612
0.008642384050961313	224.0780159650168
0.01116235730132523	193.80678380383927
0.014417112198177472	163.73194900433148
0.018620898661805108	135.62611751903557
0.02405043827133759	110.59342998127894
0.031063139945542655	89.08736771516715
0.040120627008544824	71.09549520810374
0.0518191243506197	56.33437488089533
0.06692870597194538	44.3966183774749
0.0864439864473617	34.84437800877862
0.1116495931662557	27.261332615948977
0.14420472917200663	21.27723249660328
0.18625239309744973	16.576068203922528
0.2405604457891874	12.895331316488644
0.31070380957744026	10.020982061894395
0.40129979377629366	7.780790194739606
0.5183120371260127	6.037487592185413
0.6694430747190369	4.68243848053278
0.8646413708125434	3.6301165600121132
1.116756193847194	2.8134537009101526
1.4423834419628478	2.180012784643871
1.8629580969517032	1.6888887162043693
2.4061652193365237	1.3082274527768079
3.107762365787058	1.013256137011917
4.013933392680961	0.784728539977033
5.184328589035767	0.6077038166777181
6.6959912608669105	0.47059038533154884
8.648429241238587	0.3643993118870428
11.170165167005747	0.2821624428400243
14.427196705643556	0.21847961681449005
18.63392364135713	0.1691667281128828
24.067261114981715	0.13098242204436136
31.084868046315922	0.10141599884420277
40.14869065659377	0.07852290486912755
51.8553708845453	0.060797185992934766
66.97552138308954	0.047072629525345175
86.50445244185097	0.036446160466557784
111.72769002368393	0.028218493475306278
144.3055977542853	0.02184816021141211
186.3826732550117	0.01691590161775374
240.72871344072945	0.013097090670241908
460	89
0.0018422097867541087	800.0000000000019
0.0018642053295476987	781.4123199323222
0.0018864634938441506	763.9258200380052
0.0019089874152811881	747.4617100015698
0.0019317802669353012	731.9465525216125
0.0019548452597687475	717.3120726772746
0.001978185643081904	703.4949756943292
0.0020018047049710163	690.4367625569582
0.002025705772791408	678.0835335268611
0.0020498922136262263	666.385771138604
0.002074367434760789	655.2980967166126
0.002099134884162577	644.7789977803328
0.002124198050966976	634.7905275450909
0.0021495604659688135	625.2979816181971
0.0021752257021197567	616.2695604114124
0.0022011973750316635	607.6760282731105
0.0022274791434859255	599.4903815595815
0.002254074709948907	591.6875376867057
0.002280987821093532	584.2440557122297
0.0023082222683271014	577.1378964579991
0.0023357818883254066	570.3482269745679
0.0023636705635732337	563.855270710427
0.0023918922229112984	557.6402014857509
0.0024204508420897354	551.6850766194606
0.002449350444328181	545.9728025415012
0.0024785951008825463	540.4871250405953
0.0025081889316185685	535.2126359401311
0.002538136105592185	530.1347883613837
0.0025684408416368648	525.2399136643982
0.0025991074089579337	520.5152344662666
0.0026301401277340074	515.9488696367619
0.002661543369725593	511.52982869600686
0.0026933215588909776	507.2479944548777
0.0027254791720094404	503.0940939529754
0.002758020739311934	499.0596587068443
0.002790950845119282	495.1369759639095
0.002824274128487994	491.31903307396755
0.0028579952838638113	487.59945726892903
0.0028921190617430216	483.97245312401714
0.002926650269341701	480.4327398060955
0.002961593771272933	476.975489943804
0.002996954490232113	473.5962716221848
0.003032737407690436	470.2909946478507
0.0030689475645966752	467.0558618781723
0.003105590062087315	463.88732608087435
0.004017572519273716	406.2903208887692
0.005197366241175703	357.97155486247493
0.006723616242226808	311.74581897798726
0.008698062302130513	266.8690061670383
0.011252320936551131	224.30940410323058
0.014556658950135798	185.35175063705182
0.018831343416651224	150.94547603521846
0.024361324675573635	121.48161703967011
0.03151523111324846	96.86319816939452
0.04076994192016679	76.67873995646778
0.05274237584362878	60.36480792548906
0.06823061497310115	47.32043965782581
0.08826710486857875	36.974524038589685
0.11418747735092509	28.81880793709286
0.14771958367935054	22.419265672255644
0.19109867306499226	17.41531460844531
0.24721639431688783	13.513039546872713
0.3198135530656328	10.476090487601127
0.4137294737555249	8.116266570918024
0.5352245888681748	6.284787138789525
0.6923977591656453	4.864666332620009
0.8957261435081146	3.764289469568919
1.1587636059520752	2.9121294848917185
1.4990442159254582	2.2524718805229775
1.939251068774516	1.741995730701445
2.5087283402253586	1.3470623102987567
3.245437368265634	1.0415782174647388
4.1984871548064095	0.8053190485348533
5.431407970289827	0.6226189353234213
7.026386279628408	0.48134878977008905
9.089743289513182	0.3721212453040146
11.75902231689137	0.2876729430280538
15.212157422385811	0.2223851658577307
19.679334489487	0.17191216908317042
25.458335408704514	0.13289321064048543
32.93438820953719	0.10272955045829579
42.60584634946866	0.07941183180420688
55.117408940630156	0.06138650409332064
71.30309637345223	0.04745248223493728
92.24184609109967	0.03668121318782725
119.32943452736319	0.02835485683140069
154.37151952224656	0.02191848148576411
199.70400541990983	0.01694310010006832
258.3487543828191	0.013097090670241887
