# Table format: T1D
# table_unit = barA
# axis1_unit = kJ/kg
# axis2_unit = null
# This file was automatically generated by generate_data_files.py
0.1	97
2060.331268134303	220.53746864643384
2038.8328957212666	220.23079775057656
2022.781082189569	219.7224645059828
2009.168003703353	219.01548947597527
1996.8071248072931	218.11316224940163
1985.117636425832	217.01901224325192
1973.7706434406955	215.73680409597824
1962.5633177696495	214.2705371541932
1951.3665809911058	212.62444753446366
1940.1010399191334	210.80301401590623
1928.7246114620893	208.81096888213153
1917.224339023537	206.65331288407594
1905.6086241506541	204.3353302898451
1893.8985442229384	201.86259716266758
1882.1189349725805	199.24097585862964
1870.2909845165907	196.4765922966896
1858.4277759154074	193.5757981573698
1846.53301589988	190.5451245744362
1834.6021087606434	187.39123501770314
1822.6243662055933	184.12088329948574
1810.5853780778411	180.74087973426182
1798.4690091251866	177.2580659612977
1786.2588510191558	173.67929741073144
1773.9391644436591	170.01143177370204
1761.4954244440187	166.26132179723894
1748.9145894488063	162.43581095947056
1736.1851927203445	158.54173089466218
1723.2973274203985	154.5858997326416
1710.2425725320952	150.57512075674853
1697.0138890516937	146.51618096446273
1683.6055037108956	142.41584924372088
1670.0127897073314	138.28087396755848
1656.2321492028575	134.11797987138868
1642.2608996639667	129.93386412017173
1628.0971647649208	125.73519150368641
1613.7397710103469	121.52858874126304
1599.1881460594657	117.32063780341447
1584.4422232689126	113.1178683202152
1569.5023514580864	108.92674907207964
1554.3692092317108	104.75367856419871
1539.04372490002	100.60497472759108
1523.5270025586992	96.48686379196117
1507.8202548642435	92.40546838519685
1491.924742938625	88.36679492223807
1475.841723677993	84.37672035268712
1459.572404545935	80.44097834156058
1443.1179057268105	76.56514496076508
1426.479229319508	72.75462397167189
1409.657235083579	69.01463178051505
1392.6526221187323	65.35018214962935
1375.4659157704057	61.76607074893626
1358.0974590079702	58.26685963332058
1340.547407514874	54.85686173413393
1322.8157277544078	51.540125455887186
1304.9021973235979	48.32041947352508
1286.8064069727266	45.20121783079665
1268.5277637419222	42.18568544667564
1250.0654947429828	39.2766641441442
1231.4190882143475	36.47692293898994
1212.5861123423017	33.78782741545082
1193.5665891134404	31.21196424498356
1174.3586270899493	28.750494474691223
1154.9606088184084	26.404462271416648
1135.3707551878438	24.174523377401773
1115.5871257823642	22.060938762205875
1095.6076180769924	20.063570042921405
1075.4299653470543	18.181876866126867
1055.0517331462154	16.41491644850059
1034.4703141818127	14.761345474266216
1013.6829247110245	13.219424576684665
992.6866205194045	11.787025732872191
971.4782457570459	10.461641955059223
950.0544290076479	9.240400607694713
928.41157218651	8.120079872105746
906.5458303629742	7.097128482570023
884.4530870950974	6.167688857388023
862.1289243128849	5.327623647259546
839.5685855356262	4.572545666853061
816.7669308949295	3.897851110328252
793.7183820331164	3.2987558759737534
770.4148407925633	2.770230242443001
746.8561587126984	2.307598336367523
723.0274749937666	1.9053604107804176
698.924070901353	1.5586359721609546
674.5362978314937	1.2623344539031527
649.8538159720122	1.011482320502404
624.8648621207839	0.8012331664650806
599.5559378709432	0.6269114069736272
573.9114148681732	0.48405328215820637
547.913031910925	0.36844415805200886
521.5392494861114	0.27615111683448335
494.76441398846964	0.20354988405994512
467.5576639921979	0.14734524757976777
439.8814805427599	0.10458428774930496
411.6897354837059	0.07266196172093571
382.9250133123489	0.04931886192915369
292.33549154445035	0.013097090670241902
0.2	97
2068.8069682328614	220.53746864643384
2053.212685923223	220.23079775057656
2041.8436017280435	219.7224645059828
2032.3238294596833	219.01548947597527
2023.728769812775	218.11316224940163
2015.609442586217	217.01901224325192
2007.712492430194	215.73680409597824
1999.8817020403935	214.2705371541932
1992.0175060725412	212.62444753446366
1984.0586531813442	210.80301401590623
1975.9729377443214	208.81096888213153
1967.7510349034114	206.65331288407594
1959.4004039270708	204.3353302898451
1950.938227703673	201.86259716266758
1942.384050954657	199.24097585862964
1933.7536799026982	196.4765922966896
1925.0556098633087	193.5757981573698
1916.2901811362235	190.5451245744362
1907.4507162972416	187.39123501770314
1898.5255774926395	184.12088329948574
1889.5002980740271	180.74087973426182
1880.3593356391798	177.2580659612977
1871.0873140989397	173.67929741073144
1861.6698003465585	170.01143177370204
1852.0937259499792	166.26132179723894
1842.3475667634914	162.43581095947056
1832.4213712533817	158.54173089466218
1822.3067019507937	154.5858997326416
1811.9965320326692	150.57512075674853
1801.4851225771608	146.51618096446273
1790.7678949643637	142.41584924372088
1779.841305902794	138.28087396755848
1768.7027284069075	134.11797987138868
1757.3503397563543	129.93386412017173
1745.783016371447	125.73519150368641
1734.000235978673	121.52858874126304
1722.001983455801	117.32063780341447
1709.788663178169	113.1178683202152
1697.3610171220278	108.92674907207964
1684.720047922457	104.75367856419871
1671.86694751897	100.60497472759108
1658.8030317242913	96.48686379196117
1645.5296810619989	92.40546838519685
1632.0482881554824	88.36679492223807
1618.3602118315277	84.37672035268712
1604.4667379474117	80.44097834156058
1590.3690467831677	76.56514496076508
1576.0681866797036	72.75462397167189
1561.5650534641306	69.01463178051505
1546.8603750958655	65.35018214962935
1531.9547008959262	61.76607074893626
1516.848394686724	58.26685963332058
1501.5416311683712	54.85686173413393
1486.03439488333	51.540125455887186
1470.3264811682266	48.32041947352508
1454.4174985524019	45.20121783079665
1438.3068721311251	42.18568544667564
1421.9938475118395	39.2766641441442
1405.4778735292018	36.47692293898994
1388.7567137533592	33.78782741545082
1371.8302356906295	31.21196424498356
1354.6966289829438	28.750494474691223
1337.354300998002	26.404462271416648
1319.801500589921	24.174523377401773
1302.0363196469023	22.060938762205875
1284.0566938148095	20.063570042921405
1265.860402312464	18.181876866126867
1247.4450667403378	16.41491644850059
1228.8081487599527	14.761345474266216
1209.9469512446944	13.219424576684665
1190.85864933086	11.787025732872191
1171.5402274971389	10.461641955059223
1151.9884849862785	9.240400607694713
1132.2000336961532	8.120079872105746
1112.171285791029	7.097128482570023
1091.898437964862	6.167688857388023
1071.377451519169	5.327623647259546
1050.6040271794168	4.572545666853061
1029.5735732763492	3.897851110328252
1008.2811655326208	3.2987558759737534
986.718457921638	2.770230242443001
964.8895359629929	2.307598336367523
942.7768217381522	1.9053604107804176
920.3786146958777	1.5586359721609546
897.6865081386258	1.2623344539031527
874.6918915501979	1.011482320502404
851.3850125331143	0.8012331664650806
827.7547062702214	0.6269114069736272
803.7880491233161	0.48405328215820637
779.469913241497	0.36844415805200886
754.7823908068002	0.27615111683448335
729.704044590494	0.20354988405994512
704.2089236918512	0.14734524757976777
678.2652561394733	0.10458428774930496
651.8336871610546	0.07266196172093571
624.8648615778661	0.04931886192915369
539.9694070409427	0.013097090670241902
0.3	97
2077.2826683314197	220.53746864643384
2067.59247612518	220.23079775057656
2060.906121266518	219.7224645059828
2055.4796552160133	219.01548947597527
2050.650414818257	218.11316224940163
2046.1012487466023	217.01901224325192
2041.6543414196924	215.73680409597824
2037.2000863111377	214.2705371541932
2032.6684311539761	212.62444753446366
2028.0162664435552	210.80301401590623
2023.2212640265539	208.81096888213153
2018.2777307832857	206.65331288407594
2013.1921837034874	204.3353302898451
2007.977911184408	201.86259716266758
2002.649166936733	199.24097585862964
1997.2163752888057	196.4765922966896
1991.68344381121	193.5757981573698
1986.0473463725668	190.5451245744362
1980.2993238338395	187.39123501770314
1974.4267887796855	184.12088329948574
1968.415218070213	180.74087973426182
1962.2496621531725	177.2580659612977
1955.9157771787234	173.67929741073144
1949.4004362494572	170.01143177370204
1942.6920274559393	166.26132179723894
1935.780544078176	162.43581095947056
1928.6575497864187	158.54173089466218
1921.3160764811887	154.5858997326416
1913.750491533243	150.57512075674853
1905.9563561026278	146.51618096446273
1897.9302862178317	142.41584924372088
1889.6698220982566	138.28087396755848
1881.1733076109574	134.11797987138868
1872.4397798487423	129.93386412017173
1863.4688679779733	125.73519150368641
1854.2607009469993	121.52858874126304
1844.815820852137	117.32063780341447
1835.135103087425	113.1178683202152
1825.2196827859689	108.92674907207964
1815.0708866132031	104.75367856419871
1804.69017013792	100.60497472759108
1794.0790608898835	96.48686379196117
1783.239107259754	92.40546838519685
1772.17183337234	88.36679492223807
1760.8786999850622	84.37672035268712
1749.3610713488888	80.44097834156058
1737.6201878395248	76.56514496076508
1725.6571440398993	72.75462397167189
1713.4728718446822	69.01463178051505
1701.0681280729982	65.35018214962935
1688.443486021447	61.76607074893626
1675.5993303654777	58.26685963332058
1662.535854821868	54.85686173413393
1649.2530620122523	51.540125455887186
1635.7507650128555	48.32041947352508
1622.028590132077	45.20121783079665
1608.0859805203283	42.18568544667564
1593.9222002806957	39.2766641441442
1579.5366588440559	36.47692293898994
1564.9273151644163	33.78782741545082
1550.0938822678188	31.21196424498356
1535.034630875938	28.750494474691223
1519.747993177595	26.404462271416648
1504.232245991999	24.174523377401773
1488.48551351144	22.060938762205875
1472.5057695526268	20.063570042921405
1456.2908392778738	18.181876866126867
1439.83840033446	16.41491644850059
1423.1459833380927	14.761345474266216
1406.2109777783642	13.219424576684665
1389.0306781423155	11.787025732872191
1371.6022092372314	10.461641955059223
1353.9225409649093	9.240400607694713
1335.9884952057964	8.120079872105746
1317.7967412190837	7.097128482570023
1299.3437888346266	6.167688857388023
1280.6259787254526	5.327623647259546
1261.6394688232078	4.572545666853061
1242.380215657769	3.897851110328252
1222.843949032125	3.2987558759737534
1203.022075050713	2.770230242443001
1182.9229132132878	2.307598336367523
1162.5261684825375	1.9053604107804176
1141.833158490402	1.5586359721609546
1120.8367184457582	1.2623344539031527
1099.5299671283838	1.011482320502404
1077.9051629454448	0.8012331664650806
1055.9534746694994	0.6269114069736272
1033.664683378459	0.48405328215820637
1011.0267945720691	0.36844415805200886
988.0255321274889	0.27615111683448335
964.6436751925183	0.20354988405994512
940.8601833915043	0.14734524757976777
916.6490317361868	0.10458428774930496
891.9776388384033	0.07266196172093571
866.8047098433833	0.04931886192915369
787.6033225374351	0.013097090670241902
0.4	97
2085.758368429978	220.53746864643384
2081.9722663271364	220.23079775057656
2079.968640804993	219.7224645059828
2078.635480972343	219.01548947597527
2077.5720598237394	218.11316224940163
2076.593054906987	217.01901224325192
2075.5961904091905	215.73680409597824
2074.518470581882	214.2705371541932
2073.3193562354118	212.62444753446366
2071.973879705766	210.80301401590623
2070.4695903087863	208.81096888213153
2068.8044266631605	206.65331288407594
2066.983963479904	204.3353302898451
2065.0175946651425	201.86259716266758
2062.9142829188095	199.24097585862964
2060.6790706749134	196.4765922966896
2058.311277759112	193.5757981573698
2055.80451160891	190.5451245744362
2053.1479313704376	187.39123501770314
2050.328000066732	184.12088329948574
2047.3301380663988	180.74087973426182
2044.1399886671654	177.2580659612977
2040.744240258507	173.67929741073144
2037.1310721523566	170.01143177370204
2033.2903289619	166.26132179723894
2029.213521392861	162.43581095947056
2024.8937283194557	158.54173089466218
2020.325451011584	154.5858997326416
2015.504451033817	150.57512075674853
2010.4275896280947	146.51618096446273
2005.0926774712996	142.41584924372088
1999.4983382937196	138.28087396755848
1993.6438868150078	134.11797987138868
1987.5292199411301	129.93386412017173
1981.1547195844996	125.73519150368641
1974.5211659153254	121.52858874126304
1967.6296582484724	117.32063780341447
1960.4815429966814	113.1178683202152
1953.0783484499098	108.92674907207964
1945.4217253039494	104.75367856419871
1937.5133927568697	100.60497472759108
1929.3550900554758	96.48686379196117
1920.9485334575093	92.40546838519685
1912.2953785891973	88.36679492223807
1903.3971881385971	84.37672035268712
1894.255404750366	80.44097834156058
1884.8713288958818	76.56514496076508
1875.2461014000953	72.75462397167189
1865.3806902252334	69.01463178051505
1855.2758810501311	65.35018214962935
1844.9322711469679	61.76607074893626
1834.3502660442314	58.26685963332058
1823.5300784753651	54.85686173413393
1812.4717291411741	51.540125455887186
1801.1750488574837	48.32041947352508
1789.6396817117518	45.20121783079665
1777.865088909531	42.18568544667564
1765.8505530495524	39.2766641441442
1753.5954441589101	36.47692293898994
1741.097916575474	33.78782741545082
1728.357528845008	31.21196424498356
1715.3726327689328	28.750494474691223
1702.1416853571882	26.404462271416648
1688.6629913940765	24.174523377401773
1674.9347073759782	22.060938762205875
1660.9548452904444	20.063570042921405
1646.7212762432835	18.181876866126867
1632.2317339285823	16.41491644850059
1617.483817916233	14.761345474266216
1602.4750043120346	13.219424576684665
1587.2027069537708	11.787025732872191
1571.6641909773246	10.461641955059223
1555.8565969435401	9.240400607694713
1539.7769567154394	8.120079872105746
1523.4221966471384	7.097128482570023
1506.7891397043913	6.167688857388023
1489.8745059317366	5.327623647259546
1472.6749104669982	4.572545666853061
1455.1868580391886	3.897851110328252
1437.4067325316294	3.2987558759737534
1419.3256921797877	2.770230242443001
1400.9562904635825	2.307598336367523
1382.2755152269228	1.9053604107804176
1363.2877022849266	1.5586359721609546
1343.98692875289	1.2623344539031527
1324.3680427065697	1.011482320502404
1304.4253133577754	0.8012331664650806
1284.1522430687776	0.6269114069736272
1263.541317633602	0.48405328215820637
1242.5836759026408	0.36844415805200886
1221.2686734481777	0.27615111683448335
1199.5833057945426	0.20354988405994512
1177.5114430911576	0.14734524757976777
1155.0328073329003	0.10458428774930496
1132.1215905157521	0.07266196172093571
1108.744558108901	0.04931886192915369
1035.2372380339277	0.013097090670241902
0.5	97
2094.2340685285367	220.53746864643384
2096.352056529093	220.23079775057656
2099.031160343467	219.7224645059828
2101.791306728673	219.01548947597527
2104.4937048292218	218.11316224940163
2107.0848610673725	217.01901224325192
2109.538039398689	215.73680409597824
2111.836854852626	214.2705371541932
2113.970281316847	212.62444753446366
2115.931492967977	210.80301401590623
2117.7179165910184	208.81096888213153
2119.331122543035	206.65331288407594
2120.7757432563208	204.3353302898451
2122.0572781458777	201.86259716266758
2123.1793989008856	199.24097585862964
2124.141766061021	196.4765922966896
2124.939111707013	193.5757981573698
2125.5616768452537	190.5451245744362
2125.9965389070358	187.39123501770314
2126.229211353778	184.12088329948574
2126.245058062585	180.74087973426182
2126.0303151811586	177.2580659612977
2125.5727033382905	173.67929741073144
2124.8617080552553	170.01143177370204
2123.8886304678604	166.26132179723894
2122.646498707546	162.43581095947056
2121.1299068524927	158.54173089466218
2119.334825541979	154.5858997326416
2117.258410534391	150.57512075674853
2114.898823153562	146.51618096446273
2112.255068724768	142.41584924372088
2109.326854489182	138.28087396755848
2106.1144660190575	134.11797987138868
2102.618660033518	129.93386412017173
2098.8405711910264	125.73519150368641
2094.7816308836514	121.52858874126304
2090.443495644808	117.32063780341447
2085.8279829059375	113.1178683202152
2080.9370141138506	108.92674907207964
2075.7725639946957	104.75367856419871
2070.3366153758197	100.60497472759108
2064.631119221068	96.48686379196117
2058.657959655264	92.40546838519685
2052.4189238060544	88.36679492223807
2045.9156762921318	84.37672035268712
2039.1497381518427	80.44097834156058
2032.1224699522393	76.56514496076508
2024.835058760291	72.75462397167189
2017.2885086057847	69.01463178051505
2009.4836340272643	65.35018214962935
2001.4210562724886	61.76607074893626
1993.1012017229855	58.26685963332058
1984.5243021288622	54.85686173413393
1975.6903962700962	51.540125455887186
1966.5993327021124	48.32041947352508
1957.2507732914269	45.20121783079665
1947.644197298734	42.18568544667564
1937.778905818409	39.2766641441442
1927.6542294737644	36.47692293898994
1917.2685179865312	33.78782741545082
1906.621175422197	31.21196424498356
1895.710634661927	28.750494474691223
1884.5353775367819	26.404462271416648
1873.0937367961544	24.174523377401773
1861.383901240516	22.060938762205875
1849.4039210282613	20.063570042921405
1837.151713208693	18.181876866126867
1824.6250675227043	16.41491644850059
1811.8216524943723	14.761345474266216
1798.7390308457045	13.219424576684665
1785.3747357652262	11.787025732872191
1771.726172717417	10.461641955059223
1757.7906529221705	9.240400607694713
1743.5654182250826	8.120079872105746
1729.0476520751931	7.097128482570023
1714.2344905741556	6.167688857388023
1699.1230331380207	5.327623647259546
1683.710352110789	4.572545666853061
1667.9935004206088	3.897851110328252
1651.9695160311335	3.2987558759737534
1635.6293093088623	2.770230242443001
1618.9896677138768	2.307598336367523
1602.024861971309	1.9053604107804176
1584.742246079451	1.5586359721609546
1567.137139060022	1.2623344539031527
1549.2061182847556	1.011482320502404
1530.9454637701056	0.8012331664650806
1512.3510114680555	0.6269114069736272
1493.4179518887445	0.48405328215820637
1474.1405572332128	0.36844415805200886
1454.511814768867	0.27615111683448335
1434.522936396567	0.20354988405994512
1414.162702790811	0.14734524757976777
1393.4165829296137	0.10458428774930496
1372.2655421931006	0.07266196172093571
1350.6844063744177	0.04931886192915369
1282.8711535304203	0.013097090670241902
0.6	97
2102.709768627095	220.53746864643384
2110.7318467310497	220.23079775057656
2118.093679881942	219.7224645059828
2124.9471324850033	219.01548947597527
2131.4153498347036	218.11316224940163
2137.5766672277578	217.01901224325192
2143.479888388187	215.73680409597824
2149.15523912337	214.2705371541932
2154.621206398282	212.62444753446366
2159.889106230188	210.80301401590623
2164.966242873251	208.81096888213153
2169.857818422909	206.65331288407594
2174.5675230327374	204.3353302898451
2179.096961626612	201.86259716266758
2183.4445148829623	199.24097585862964
2187.6044614471284	196.4765922966896
2191.5669456549144	193.5757981573698
2195.3188420815973	190.5451245744362
2198.845146443634	187.39123501770314
2202.1304226408242	184.12088329948574
2205.159978058771	180.74087973426182
2207.920641695151	177.2580659612977
2210.4011664180744	173.67929741073144
2212.5923439581547	170.01143177370204
2214.4869319738204	166.26132179723894
2216.079476022231	162.43581095947056
2217.3660853855295	158.54173089466218
2218.3442000723744	154.5858997326416
2219.0123700349645	150.57512075674853
2219.370056679029	146.51618096446273
2219.417459978236	142.41584924372088
2219.1553706846453	138.28087396755848
2218.585045223108	134.11797987138868
2217.708100125906	129.93386412017173
2216.526422797552	125.73519150368641
2215.042095851978	121.52858874126304
2213.2573330411437	117.32063780341447
2211.1744228151933	113.1178683202152
2208.7956797777915	108.92674907207964
2206.123402685442	104.75367856419871
2203.1598379947695	100.60497472759108
2199.90714838666	96.48686379196117
2196.3673858530196	92.40546838519685
2192.542469022912	88.36679492223807
2188.4341644456663	84.37672035268712
2184.0440715533196	80.44097834156058
2179.373611008596	76.56514496076508
2174.424016120487	72.75462397167189
2169.1963269863363	69.01463178051505
2163.691387004397	65.35018214962935
2157.909841398009	61.76607074893626
2151.852137401739	58.26685963332058
2145.518525782359	54.85686173413393
2138.9090633990186	51.540125455887186
2132.0236165467413	48.32041947352508
2124.8618648711017	45.20121783079665
2117.4233056879375	42.18568544667564
2109.7072585872647	39.2766641441442
2101.7130147886182	36.47692293898994
2093.4391193975885	33.78782741545082
2084.884821999386	31.21196424498356
2076.0486365549214	28.750494474691223
2066.9290697163747	26.404462271416648
2057.524482198232	24.174523377401773
2047.833095105054	22.060938762205875
2037.8529967660788	20.063570042921405
2027.5821501741025	18.181876866126867
2017.0184011168271	16.41491644850059
2006.1594870725125	14.761345474266216
1995.0030573793742	13.219424576684665
1983.5467645766819	11.787025732872191
1971.78815445751	10.461641955059223
1959.7247089008017	9.240400607694713
1947.353879734726	8.120079872105746
1934.6731075032476	7.097128482570023
1921.67984144392	6.167688857388023
1908.371560344305	5.327623647259546
1894.7457937545796	4.572545666853061
1880.8001428020284	3.897851110328252
1866.5322995306374	3.2987558759737534
1851.932926437937	2.770230242443001
1837.0230449641717	2.307598336367523
1821.7742087156944	1.9053604107804176
1806.1967898739756	1.5586359721609546
1790.2873493671543	1.2623344539031527
1774.0441938629413	1.011482320502404
1757.4656141824355	0.8012331664650806
1740.5497798673332	0.6269114069736272
1723.294586143887	0.48405328215820637
1705.6974385637848	0.36844415805200886
1687.7549560895552	0.27615111683448335
1669.4625669985915	0.20354988405994512
1650.813962490464	0.14734524757976777
1631.8003585263273	0.10458428774930496
1612.409493870449	0.07266196172093571
1592.6242546399349	0.04931886192915369
1530.505069026912	0.013097090670241902
0.7	97
2111.185468725653	220.53746864643384
2125.111636933006	220.23079775057656
2137.156199420416	219.7224645059828
2148.102958241333	219.01548947597527
2158.336994840186	218.11316224940163
2168.0684733881426	217.01901224325192
2177.4217373776855	215.73680409597824
2186.473623394114	214.2705371541932
2195.2721314797177	212.62444753446366
2203.846719492399	210.80301401590623
2212.2145691554833	208.81096888213153
2220.3845143027834	206.65331288407594
2228.3593028091536	204.3353302898451
2236.1366451073477	201.86259716266758
2243.7096308650384	199.24097585862964
2251.067156833236	196.4765922966896
2258.194779602816	193.5757981573698
2265.076007317941	190.5451245744362
2271.693753980232	187.39123501770314
2278.0316339278706	184.12088329948574
2284.074898054957	180.74087973426182
2289.810968209144	177.2580659612977
2295.229629497858	173.67929741073144
2300.322979861054	170.01143177370204
2305.0852334797814	166.26132179723894
2309.5124533369158	162.43581095947056
2313.6022639185667	158.54173089466218
2317.3535746027696	154.5858997326416
2320.7663295355383	150.57512075674853
2323.8412902044956	146.51618096446273
2326.5798512317037	142.41584924372088
2328.983886880107	138.28087396755848
2331.055624427158	134.11797987138868
2332.797540218294	129.93386412017173
2334.212274404079	125.73519150368641
2335.302560820304	121.52858874126304
2336.07117043748	117.32063780341447
2336.52086272445	113.1178683202152
2336.654345441733	108.92674907207964
2336.4742413761883	104.75367856419871
2335.9830606137198	100.60497472759108
2335.1831775522523	96.48686379196117
2334.076812050774	92.40546838519685
2332.6660142397695	88.36679492223807
2330.952652599201	84.37672035268712
2328.9384049547966	80.44097834156058
2326.624752064953	76.56514496076508
2324.012973480683	72.75462397167189
2321.1041453668877	69.01463178051505
2317.89913998153	65.35018214962935
2314.3986265235294	61.76607074893626
2310.603073080493	58.26685963332058
2306.512749435856	54.85686173413393
2302.1277305279405	51.540125455887186
2297.44790039137	48.32041947352508
2292.472956450777	45.20121783079665
2287.2024140771405	42.18568544667564
2281.635611356122	39.2766641441442
2275.7718001034723	36.47692293898994
2269.6097208086458	33.78782741545082
2263.148468576576	31.21196424498356
2256.386638447916	28.750494474691223
2249.3227618959677	26.404462271416648
2241.9552276003096	24.174523377401773
2234.2822889695917	22.060938762205875
2226.302072503896	20.063570042921405
2218.012587139512	18.181876866126867
2209.411734710949	16.41491644850059
2200.4973216506523	14.761345474266216
2191.267083913044	13.219424576684665
2181.7187933881373	11.787025732872191
2171.8501361976028	10.461641955059223
2161.6587648794316	9.240400607694713
2151.1423412443687	8.120079872105746
2140.2985629313025	7.097128482570023
2129.1251923136842	6.167688857388023
2117.620087550589	5.327623647259546
2105.7812353983704	4.572545666853061
2093.606785183448	3.897851110328252
2081.0950830301417	3.2987558759737534
2068.2365435670117	2.770230242443001
2055.0564222144662	2.307598336367523
2041.52355546008	1.9053604107804176
2027.6513336685002	1.5586359721609546
2013.4375596742868	1.2623344539031527
1998.882269441127	1.011482320502404
1983.9857645947664	0.8012331664650806
1968.7485482666114	0.6269114069736272
1953.17122039903	0.48405328215820637
1937.254319894357	0.36844415805200886
1920.9980974102443	0.27615111683448335
1904.4021976006154	0.20354988405994512
1887.4652221901174	0.14734524757976777
1870.1841341230408	0.10458428774930496
1852.5534455477978	0.07266196172093571
1834.5641029054518	0.04931886192915369
1778.1389845234044	0.013097090670241902
0.8	97
2119.6611688242124	220.53746864643384
2139.4914271349626	220.23079775057656
2156.218718958891	219.7224645059828
2171.2587839976627	219.01548947597527
2185.2586398456683	218.11316224940163
2198.560279548528	217.01901224325192
2211.3635863671843	215.73680409597824
2223.792007664859	214.2705371541932
2235.923056561153	212.62444753446366
2247.8043327546097	210.80301401590623
2259.462895437716	208.81096888213153
2270.9112101826577	206.65331288407594
2282.15108258557	204.3353302898451
2293.176328588082	201.86259716266758
2303.9747468471146	199.24097585862964
2314.5298522193443	196.4765922966896
2324.822613550717	193.5757981573698
2334.833172554284	190.5451245744362
2344.54236151683	187.39123501770314
2353.9328452149166	184.12088329948574
2362.9898180511436	180.74087973426182
2371.7012947231374	177.2580659612977
2380.0580925776417	173.67929741073144
2388.053615763953	170.01143177370204
2395.6835349857415	166.26132179723894
2402.9454306516004	162.43581095947056
2409.838442451604	158.54173089466218
2416.3629491331653	154.5858997326416
2422.520289036113	150.57512075674853
2428.3125237299632	146.51618096446273
2433.742242485172	142.41584924372088
2438.8124030755703	138.28087396755848
2443.526203631208	134.11797987138868
2447.886980310682	129.93386412017173
2451.8981260106057	125.73519150368641
2455.5630257886305	121.52858874126304
2458.885007833815	117.32063780341447
2461.867302633706	113.1178683202152
2464.513011105674	108.92674907207964
2466.8250800669343	104.75367856419871
2468.80628323267	100.60497472759108
2470.459206717845	96.48686379196117
2471.78623824853	92.40546838519685
2472.789559456627	88.36679492223807
2473.471140752736	84.37672035268712
2473.832738356274	80.44097834156058
2473.8758931213106	76.56514496076508
2473.6019308408786	72.75462397167189
2473.011963747439	69.01463178051505
2472.106892958663	65.35018214962935
2470.8874116490506	61.76607074893626
2469.3540087592464	58.26685963332058
2467.5069730893533	54.85686173413393
2465.3463976568637	51.540125455887186
2462.8721842359987	48.32041947352508
2460.0840480304523	45.20121783079665
2456.981522466343	42.18568544667564
2453.5639641249786	39.2766641441442
2449.830585418326	36.47692293898994
2445.7803222197035	33.78782741545082
2441.4121151537647	31.21196424498356
2436.724640340911	28.750494474691223
2431.716454075561	26.404462271416648
2426.3859730023873	24.174523377401773
2420.73148283413	22.060938762205875
2414.7511482417135	20.063570042921405
2408.443024104922	18.181876866126867
2401.8050683050715	16.41491644850059
2394.835156228793	14.761345474266216
2387.531110446714	13.219424576684665
2379.8908221995925	11.787025732872191
2371.9121179376957	10.461641955059223
2363.592820858063	9.240400607694713
2354.930802754012	8.120079872105746
2345.924018359357	7.097128482570023
2336.570543183449	6.167688857388023
2326.8686147568724	5.327623647259546
2316.816677042161	4.572545666853061
2306.4134275648676	3.897851110328252
2295.6578665296465	3.2987558759737534
2284.5401606960872	2.770230242443001
2273.0897994647603	2.307598336367523
2261.2729022044655	1.9053604107804176
2249.1058774630246	1.5586359721609546
2236.587769981419	1.2623344539031527
2223.720345019313	1.011482320502404
2210.5059150070965	0.8012331664650806
2196.9473166658895	0.6269114069736272
2183.0478546541735	0.48405328215820637
2168.811201224929	0.36844415805200886
2154.2412387309337	0.27615111683448335
2139.3418282026405	0.20354988405994512
2124.116481889771	0.14734524757976777
2108.5679097197544	0.10458428774930496
2092.6973972251462	0.07266196172093571
2076.5039511709697	0.04931886192915369
2025.7729000198976	0.013097090670241902
0.9	97
2128.1368689227706	220.53746864643384
2153.8712173369195	220.23079775057656
2175.281238497366	219.7224645059828
2194.4146097539933	219.01548947597527
2212.18028485115	218.11316224940163
2229.0520857089127	217.01901224325192
2245.3054353566827	215.73680409597824
2261.110391935603	214.2705371541932
2276.573981642588	212.62444753446366
2291.7619460168207	210.80301401590623
2306.7112217199488	208.81096888213153
2321.437906062532	206.65331288407594
2335.9428623619865	204.3353302898451
2350.216012068817	201.86259716266758
2364.239862829191	199.24097585862964
2377.992547605452	196.4765922966896
2391.4504474986193	193.5757981573698
2404.5903377906275	190.5451245744362
2417.3909690534283	187.39123501770314
2429.8340565019626	184.12088329948574
2441.9047380473294	180.74087973426182
2453.59162123713	177.2580659612977
2464.8865556574256	173.67929741073144
2475.7842516668525	170.01143177370204
2486.281836491702	166.26132179723894
2496.378407966286	162.43581095947056
2506.0746209846407	158.54173089466218
2515.37232366356	154.5858997326416
2524.274248536687	150.57512075674853
2532.78375725543	146.51618096446273
2540.90463373864	142.41584924372088
2548.6409192710325	138.28087396755848
2555.9967828352583	134.11797987138868
2562.9764204030694	129.93386412017173
2569.583977617132	125.73519150368641
2575.823490756956	121.52858874126304
2581.6988452301516	117.32063780341447
2587.2137425429623	113.1178683202152
2592.3716767696155	108.92674907207964
2597.175918757681	104.75367856419871
2601.62950585162	100.60497472759108
2605.7352358834364	96.48686379196117
2609.4956644462854	92.40546838519685
2612.9131046734838	88.36679492223807
2615.9896289062704	84.37672035268712
2618.7270717577517	80.44097834156058
2621.1270341776685	76.56514496076508
2623.190888201075	72.75462397167189
2624.919782127991	69.01463178051505
2626.3146459357963	65.35018214962935
2627.3761967745713	61.76607074893626
2628.1049444380005	58.26685963332058
2628.50119674285	54.85686173413393
2628.565064785785	51.540125455887186
2628.296468080627	48.32041947352508
2627.6951396101276	45.20121783079665
2626.760630855546	42.18568544667564
2625.492316893835	39.2766641441442
2623.8893707331804	36.47692293898994
2621.950923630761	33.78782741545082
2619.675761730954	31.21196424498356
2617.062642233905	28.750494474691223
2614.1101462551546	26.404462271416648
2610.816718404465	24.174523377401773
2607.1806766986674	22.060938762205875
2603.20022397953	20.063570042921405
2598.8734610703314	18.181876866126867
2594.1984018991934	16.41491644850059
2589.1729908069324	14.761345474266216
2583.795136980384	13.219424576684665
2578.0628510110478	11.787025732872191
2571.9740996777887	10.461641955059223
2565.5268768366936	9.240400607694713
2558.7192642636555	8.120079872105746
2551.5494737874114	7.097128482570023
2544.0158940532137	6.167688857388023
2536.117141963157	5.327623647259546
2527.852118685952	4.572545666853061
2519.2200699462887	3.897851110328252
2510.220650029151	3.2987558759737534
2500.8437778251614	2.770230242443001
2491.1231767150557	2.307598336367523
2481.022248948851	1.9053604107804176
2470.5604212575495	1.5586359721609546
2459.737980288551	1.2623344539031527
2448.558420597499	1.011482320502404
2437.026065419427	0.8012331664650806
2425.1460850651674	0.6269114069736272
2412.9244889093156	0.48405328215820637
2400.3680825555007	0.36844415805200886
2387.484380051623	0.27615111683448335
2374.2814588046645	0.20354988405994512
2360.767741589424	0.14734524757976777
2346.9516853164682	0.10458428774930496
2332.841348902495	0.07266196172093571
2318.4437994364866	0.04931886192915369
2273.4068155163895	0.013097090670241902
