# Table format: T1D
# table_unit = degC
# axis1_unit = kJ/kg/K
# axis2_unit = barA
# This file was automatically generated by generate_data_files.py
1.0	120
0.15818526660311363	10.887171717172293
0.1887666485328791	12.801020916904633
0.21917450257289328	14.72776567792829
0.24941819255136216	16.66749289084646
0.2795065309563179	18.620290031753655
0.3094478264881209	20.58624516607989
0.3392499263158152	22.565446952743685
0.3689202537682122	24.557984647996363
0.39846584208694186	26.56394810948416
0.42789336476056633	28.58342780035565
0.4572091628786757	30.61651479328873
0.486419269882821	32.66330077459389
0.5155294340341124	34.72387804839286
0.5445451388690244	36.798339540727056
0.5734716218823014	38.88677880380379
0.6023138916372518	40.98929002016342
0.6310767434827894	43.10596800696834
0.6597647740285892	45.23690822025287
0.6883823945137956	47.382206759233384
0.7169338431863452	49.54196037064486
0.7454231967965698	51.71626645312068
0.7738543812952657	53.90522306154952
0.8022311818186864	56.108928911522355
0.8305572520307842	58.327483383779054
0.8588361228873673	60.56098652868934
0.8870712108791632	62.80953907075974
0.9152658258055335	65.0732424131919
0.9434231781245171	67.35219864243527
0.9715463859220054	69.64651053280153
0.9996384815375514	71.95628155110603
1.0277024178815781	74.28161586130841
1.0557410744766167	76.62261832924281
1.0837572632510493	78.97939452733601
1.1117537341128045	81.35205073934316
1.139733180329353	83.74069396518564
1.167698243736064	86.1454319257328
1.1956515197972222	88.56637306769642
1.22359556253934	91.0036265684887
1.2515328893787283	93.45730234117627
1.2794659858617652	95.92751103942248
1.3212682378782319	99.65556670648522
1.475967460533157	99.65556670648522
1.630666683188082	99.65556670648522
1.7853659058430076	99.65556670648522
1.9400651284979327	99.65556670648522
2.0947643511528575	99.65556670648522
2.249463573807783	99.65556670648522
2.404162796462708	99.65556670648522
2.5588620191176332	99.65556670648522
2.7135612417725588	99.65556670648522
2.868260464427484	99.65556670648522
3.0229596870824094	99.65556670648522
3.1776589097373344	99.65556670648522
3.33235813239226	99.65556670648522
3.4870573550471846	99.65556670648522
3.6417565777021106	99.65556670648522
3.7964558003570357	99.65556670648522
3.951155023011961	99.65556670648522
4.105854245666886	99.65556670648522
4.260553468321811	99.65556670648522
4.415252690976737	99.65556670648522
4.569951913631662	99.65556670648522
4.724651136286588	99.65556670648522
4.879350358941513	99.65556670648522
5.034049581596437	99.65556670648522
5.188748804251363	99.65556670648522
5.343448026906288	99.65556670648522
5.498147249561213	99.65556670648522
5.6528464722161385	99.65556670648522
5.807545694871063	99.65556670648522
5.9622449175259895	99.65556670648522
6.116944140180912	99.65556670648522
6.271643362835838	99.65556670648522
6.4263425854907625	99.65556670648522
6.581041808145689	99.65556670648522
6.7357410308006145	99.65556670648522
6.89044025345554	99.65556670648522
7.045139476110465	99.65556670648522
7.199838698765389	99.65556670648522
7.354550097159214	99.65851565315626
7.375093878860815	103.3866008096877
7.420825678812123	111.87395738210103
7.466211920497869	120.55262396642905
7.51131250510468	129.42691280292587
7.556180024516207	138.50123333227805
7.600860798377003	147.78009438655977
7.6453957484547965	157.26810642957514
7.689821139730235	166.96998384769404
7.734169211660305	176.89054729233004
7.778468718451648	187.03472607521712
7.822745393585788	197.40756061767559
7.867022351004116	208.01420495508984
7.911320433101629	218.85992929783356
7.955658513860456	229.95012264992437
8.000053763977347	241.2902954867027
8.044521883630424	252.8860824928646
8.08907730753399	264.74324536221536
8.133733386104623	276.8676756605313
8.178502545875398	289.2653977529458
8.2233964317239	301.9425717973289
8.26842603300427	314.90549680513493
8.313601795279997	328.16061377124174
8.358933719029926	341.71450887434435
8.404431446435968	355.5739167494796
8.450104337149288	369.7457238343213
8.495961533765435	384.2369717909031
8.542012017612247	399.0548610044634
8.588264655362146	414.20675416116035
8.634728236917844	429.7001799064336
8.681411504983142	445.5428365858194
8.72832317671404	461.742596070093
8.775471957846328	478.3075076666312
8.822866549709726	495.2458021189335
8.870515649562789	512.5658956963046
8.91842794471329	530.2763943757099
8.966612100922848	548.3860981179009
9.015076745629553	566.9040052399225
9.063830446555475	585.8393168861836
9.112881686295419	605.2014416003
9.162238833507327	624.9999999999999
50.00000000000001	118
0.15778071409070799	10.887171717172407
0.2304355275438902	15.491722764735016
0.3021901629352251	20.170918585806078
0.37315473587755515	24.925969253226867
0.4434257694044627	29.758104456448734
0.51308857493308	34.668573819518826
0.5822191218936205	39.658647224253
0.6508855324777179	44.72961513860446
0.7191492966346877	49.88278895046096
0.7870662751031287	55.119501306687425
0.8546875397914446	60.44110645782581
0.9220600880770908	65.84898060828078
0.9892274586816384	71.3445222722309
1.0562302704502218	76.92915263528852
1.1231067008373457	82.6043159220228
1.1898929176504298	88.37147976945545
1.2566234752796936	94.23213560659667
1.3233316850183727	100.18779904014065
1.3900499679951608	106.24001024641495
1.4568101986056627	112.3903343696769
1.5236440460857321	118.64036192687183
1.5905833219965497	124.99170921895114
1.6576603419005114	131.4460187488603
1.7249083104433267	138.00495964630215
1.79236174050315	144.67022809938823
1.8600569191559861	151.44354779327728
1.9280324361385948	158.3266703559355
1.9963297945637368	165.32137581112477
2.0649941293035283	172.42947303872387
2.1340750663706993	179.65280024251592
2.2036277678069145	186.9932254255719
2.273714222600218	194.45264687331132
2.344404867479973	202.0329936444304
2.4157806560930357	209.7362260697554
2.487935747750769	217.5643362592113
2.5609810691850954	225.51934861698396
2.635049135177049	233.6033203650495
2.710300734962633	241.8183420751883
2.7869344763129114	250.16653820962176
2.8652008845664767	258.6500676704047
2.9934954563823237	264.0217846453545
3.0719061239718757	264.0217846453545
3.150316791561428	264.0217846453545
3.2287274591509805	264.0217846453545
3.307138126740533	264.0217846453545
3.3855487943300853	264.0217846453545
3.4639594619196368	264.0217846453545
3.5423701295091896	264.0217846453545
3.6207807970987416	264.0217846453545
3.6991914646882944	264.0217846453545
3.7776021322778464	264.0217846453545
3.8560127998673988	264.0217846453545
3.9344234674569507	264.0217846453545
4.012834135046503	264.0217846453545
4.091244802636056	264.0217846453545
4.1696554702256075	264.0217846453545
4.24806613781516	264.0217846453545
4.326476805404712	264.0217846453545
4.4048874729942655	264.0217846453545
4.483298140583817	264.0217846453545
4.561708808173369	264.0217846453545
4.640119475762922	264.0217846453545
4.718530143352474	264.0217846453545
4.796940810942027	264.0217846453545
4.875351478531578	264.0217846453545
4.9537621461211305	264.0217846453545
5.032172813710682	264.0217846453545
5.110583481300236	264.0217846453545
5.188994148889788	264.0217846453545
5.26740481647934	264.0217846453545
5.3458154840688925	264.0217846453545
5.424226151658444	264.0217846453545
5.502636819247997	264.0217846453545
5.58104748683755	264.0217846453545
5.659458154427101	264.0217846453545
5.737868822016654	264.0217846453545
5.816279489606204	264.0217846453545
5.894690157195757	264.0217846453545
6.011432423991988	269.3934506702234
6.059023867352942	276.45125238376625
6.10448060470794	283.6008671400547
6.148107665439114	290.8434893102484
6.190151574994296	298.1803288027601
6.230815069615152	305.61261126537545
6.270267315504681	313.14157829000226
6.3086512154473855	320.76848762008296
6.346088764697654	328.49461336070635
6.382685062484742	336.321246191451
6.418531373730671	344.2496935819986
6.453707504979877	352.2812800105528
6.488283675516319	360.4173471850969
6.522322010435768	368.6592542675321
6.555877746198037	377.00837810073165
6.589000214432868	385.4661134385466
6.62173365254403	394.0338731788055
6.654117877454461	402.7130885993448
6.686188850056553	411.5052095971083
6.717979151524937	420.41170493036
6.7495183879108165	429.43406246404425
6.7808335358902685	438.57378941833883
6.811949239854077	447.83241262044476
6.842888068472955	457.21147875964675
6.873670737285912	466.7125546456937
6.904316302623481	476.33722747054105
6.934842331205961	486.087105073497
6.965265048987339	495.9638162098189
6.9955994722014045	505.96901082280215
7.025859523073011	516.1043603194112
7.056058132258183	526.3715578494933
7.086207329751763	536.7723185886265
7.116318325735173	547.3083800246459
7.1464015826176785	557.9815022478986
7.176466879343134	568.7934682452733
7.2065233688831825	579.7460841980545
7.236579629711646	590.841179783654
7.2666437119486975	602.0806084812634
7.296723178773881	613.4662478814871
7.326825143631178	625.0
100.00000000000001	118
0.1573360817697494	10.88717171716803
0.23935508025232413	16.115829160895714
0.3202623787050479	21.44073759354228
0.4002095995170648	26.86366883756756
0.47932796239591335	32.38642733183997
0.5577321442851207	38.010850731922005
0.6355232554855411	43.73881052162642
0.7127911839928447	49.572212635693006
0.7896164788815313	55.51299809399433
0.8660718916051364	61.56314364738773
0.9422236599931412	67.72466243545614
1.0181325968805894	73.99960465639231
1.0938550297402398	80.39005824914108
1.169443626964914	86.8981495881917
1.2449481390265391	93.52604419108559
1.3204160776606377	100.275947438981
1.3958933528572506	107.15010531048307
1.4714248854034568	114.15080512896742
1.5470552117932856	121.28037632367341
1.6228290983984388	128.54119120480254
1.6987921828879335	135.93566575289157
1.7749916631116176	143.46626042270537
1.8514770572648631	151.13548096193534
1.9283010645344585	158.94587924497063
2.00552056323099	166.90005412201515
2.0831977946350015	175.00065228382965
2.1614017969659134	183.2503691423999
2.240210177458857	191.65194972782473
2.319711345412496	200.20818960168396
2.4000073816956355	208.92193578725636
2.48121780150423	217.79608771684127
2.563484596373487	226.83359819651463
2.6469791537833527	236.03747438866395
2.731912015810005	245.41077881259184
2.81854708973344	254.95663036354483
2.9072231623372065	264.6782053505086
2.998388099703744	274.57873855309344
3.0926567588700484	284.66152429788383
3.190917707747879	294.92991755460355
3.2945543163038415	305.3873350524552
3.41319477648074	311.2311458068406
3.471632162313352	311.2311458068406
3.5300695481459647	311.2311458068406
3.588506933978577	311.2311458068406
3.6469443198111886	311.2311458068406
3.7053817056438008	311.2311458068406
3.763819091476413	311.2311458068406
3.822256477309025	311.2311458068406
3.880693863141637	311.2311458068406
3.939131248974249	311.2311458068406
3.997568634806861	311.2311458068406
4.056006020639473	311.2311458068406
4.114443406472085	311.2311458068406
4.1728807923046976	311.2311458068406
4.231318178137309	311.2311458068406
4.289755563969921	311.2311458068406
4.348192949802533	311.2311458068406
4.406630335635145	311.2311458068406
4.465067721467758	311.2311458068406
4.52350510730037	311.2311458068406
4.581942493132981	311.2311458068406
4.640379878965594	311.2311458068406
4.698817264798206	311.2311458068406
4.757254650630817	311.2311458068406
4.81569203646343	311.2311458068406
4.874129422296042	311.2311458068406
4.932566808128653	311.2311458068406
4.991004193961266	311.2311458068406
5.0494415797938785	311.2311458068406
5.10787896562649	311.2311458068406
5.166316351459102	311.2311458068406
5.224753737291714	311.2311458068406
5.283191123124327	311.2311458068406
5.341628508956937	311.2311458068406
5.40006589478955	311.2311458068406
5.458503280622162	311.2311458068406
5.516940666454774	311.2311458068406
5.575378052287387	311.2311458068406
5.690770977127828	317.07494544704093
5.747109376369102	323.46301418971746
5.799213797447006	329.92022169478605
5.8479515342423	336.4473162585871
5.893936902432822	343.045054276355
5.937624611753163	349.7142003298709
5.979362881644552	356.4555272760671
6.0194256959759045	363.26981633659193
6.058033427069726	370.15785718833956
6.095366586955057	377.1204480549627
6.131575320085399	384.158395799377
6.166786151051987	391.2725160172621
6.201106902726342	398.46363313157804
6.234630359468074	405.7325804881044
6.2674370478261086	413.0802004520126
6.299597382919858	420.507344505485
6.331173349986651	428.01487334638716
6.362219839373734	435.6036569880109
6.392785719129466	443.27457485989714
6.422914706119594	451.02851590974785
6.452646080475985	458.8663787064428
6.482015276804797	466.78907154417095
6.511054377418061	474.7975125476878
6.539792526912583	482.8926297787117
6.5682562830400455	491.07536134347527
6.596469915542776	499.3466555014361
6.624455662161829	507.7074707751667
6.652233949141748	516.1587760614353
6.679823582106412	524.7015507434838
6.70724191205382	533.3367848045248
6.734504980334446	542.0654789424682
6.761627645780195	550.8886446858844
6.788623696595803	559.8073045112301
6.815505949179397	568.8224919613338
6.842286335680107	577.9352517651708
6.8689759818089815	587.1466399589317
6.895585276181616	596.4577240084017
6.922123932275372	605.8695829326633
6.948601043922776	615.3833074291427
6.9750251351287424	624.9999999999995
150.0	120
0.15686193683266356	10.887171717181104
0.24450654607316666	16.502536972704036
0.3309129568823519	22.228917018200775
0.41626014980842047	28.068506596613076
0.5007019808351861	34.023543840658135
0.5843721027408884	40.09631113050574
0.6673877296059154	46.28913596858649
0.7498525839647627	52.60439187165383
0.8318592537799877	59.044499280477226
0.9134911156624066	65.61192648750102
0.9948239350015192	72.30919058289476
1.0759272234228812	79.13885841925168
1.1568654136753793	86.10354759539626
1.2376988982798693	93.20592745962955
1.3184849689626663	100.44872013278905
1.399278687752947	107.83470155158011
1.48013371683858	115.36670253247672
1.5611031323923399	123.04760985671379
1.6422402473645508	130.8803673766842
1.723599469672462	138.86797714421942
1.8052372254593283	147.01350056119298
1.8872129825331958	155.32005955287184
1.9695904173942818	163.79083776442621
2.0524387815012943	172.42908178113714
2.135834540309976	181.23810237271556
2.219863384848981	190.22127576220254
2.304622754526257	199.3820449199879
2.3902250686459956	208.72392088337642
2.476801954911749	218.25048410227214
2.5645099073107485	227.96538581144694
2.653538042236367	237.87234942994365
2.744119025509104	247.97517198815171
2.836544967032087	258.2777255830887
2.931191458609801	268.78395886245164
3.0285557589384644	279.49789853801065
3.129321494546884	290.42365092892794
3.2344783181678647	301.56540353557773
3.3455719431189053	312.92742664448133
3.465327025916994	324.51407496498155
3.599687669763633	336.32978929826436
3.6792916092822914	342.48615080632817
3.7218337065271103	342.48615343957704
3.764375790383905	342.48615343957704
3.806917874240699	342.48615343957704
3.8494599580974933	342.48615343957704
3.892002041954288	342.48615343957704
3.9345441258110823	342.48615343957704
3.9770862096678767	342.48615343957704
4.019628293524671	342.48615343957704
4.062170377381466	342.48615343957704
4.104712461238259	342.48615343957704
4.147254545095054	342.48615343957704
4.189796628951849	342.48615343957704
4.232338712808644	342.48615343957704
4.274880796665438	342.48615343957704
4.317422880522232	342.48615343957704
4.359964964379026	342.48615343957704
4.402507048235821	342.48615343957704
4.445049132092616	342.48615343957704
4.48759121594941	342.48615343957704
4.530133299806204	342.48615343957704
4.5726753836629985	342.48615343957704
4.615217467519793	342.48615343957704
4.657759551376588	342.48615343957704
4.700301635233383	342.48615343957704
4.742843719090177	342.48615343957704
4.785385802946971	342.48615343957704
4.827927886803765	342.48615343957704
4.87046997066056	342.48615343957704
4.913012054517354	342.48615343957704
4.955554138374149	342.48615343957704
4.998096222230942	342.48615343957704
5.040638306087738	342.48615343957704
5.083180389944531	342.48615343957704
5.125722473801327	342.48615343957704
5.168264557658122	342.48615343957704
5.210806641514916	342.48615343957704
5.253348725371709	342.48615343957704
5.295890809228505	342.48615343957704
5.338432950382407	342.48616495466683
5.433146446303812	348.64252660421323
5.506711955568413	354.53312975457106
5.570756849617073	360.47953802318114
5.628223523085018	366.4822800844652
5.68080974456946	372.5418896212883
5.72960018747057	378.658905372404
5.775337836486735	384.83387118035114
5.81855817672692	391.0673360398076
5.859662417656649	397.35985414639606
5.8989605059110275	403.71198494595933
5.93669788409343	410.1242931842961
5.973072922586751	416.5973489573705
6.008248713543502	423.1317277619996
6.0423613074839	429.7280105470172
6.075525622700519	436.38678376492203
6.107839784611547	443.1086394240217
6.139388377295466	449.8941751410638
6.170244923599241	456.743994194365
6.200473806867463	463.6587055774521
6.230131781079988	470.63892405320246
6.259269172619305	477.68527020849774
6.28793084759243	484.79837050940523
6.316156998530892	491.978857356867
6.343983790246915	499.227369142929
6.371443894646248	506.5445503074993
6.398566937102858	513.9310513956376
6.4253798717399615	521.3875291153986
6.4519072990662005	528.9146463962152
6.478171736497414	536.5130724478355
6.504193850084231	544.1834828198238
6.529992654074911	551.926559461619
6.555585683637316	559.7429907831628
6.580989145047158	567.6334717161086
6.606218046850787	575.5987037755997
6.631286314879191	583.639395122643
6.656206893485885	591.7562606270682
6.68099183497736	599.9500219310813
6.705652378878251	608.2214075134276
6.730199022408128	616.5711527541569
6.754641583330124	624.9999999999999
200.00000000000003	118
0.15636063905072115	10.887171717172748
0.24791915738810893	16.780170698796212
0.3381554826003794	22.795433385518436
0.42726805621964925	28.93549641675594
0.5154267575023368	35.20294906031489
0.6027786004523441	41.60043430426981
0.6894520759116604	48.13064997149786
0.7755605419453505	54.796349857370274
0.8612049305976507	61.600344891024804
0.9464759546765472	68.54550432074564
1.031455944041997	75.63475692390409
1.1162204053359857	82.87109224203937
1.2008393754151858	90.25756184154721
1.2853786228696935	97.79728060054458
1.3699007414454318	105.49342802237987
1.454466172416389	113.34924957646183
1.539134189053546	121.36805806685788
1.6239638748164718	129.5532350293197
1.7090151275501257	137.90823215726118
1.7943497248832683	146.43657275736007
1.8800324915432103	155.14185323531927
1.966132618117711	164.02774461248134
2.0527251940621207	173.0979940739033
2.139893037325204	182.3564265485419
2.227728931805443	191.80694632223094
2.3163384267115	201.45353868411348
2.4058434166198888	211.30027160725143
2.4963868208559497	221.35129746408376
2.5881388390119864	231.61085477748895
2.6813055184821533	242.0832700081652
2.776140811787419	252.7729593791122
2.872964094272252	263.68443073794515
2.972186627955368	274.82228545785995
3.074353591298474	286.1912203780365
3.1802154435260555	297.7960297842943
3.290860772843399	309.6416074308481
3.407997518912482	321.7329486040078
3.5346668546073032	334.07515222868597
3.677625117889077	346.67342301862834
3.860880043353378	359.53307367123705
4.038493171193338	365.923811015174
4.062306556379711	365.923811015174
4.086119941566084	365.923811015174
4.109933326752457	365.923811015174
4.133746711938831	365.923811015174
4.157560097125204	365.923811015174
4.181373482311578	365.923811015174
4.205186867497951	365.923811015174
4.229000252684324	365.923811015174
4.252813637870699	365.923811015174
4.276627023057072	365.923811015174
4.300440408243445	365.923811015174
4.324253793429818	365.923811015174
4.348067178616192	365.923811015174
4.3718805638025655	365.923811015174
4.3956939489889395	365.923811015174
4.419507334175313	365.923811015174
4.443320719361686	365.923811015174
4.467134104548059	365.923811015174
4.490947489734432	365.923811015174
4.514760874920806	365.923811015174
4.538574260107179	365.923811015174
4.562387645293553	365.923811015174
4.586201030479926	365.923811015174
4.610014415666299	365.923811015174
4.633827800852672	365.923811015174
4.657641186039046	365.923811015174
4.681454571225419	365.923811015174
4.705267956411793	365.923811015174
4.7290813415981665	365.923811015174
4.75289472678454	365.923811015174
4.776708111970913	365.923811015174
4.800521497157286	365.923811015174
4.82433488234366	365.923811015174
4.848148267530034	365.923811015174
4.871961652716407	365.923811015174
4.89577503790278	365.923811015174
4.919588423089153	365.923811015174
5.166197353846461	372.3145470816554
5.27474922899732	377.80546475197616
5.359271773750995	383.34309324010803
5.430405607928514	388.9278299114152
5.492798658182585	394.56007551161906
5.548953683735133	400.24023419555397
5.600393416009875	405.96871355616895
5.648122705330924	411.7459246537744
5.692844432376363	417.5722820455404
5.735072344534829	423.4482038152428
5.775195082950263	429.37411160326405
5.813514887694263	435.35043063684975
5.850272203793757	441.37758976062025
5.885661980088482	447.45602146734586
5.919844841187792	453.5861619289785
5.952954970176983	459.7684510279522
5.985105810383211	466.0033323887475
6.016394279485641	472.29125340972394
6.0469039435228185	478.6326652952255
6.0767074477698735	485.02802308795685
6.105868406369571	491.47778570163575
6.1344428909407585	497.9824159539256
6.162480617449422	504.5423805996413
6.19002590286686	511.15815036424806
6.217118443952848	517.8301999776359
6.243793957010309	524.5590082081856
6.270084707821205	531.3450578971242
6.296019953990269	538.1888359931723
6.321626316796033	545.090833587486
6.346928095837954	552.0515459488967
6.371947536904489	559.0714725594493
6.396705061311768	566.1511171502449
6.421219463294516	573.2909877375869
6.4455080807401925	580.491596659434
6.469586943550039	587.753460612165
6.4934709031184505	595.0771006876556
6.5171737457943815	602.4630424106701
6.540708292687348	609.9118157765728
6.564086487778389	617.4239552893564
6.587319475970928	624.9999999999999
250.00000000000003	89
0.1558342965077518	10.887171717169622
1.047075193052121	77.21825656850865
1.462186615021008	114.46206584130067
1.7733034428973242	144.82233618235904
2.0272703226253297	171.03558754024414
2.2428162913036886	194.17939027542695
2.4298945930054097	214.82802244601373
2.5946611023590376	233.3471606982036
2.74130533105412	250.00001449271406
2.872871013562888	264.9931140720465
2.9916745027679834	278.4982482597645
3.099538419169009	290.66359346199386
3.197931197248843	301.6194742932055
3.2880549477854877	311.4813268199638
3.3709035052516247	320.3512367069171
3.447302948540686	328.3188794923441
3.5179419852046623	335.4624030519798
3.5833967567526126	341.84959160921653
3.6441527212787834	347.53946680803097
3.7006248492425127	352.5843022628824
3.7531763079017857	357.0318735286726
3.802135119279927	360.9276649691717
3.8478079707488897	364.3167282664133
3.890490391349422	367.24493290618534
3.9304727641012978	369.759443345935
3.968041985112635	371.9083674670517
4.0034789536148265	373.7396297393234
4.037052601862196	375.2992492848406
4.069011989984064	376.6293720578602
4.099578895428711	377.7665734122278
4.128943647707704	378.7409787103876
4.1572660554514025	379.5765291415704
4.184681271770154	380.29229407572745
4.211308365686331	380.90431925308326
4.23725839445941	381.42733481357925
4.262639362579812	381.87580095151054
4.287557101806832	382.2641205617181
4.312112829334778	382.60619323169703
4.336399156203404	382.91467337784354
4.36049640016436	383.2002950718306
4.384470462627056	383.4714985194331
4.408372702008987	383.73442965664333
4.4322415433715685	383.99325470360134
4.4561051812151184	384.2506648098632
4.479984657085139	384.5084374754272
4.512645886107876	384.86348178741684
4.545405175529431	385.22544045790414
4.578299732449862	385.5991146308869
4.611369254599284	385.99089033383564
4.644655925896519	386.40869412066047
4.678202970660441	386.86170491972143
4.712052864637425	387.36001565573747
4.746245868432803	387.9143594881119
4.780819166355368	388.53594834180194
4.815806630119114	389.236426435192
4.851239083278542	390.0279177717929
4.8871448900882095	390.9231384172382
4.923550697388047	391.9355456238558
4.960482191511176	393.0795015467103
4.997964774479462	394.3704361618967
5.036024103574777	395.8250002539704
5.074686470560557	397.4612042160634
5.113979020064036	399.2985417531539
5.153929821686034	401.35809955917
5.1945678189275135	403.66265493300193
5.235922681810916	406.23676339734334
5.2780245907209045	409.1068379373396
5.320903977735595	412.3012206780496
5.364591249442566	415.8502468143205
5.409116512490171	419.7862994986725
5.454509320214282	424.1438532627999
5.50079845571634	428.9595024670019
5.548011763735822	434.2719703117913
5.59617604047205	440.1220931903566
5.645316987055761	446.5527747080048
5.695459228561134	453.6089036581477
5.746626396260086	461.33723074370437
5.7988412663318	469.7861999792101
5.852125943662224	479.0057325816638
5.906502075051984	489.04696377460346
5.961991072569273	499.9619362140554
6.018614325475398	511.8032575015653
6.076393378625401	524.6237331538528
6.135350056869346	538.4759900121151
6.195506518847753	553.4121078921161
6.256885229427635	569.4832788070681
6.3195088472294865	586.7395129579163
6.383400031316324	605.2294087044238
6.448581178085593	624.9999999999997
300.0	89
0.1552847992305442	10.887171717177637
1.0462546240263673	77.40935022420354
1.4639057797559345	115.00953484951026
1.7771543357498085	145.70927378713384
2.033019458971534	172.25521040758446
2.2503115158957754	195.7286706850253
2.439031352363503	216.70572505809616
2.6053670304855094	235.55315754539015
2.7535319427157083	252.5350530495882
2.886588670835371	267.85876080329274
3.006869098787062	281.69689874257847
3.1162090676853342	294.1985028001161
3.216088572802294	305.49478757552185
3.3077200833720024	315.7021004367292
3.392106928182785	324.9234454808592
3.470084064420559	333.2494055219405
3.5423486255551375	340.7590019463016
3.6094847998248554	347.52083153897274
3.6719856860892732	353.5946359513165
3.7302733560504615	359.03328081343136
3.7847172993535736	363.884967409153
3.8356507496854784	368.1953999134141
3.883384099958258	372.0096054634738
3.9282146667429596	375.37315152895155
3.970432339416572	378.3326013037745
4.010321003611033	380.9351588912226
4.048156001601772	383.22756374702703
4.084198391537787	385.25441645624585
4.11868752869741	387.05628145435674
4.151834325670896	388.66807573658673
4.183817812250584	390.1182836568453
4.214786699500142	391.4293184991501
4.244865695496348	392.6189255713068
4.274164323764282	393.7021082622782
4.3027850993943595	394.6928928079601
4.330828541030994	395.6054032623291
4.358394122707485	396.4540737544837
4.385577937851953	397.25317479795535
4.412468814060259	398.0160229950293
4.439144681125577	398.7542458913896
4.465670414061321	399.47734679118946
4.492097576031171	400.192649406727
4.518465822482476	400.90556966227996
4.544805360802735	401.6200918479964
4.571139785990891	402.3393149380677
4.602299694454354	403.19956838832786
4.633509267239032	404.0748072188819
4.664797553368933	404.970294376825
4.696194797239098	405.89224789555806
4.727732740060977	406.84789371703187
4.75944413654163	407.84537096519614
4.791361926319166	408.89357344262146
4.823518379015208	410.0019878300566
4.855944402667319	411.1805645901237
4.8886690978801655	412.43963742602966
4.921719564750269	413.7898931355828
4.955120925292546	415.24238548914036
4.988896504237703	416.8085830605022
5.02306810793181	418.5004402750052
5.057656347762685	420.33048202489533
5.092680965837238	422.31189408334717
5.128161133039059	424.45861359824244
5.164115701052794	426.7854158051888
5.200563399454518	429.3079945974539
5.237522976236874	432.0430356823956
5.2750132852710045	435.0082817634734
5.3130533275113905	438.2225895716531
5.351662254596679	441.705978698795
5.390859344249713	445.47967212612366
5.430663956840451	449.56612815395806
5.471095481889584	453.9890631772399
5.512173282335996	458.7734644603413
5.553916643191346	463.9455917838749
5.596344729840879	469.5329666018447
5.639476559773906	475.5643471930465
5.683330989977621	482.0696882480337
5.72792672063914	489.08008343149675
5.77328231421352	496.6276897245566
5.819416227385337	504.74563279986353
5.866346852049719	513.46789332078
5.914092560252822	522.8291748747656
5.96267174715857	532.8647552210924
6.012102865643182	543.6103236024807
6.062404446140088	555.1018079650626
6.113595095909799	567.3751969582765
6.165693472988094	580.4663624417731
6.21871823160692	594.4108888064925
6.27268793776107	609.2439156327731
6.3276209556332015	625.0
350.00000000000006	89
0.15471384741993008	10.887171717170531
1.0454821124662157	77.6028416225501
1.4656011230932344	115.55284331567583
1.7809283064092114	146.5866779870771
2.038646220102244	173.4605058516848
2.257642505491998	197.25917742115587
2.447963511485219	218.56042677149276
2.6158281365505562	237.73205427490257
2.7654726340788423	255.03894479602297
2.8999775667394085	270.6891972512374
3.021689548100405	284.8561910335849
3.1324568537435153	297.6897532303983
3.2337702376352495	309.3219180972636
3.3268516876216427	319.86987147074296
3.412713132551834	329.43746048890785
3.4921974458377028	338.1160976205514
3.5660091466125485	345.98559859626255
3.6347393453199075	353.11529317232726
3.6988875737692486	359.5655647880569
3.758881725909923	365.38979710470414
3.815096291638766	370.63655180692217
3.8678683994804426	375.35170262805843
3.9175109079421793	379.58022559435506
3.9643218520115626	383.3673938277268
4.008589839740084	386.7592228118365
4.050595355809292	389.80212367903255
4.090608296682308	392.5418282897009
4.128882532936848	395.02176821604655
4.165649001940652	397.2812477865058
4.201109603061806	399.35391133629753
4.235434385418646	401.2670362457833
4.268763602721018	403.0419665363363
4.301214307328306	404.6955778541096
4.332889243669679	406.2422518202769
4.363884976721373	407.69567215938105
4.394296837866411	409.0699118488933
4.424219866346653	410.37963823819496
4.453746534849269	411.6396152701958
4.482962963184224	412.863876714776
4.511945366903687	414.06494814148664
4.540757917087374	415.25336868207785
4.5694524181424585	416.43759774921307
4.598069574930084	417.62425746718327
4.626641271451044	418.8185892799926
4.655193214440553	420.02498994523876
4.684450750610946	421.2778597878238
4.71373248959722	422.55210637602124
4.74305992646224	423.8525690547764
4.7724550585299985	425.18465940008537
4.801940671138535	426.55442543465165
4.831540233248936	427.96853629621114
4.861277569813263	429.4342210748679
4.891176447734485	430.95918961415816
4.921260172916737	432.5515552507478
4.951551257763678	434.2197718520614
4.982071187007332	435.97259119975513
5.012840286814467	437.8190421382087
5.043877687402857	439.76842989986005
5.075201361495519	441.83035235396346
5.106828218087966	444.014729254053
5.138774231523672	446.33184055109143
5.171054588374092	448.79237022060465
5.20368383805602	451.4074526190584
5.23667603677253	454.1887189979842
5.270044877787055	457.1483423779699
5.303803803991437	460.29907947262427
5.3379661011094885	463.65430873687853
5.372544971681637	467.22806389430696
5.407553591250405	471.03506248487895
5.4430051489839455	475.0907290833933
5.478912875416267	479.4112128876196
5.515290060125994	484.01339938177296
5.5521500620896855	488.91491576231545
5.589506315189758	494.13412978478914
5.627372330979315	499.6901416663302
5.665761700346176	505.6027686710537
5.704688095209058	511.89252202519594
5.744165270848336	518.5805758645237
5.784207068947563	525.6887280146182
5.824827420924082	533.2393525492099
5.866040350681385	541.2553442636354
5.907859975545093	549.7600554368883
5.950300503870585	558.7772255297688
5.993376227652068	568.3309047669829
6.037101508434407	578.4453728622589
6.081490754937525	589.1450544484229
6.126558391046903	600.4544330472781
6.172318813190244	612.3979656343771
6.2187863365870815	624.9999999999999
400.00000000000006	89
0.1541229752911313	10.887171717152796
1.0447515120235402	77.79829160187592
1.467271146166845	116.0919163371683
1.784627113770086	147.45475951765508
2.0441551272102605	174.65194074112725
2.2648163522372724	198.77162146000467
2.456700701675909	220.39308067199516
2.626056669105572	239.885051805569
2.777142441019924	257.51315137690005
2.913055782675463	273.48616610176566
3.036157327788834	287.97817731646103
3.148307101241905	301.13974408132003
3.251005927753503	313.10366048093795
3.3454846050512534	323.9878900328091
3.4327629196460214	333.89706132662764
3.5136908756511813	342.9233546285908
3.588979542945237	351.14731875941425
3.659226067821302	358.638957056579
3.724935481638173	365.4592390437407
3.7865405340878646	371.66201706885
3.8444197426134212	377.29617409721254
3.8989131942960387	382.4077298521356
3.950335372624354	387.04160805630124
3.998984359693558	391.2428166345006
4.045147061964593	395.0568911510534
4.089100473305919	398.5295636371443
4.131109348386646	401.7057235532694
4.171421101728649	404.6278517943515
4.210259404566445	407.334261392617
4.247818662722008	409.85763537648165
4.284261739930265	412.2243846005608
4.319722385868872	414.4551351979736
4.354311985460285	416.5662346951965
4.38812841675898	418.57175443899666
4.42126404451782	420.48530067425986
4.453810538403435	422.32110371442445
4.485859766048658	424.0942131055722
4.51750156276631	425.8199799135714
4.548820045335626	427.5132030429198
4.579890159336635	429.18732099441286
4.6107755876229986	430.8539039054358
4.641528403698358	432.52253426693596
4.672190245275867	434.20102918763223
4.702794452579054	435.89588346164066
4.7333685536726495	437.6127982709153
4.760432654177883	439.1556863312777
4.7875076079599	440.7239306910951
4.814608732492338	442.32159053901967
4.841751517206247	443.95306220873
4.8689518214135825	445.6231286191321
4.896225891582499	447.3369693587264
4.923590257767266	449.1001440165379
4.951061562899493	450.9185602362188
4.978656368084856	452.79843584110915
5.0063909651555925	454.7462619167002
5.034281216527883	456.7687713816397
5.062342432997638	458.8729155710746
5.090589292890133	461.0658497933955
5.1190358009284935	463.3549277048445
5.14769528203071	465.74770362389336
5.176580403604908	468.25194150270954
5.205703219395942	470.8756291062091
5.235075228187378	473.6269959468517
5.264707441386295	476.5145336244383
5.294610454487889	479.5470173775676
5.324794518466374	482.73352783281405
5.355269608158661	486.08347211609646
5.386045485628431	489.6066036539054
5.417131757284371	493.31304013262195
5.448537924164617	497.21327919944804
5.480273425290331	501.3182115790686
5.512347674346791	505.6391313487509
5.544770090185792	510.1877431649841
5.577550121776744	514.9761662713095
5.610697268284074	520.0169351441937
5.644221094932828	525.3229966559863
5.6781312452584976	530.907703655104
5.712437450235888	536.7848048871463
5.7471495346575265	542.9684312095674
5.782277420996418	549.4730780890939
5.8178311308508	556.3135844168941
5.8538207839384775	563.5051077322846
5.89025659449358	571.063096011544
5.927148864825504	579.0032562531424
5.964507975733892	587.3415201726215
6.002344373438969	596.0940074067049
6.040668552685827	605.2769867134617
6.07949103571487	614.9068357393357
6.118822346857825	624.9999999999999
450.00000000000006	89
0.15351357131660553	10.887171717164904
1.0440574223832555	77.99531547182147
1.4689146532837085	116.62670041356091
1.7882525220324041	148.3137255665613
2.0495504561024327	175.82995605135693
2.271839667578042	200.26666627707704
2.4652518366429286	222.20457038231143
2.6360639081843518	242.01325837823617
2.788555154593745	259.95901638708494
2.925839841584587	276.2512634448565
3.050291991889744	291.06473025418677
3.1637827793190048	304.55065639358304
3.2678225058804493	316.84254465722404
3.3636501773977225	328.0590852941084
3.4522928176734777	338.3056378477713
3.534606915693517	347.6751009690538
3.611309417049148	356.2487091831206
3.683002799857094	364.0970953278693
3.7501968679196316	371.2817759701652
3.813328490468938	377.8570405432929
3.8727794916502525	383.87207243469925
3.9288922481416466	389.37303160611975
3.9819822997508414	394.4048042028435
4.032347364738287	399.0121741534523
4.08027245507687	403.24027066375163
4.126031153098697	407.1342573687605
4.169883460327453	410.73833185454635
4.212071043549271	414.09421444864256
4.252811312995215	417.2394528979828
4.292292426953995	420.20602342214545
4.330671469448313	423.0197422853065
4.368077159037448	425.7007931970261
4.404616665769172	428.2652594286877
4.440384362912335	430.72714020133753
4.475469636596489	433.1001658141315
4.509961546778101	435.39888269386927
4.543949656617909	437.63883776394766
4.577521841315342	439.8360448074469
4.610760705648071	442.00611150542204
4.6437402421081355	444.16341056864064
4.676523807998705	446.3205518738512
4.709163780188795	448.4882457984854
4.741702663601231	450.67551184471233
4.774175116878914	452.8901122991564
4.806610303683192	455.1390755760682
4.831273641992348	456.8769764466974
4.85594114261078	458.6417341325887
4.880623353361455	460.4365342582695
4.9053308563815134	462.2647557683422
4.930074385812641	464.13000243443355
4.9548648674716445	466.0361163857059
4.979713400473926	467.9871779925073
5.004631200075088	469.98749637292747
5.029629518640044	472.04159433978975
5.054719558464372	474.1541909441253
5.079912386768132	476.33018403899393
5.105218859964671	478.57463457924575
5.130649561512077	480.89275374533645
5.1562147553891355	483.28989346031847
5.181924355517235	485.77154046567296
5.207787910234363	488.34331382742505
5.233814600146196	491.01096554526407
5.260013247249768	493.7803838171819
5.286392333064452	496.6575984530143
5.312960023538226	499.6487879161557
5.339724198660262	502.76028748972806
5.366692484951825	505.9985981002958
5.39387228928674	509.3703953800423
5.421270832780503	512.8825386006648
5.4488951837633275	516.5420791645508
5.47675228910406	520.356268388185
5.504849003371049	524.3325643574608
5.533192115500063	528.4786376739743
5.561788372787354	532.8023759453444
5.59064450214012	537.3118869015823
5.619767228599939	542.0155000442336
5.649163291210858	546.9217667562706
5.67883945633703	552.0394588195013
5.70880252854929	557.3775653034736
5.739059359199744	562.9452878063476
5.769616852792448	568.7520340447575
5.800481971239653	574.8074098068621
5.83166173607064	581.1212093010706
5.863163228636151	587.703403952606
5.894993588328556	594.564129721191
5.927160008818422	601.713673035683
5.959669732293187	609.1624554650863
5.992530041675251	616.9210172696438
6.025748250795103	625.0
500.00000000000006	89
0.15288689550197343	10.88717171716985
1.043395087049632	78.1935755359442
1.4705307037396578	117.15715992666242
1.7918062877681296	149.16377914614384
2.0548362537636513	176.9949688164944
2.278718626713252	201.74493231433297
2.4736251854866853	223.9957171299381
2.6458602692484146	244.1176994398943
2.7997234600828897	262.3777784273792
2.938344888219369	278.9859555259484
3.0641114014077133	294.11756417103743
3.178904793660628	307.92447954048816
3.284244329533277	320.5408692855682
3.38137670902164	332.0861075299857
3.471335671677694	342.6662432541808
3.5549836570083064	352.374853984565
3.6330429369327786	361.29382339375536
3.7061207583582596	369.49438144352257
3.774731127221454	377.03856514229915
3.8393144678626494	383.98108229098125
3.9002553741759085	390.3714086518854
3.9578980338353884	396.25585059777893
4.012558662063768	401.67928130092264
4.0645343748230855	406.6863082343841
4.114108238117886	411.32172887263596
4.161550594889517	415.6302431539441
4.2071171095873545	419.6554926298129
4.25104435819548	423.4386026912956
4.293544358126874	427.0165472435857
4.3348000459130365	430.42080634975764
4.374963840077307	433.67682256028286
4.414160558743086	436.8045575726916
4.452494242064684	439.8200391853105
4.4900567533442945	442.7373816072337
4.526935378948459	445.5705972423017
4.563217320403157	448.3346738631203
4.598990456640252	451.0457483354261
4.634341192593549	453.72056067585424
4.669350984159297	456.37556793326223
4.704093114620083	459.02610207729094
4.738630752491061	461.6858296146696
4.773016624093765	464.366603903889
4.807294076152005	467.0786648524231
4.841499008524056	469.8310660392025
4.875662109592348	472.63219388995765
4.897782084859736	474.4765009632241
4.919903212039854	476.34697165243085
4.942032491593867	478.2459616703213
4.964176912443234	480.1759333931585
4.986343514523978	482.1394734993403
5.008539420152574	484.13930306610007
5.030771840313555	486.17828146824945
5.053048062111977	488.25940549582936
5.075375423262481	490.3858050549251
5.097761278795132	492.56073668035424
5.1202129642996	494.7875759063537
5.142737759119439	497.0698093397367
5.165342852029887	499.41102707966957
5.18803531113836	501.81491594273587
5.210822059065467	504.285253789295
5.233709853907288	506.82590511097317
5.256705276045146	509.44081793005375
5.27981472054798	512.1340219780703
5.303044394690441	514.9096280603695
5.326400319971057	517.7718284724655
5.3498883379430024	520.7248983091788
5.373514119149902	523.7731974954837
5.397283174477047	526.9211733656077
5.421200868272854	530.1733636216242
5.445272432656663	533.534399512317
5.469502982499307	537.0090090857036
5.493897530636715	540.6020203829006
5.518461002949354	544.3183644559642
5.543198253008945	548.1630781072134
5.568114076056241	552.1413062618202
5.593213222128921	556.2583038988954
5.618500408206085	560.5194374786985
5.643980329275549	564.9301858149803
5.669657668262484	569.4961403518455
5.695537104783415	574.2230048140264
5.721623322708994	579.1165942081957
5.747921016533209	584.1828331611098
5.774434896556297	589.427753588057
5.80116969289493	594.8574916924838
5.828130158336659	600.4782843048616
5.855321070057072	606.2964645759629
5.882747230218292	612.3184570467735
5.910413465467098	618.5507721243514
5.9383246253502255	625.0
