# Table format: 0D
11
7
1
-20.0
-15.0
0
0.03
-8.444730E-01
-4.829629E-01
-2.926152E-01
1
51
-16.0
-15.0
0
0.03
-7.825462E-01
-4.829629E-01
-2.622151E-01
1
50
-12.0
-15.0
0
0.03
-7.168068E-01
-4.829629E-01
-2.305374E-01
1
48
-8.0
-15.0
0
0.03
-6.475752E-01
-4.829629E-01
-1.977367E-01
1
47
-4.0
-15.0
0
0.03
-5.751888E-01
-4.829629E-01
-1.639725E-01
1
45
0.0
-15.0
0
0.03
-5.000000E-01
-4.829628E-01
-1.294095E-01
1
42
4.0
-15.0
0
0.03
-5.078092E-01
-4.829628E-01
-1.639725E-01
1
45
8.0
-15.0
0
0.03
-5.131443E-01
-4.829628E-01
-1.977367E-01
1
47
12.0
-15.0
0
0.03
-5.159796E-01
-4.829628E-01
-2.305375E-01
1
48
16.0
-15.0
0
0.03
-5.163009E-01
-4.829628E-01
-2.622151E-01
1
50
20.0
-15.0
0
0.03
-5.141070E-01
-4.829628E-01
-2.926153E-01
1
51
-20.0
-10.0
0
0.03
-8.363660E-01
-4.924037E-01
-2.525980E-01
1
49
-16.0
-10.0
0
0.03
-7.760126E-01
-4.924037E-01
-2.212794E-01
1
48
-12.0
-10.0
0
0.03
-7.118786E-01
-4.924037E-01
-1.888826E-01
1
46
-8.0
-10.0
0
0.03
-6.442763E-01
-4.924037E-01
-1.555657E-01
1
44
-4.0
-10.0
0
0.03
-5.735353E-01
-4.924038E-01
-1.214909E-01
1
42
0.0
-10.0
0
0.03
-5.000000E-01
-4.924038E-01
-8.682411E-02
1
40
4.0
-10.0
0
0.03
-5.048386E-01
-4.924038E-01
-1.214908E-01
1
42
8.0
-10.0
0
0.03
-5.072176E-01
-4.924038E-01
-1.555657E-01
1
44
12.0
-10.0
0
0.03
-5.071256E-01
-4.924039E-01
-1.888826E-01
1
46
16.0
-10.0
0
0.03
-5.045628E-01
-4.924039E-01
-2.212794E-01
1
48
20.0
-10.0
0
0.03
-4.995419E-01
-4.924039E-01
-2.525980E-01
1
49
-20.0
-5.0
0
0.03
-8.254695E-01
-4.980974E-01
-2.119599E-01
1
47
-16.0
-5.0
0
0.03
-7.672310E-01
-4.980974E-01
-1.797084E-01
1
45
-12.0
-5.0
0
0.03
-7.052547E-01
-4.980974E-01
-1.465814E-01
1
44
-8.0
-5.0
0
0.03
-6.398424E-01
-4.980974E-01
-1.127403E-01
1
42
-4.0
-5.0
0
0.03
-5.713129E-01
-4.980974E-01
-7.834996E-02
1
40
0.0
-5.0
0
0.03
-5.000000E-01
-4.980973E-01
-4.357787E-02
1
38
4.0
-5.0
0
0.03
-5.018219E-01
-4.980973E-01
-7.834995E-02
1
40
8.0
-5.0
0
0.03
-5.011989E-01
-4.980973E-01
-1.127403E-01
1
42
12.0
-5.0
0
0.03
-4.981342E-01
-4.980973E-01
-1.465814E-01
1
44
16.0
-5.0
0
0.03
-4.926425E-01
-4.980973E-01
-1.797084E-01
1
45
20.0
-5.0
0
0.03
-4.847508E-01
-4.980973E-01
-2.119599E-01
1
47
-20.0
0.0
0
0.03
-8.118665E-01
-4.999999E-01
-1.710101E-01
1
44
-16.0
0.0
0
0.03
-7.562682E-01
-4.999999E-01
-1.378187E-01
1
43
-12.0
0.0
0
0.03
-6.969855E-01
-4.999999E-01
-1.039558E-01
1
41
-8.0
0.0
0
0.03
-6.343071E-01
-4.999999E-01
-6.958655E-02
1
39
-4.0
0.0
0
0.03
-5.685385E-01
-4.999999E-01
-3.487823E-02
1
37
0.0
0.0
0
0.03
-5.000000E-01
-5.000000E-01
1.490116E-09
1
35
4.0
0.0
0
0.03
-4.987820E-01
-5.000000E-01
-3.487823E-02
1
37
8.0
0.0
0
0.03
-4.951340E-01
-5.000000E-01
-6.958654E-02
1
39
12.0
0.0
0
0.03
-4.890738E-01
-5.000000E-01
-1.039558E-01
1
41
16.0
0.0
0
0.03
-4.806308E-01
-5.000000E-01
-1.378187E-01
1
43
20.0
0.0
0
0.03
-4.698463E-01
-5.000000E-01
-1.710101E-01
1
44
-20.0
5.0
0
0.03
-8.254695E-01
-5.852531E-01
-2.119599E-01
1
47
-16.0
5.0
0
0.03
-7.672310E-01
-5.852531E-01
-1.797084E-01
1
45
-12.0
5.0
0
0.03
-7.052546E-01
-5.852531E-01
-1.465814E-01
1
44
-8.0
5.0
0
0.03
-6.398424E-01
-5.852531E-01
-1.127403E-01
1
42
-4.0
5.0
0
0.03
-5.713129E-01
-5.852531E-01
-7.834997E-02
1
40
0.0
5.0
0
0.03
-5.000000E-01
-5.852531E-01
-4.357787E-02
1
38
4.0
5.0
0
0.03
-5.018219E-01
-5.852531E-01
-7.834996E-02
1
40
8.0
5.0
0
0.03
-5.011989E-01
-5.852530E-01
-1.127403E-01
1
42
12.0
5.0
0
0.03
-4.981342E-01
-5.852530E-01
-1.465814E-01
1
44
16.0
5.0
0
0.03
-4.926425E-01
-5.852530E-01
-1.797084E-01
1
45
20.0
5.0
0
0.03
-4.847508E-01
-5.852530E-01
-2.119599E-01
1
47
-20.0
10.0
0
0.03
-8.363660E-01
-6.660520E-01
-2.525980E-01
1
49
-16.0
10.0
0
0.03
-7.760126E-01
-6.660520E-01
-2.212793E-01
1
48
-12.0
10.0
0
0.03
-7.118786E-01
-6.660520E-01
-1.888826E-01
1
46
-8.0
10.0
0
0.03
-6.442763E-01
-6.660521E-01
-1.555657E-01
1
44
-4.0
10.0
0
0.03
-5.735353E-01
-6.660521E-01
-1.214908E-01
1
42
0.0
10.0
0
0.03
-5.000000E-01
-6.660521E-01
-8.682411E-02
1
40
4.0
10.0
0
0.03
-5.048386E-01
-6.660521E-01
-1.214908E-01
1
42
8.0
10.0
0
0.03
-5.072176E-01
-6.660521E-01
-1.555657E-01
1
44
12.0
10.0
0
0.03
-5.071256E-01
-6.660521E-01
-1.888826E-01
1
46
16.0
10.0
0
0.03
-5.045628E-01
-6.660521E-01
-2.212794E-01
1
48
20.0
10.0
0
0.03
-4.995419E-01
-6.660521E-01
-2.525981E-01
1
49
-20.0
15.0
0
0.03
-8.444731E-01
-7.417820E-01
-2.926153E-01
1
51
-16.0
15.0
0
0.03
-7.825462E-01
-7.417820E-01
-2.622151E-01
1
50
-12.0
15.0
0
0.03
-7.168069E-01
-7.417820E-01
-2.305374E-01
1
48
-8.0
15.0
0
0.03
-6.475753E-01
-7.417820E-01
-1.977367E-01
1
47
-4.0
15.0
0
0.03
-5.751888E-01
-7.417820E-01
-1.639725E-01
1
45
0.0
15.0
0
0.03
-5.000000E-01
-7.417820E-01
-1.294096E-01
1
42
4.0
15.0
0
0.03
-5.078092E-01
-7.417819E-01
-1.639726E-01
1
45
8.0
15.0
0
0.03
-5.131443E-01
-7.417819E-01
-1.977367E-01
1
47
12.0
15.0
0
0.03
-5.159796E-01
-7.417819E-01
-2.305375E-01
1
48
16.0
15.0
0
0.03
-5.163009E-01
-7.417819E-01
-2.622151E-01
1
50
20.0
15.0
0
0.03
-5.141070E-01
-7.417819E-01
-2.926153E-01
1
51
