# Table format: 3D
# table_unit = Wb
# axis1_unit = degree
# axis2_unit = A
# axis3_unit = A
# axis1_token = theta
# axis2_token = id
# axis3_token = iq
39
7
7
    0.00000000000000e+000     3.94736842105260e-001     7.89473684210527e-001     1.18421052631579e+000     1.57894736842106e+000     1.97368421052632e+000     2.36842105263158e+000     2.76315789473684e+000     3.15789473684210e+000     3.55263157894737e+000     3.94736842105263e+000     4.34210526315790e+000     4.73684210526316e+000     5.13157894736842e+000     5.52631578947368e+000     5.92105263157895e+000     6.31578947368421e+000     6.71052631578947e+000     7.10526315789474e+000     7.50000000000000e+000     7.89473684210526e+000     8.28947368421053e+000     8.68421052631579e+000     9.07894736842105e+000     9.47368421052632e+000     9.86842105263158e+000     1.02631578947368e+001     1.06578947368421e+001     1.10526315789474e+001     1.14473684210526e+001     1.18421052631579e+001     1.22368421052632e+001     1.26315789473684e+001     1.30263157894737e+001     1.34210526315790e+001     1.38157894736842e+001     1.42105263157895e+001     1.46052631578947e+001     1.50000000000000e+001
   -2.40000000000000e+002    -1.60000000000000e+002    -8.00000000000000e+001     0.00000000000000e+000     8.00000000000000e+001     1.60000000000000e+002     2.40000000000000e+002
   -2.40000000000000e+002    -1.60000000000000e+002    -8.00000000000000e+001     0.00000000000000e+000     8.00000000000000e+001     1.60000000000000e+002     2.40000000000000e+002
   -6.00793812209594e-001    -5.98855383521571e-001    -5.97232220582745e-001    -5.96584535196547e-001    -5.96817874867901e-001    -5.97355804735378e-001    -5.98025441014825e-001    -5.98618595435479e-001    -5.99141186899513e-001    -5.99605792436890e-001    -6.00268051855171e-001    -6.01196928332557e-001    -6.02327217325235e-001    -6.03627891699396e-001    -6.04995657698805e-001    -6.06330127084931e-001    -6.07446915037815e-001    -6.08403161753936e-001    -6.09407949093953e-001    -6.10219111964726e-001    -6.10831218919965e-001    -6.11096553306146e-001    -6.11460817212552e-001    -6.11925775270254e-001    -6.12290301010219e-001    -6.12364887284540e-001    -6.12301858760976e-001    -6.11932384404753e-001    -6.11434887656459e-001    -6.10954884410836e-001    -6.10583940923175e-001    -6.10207595203174e-001    -6.09689344967581e-001    -6.08856178302855e-001    -6.07699232121381e-001    -6.06294694060740e-001    -6.04604071601353e-001    -6.02765384080621e-001    -6.00793812209594e-001
   -6.16560773565701e-001    -6.16263513366381e-001    -6.16077353589502e-001    -6.16156435118401e-001    -6.16376399303334e-001    -6.16688613546410e-001    -6.17045067353556e-001    -6.17369796672948e-001    -6.17641298852597e-001    -6.17773569536949e-001    -6.17976826110058e-001    -6.18436094766463e-001    -6.19141839908980e-001    -6.20071340706398e-001    -6.21002611876064e-001    -6.21954305484686e-001    -6.22687136212678e-001    -6.23225556597378e-001    -6.23555544065837e-001    -6.23569657236231e-001    -6.23313989903768e-001    -6.23048704807712e-001    -6.22924781053299e-001    -6.22879336337493e-001    -6.22736934685040e-001    -6.22433246919384e-001    -6.21898803896553e-001    -6.21067007213702e-001    -6.20108544319196e-001    -6.19147462249715e-001    -6.18298818119074e-001    -6.17540786515384e-001    -6.16892427759581e-001    -6.16521876053867e-001    -6.16449510118127e-001    -6.16543674922907e-001    -6.16665222399822e-001    -6.16714029663881e-001    -6.16560773565701e-001
   -6.06083027098640e-001    -6.05925070326241e-001    -6.05953201897197e-001    -6.06258401890638e-001    -6.06739628444372e-001    -6.07366166991863e-001    -6.07953691881002e-001    -6.08450756615019e-001    -6.08883961375793e-001    -6.09333359305709e-001    -6.09849833086513e-001    -6.10478558018109e-001    -6.11056871626044e-001    -6.11706377424537e-001    -6.12306456946430e-001    -6.12841575037024e-001    -6.13374605321912e-001    -6.13807626048789e-001    -6.14168788272879e-001    -6.14312930636153e-001    -6.14335557879478e-001    -6.14212116881956e-001    -6.14021597131379e-001    -6.13645317052244e-001    -6.12919638701956e-001    -6.11931073039921e-001    -6.10931368593062e-001    -6.10010100372509e-001    -6.09230052960936e-001    -6.08615641008835e-001    -6.08101414237397e-001    -6.07677963964538e-001    -6.07388052731029e-001    -6.07044160267961e-001    -6.06816326698369e-001    -6.06568507213141e-001    -6.06332614895809e-001    -6.06178527824630e-001    -6.06083027098640e-001
   -5.75520452042176e-001    -5.76876766508258e-001    -5.78323115768993e-001    -5.79694137070515e-001    -5.80803736108307e-001    -5.81635551380335e-001    -5.82279174317391e-001    -5.82767551988988e-001    -5.83033484754930e-001    -5.83283844879260e-001    -5.83335364457984e-001    -5.83581699822987e-001    -5.84056147047625e-001    -5.84409323254015e-001    -5.84666962420674e-001    -5.84724461402223e-001    -5.84077924929887e-001    -5.83291587938242e-001    -5.82682168966153e-001    -5.82198991405583e-001    -5.81753497567372e-001    -5.81367298810809e-001    -5.81061913699155e-001    -5.80760644073360e-001    -5.80263358500745e-001    -5.79400517397154e-001    -5.78340787034277e-001    -5.77000552548956e-001    -5.75561089553400e-001    -5.73960944778155e-001    -5.72527491717202e-001    -5.71711475894917e-001    -5.71170325278063e-001    -5.70730969611256e-001    -5.70905877303448e-001    -5.71698653173010e-001    -5.72820106195348e-001    -5.74151484121511e-001    -5.75520452042176e-001
   -5.39836000213840e-001    -5.40935825707961e-001    -5.41773635954065e-001    -5.42340002204159e-001    -5.42795525778200e-001    -5.43633455909944e-001    -5.44358544522308e-001    -5.44478697271095e-001    -5.44401211234490e-001    -5.43424945192985e-001    -5.41426434149065e-001    -5.39630503635545e-001    -5.38369002027656e-001    -5.37461995461402e-001    -5.36975870342279e-001    -5.36734948432521e-001    -5.36780507362571e-001    -5.36770408062022e-001    -5.36343649047194e-001    -5.35666636376891e-001    -5.34661812952562e-001    -5.33511782541277e-001    -5.31704234381170e-001    -5.30005515860492e-001    -5.28975431611622e-001    -5.28717545547103e-001    -5.28141105744130e-001    -5.27266491542926e-001    -5.26531795040383e-001    -5.26657611360958e-001    -5.27327770185820e-001    -5.28399812478713e-001    -5.29823790813063e-001    -5.31543328779451e-001    -5.33518297533535e-001    -5.35454585027833e-001    -5.37116630080748e-001    -5.38571282343625e-001    -5.39836000213840e-001
   -4.98526814981892e-001    -4.99779744000678e-001    -5.00920767008768e-001    -5.01492715283845e-001    -5.01102052485568e-001    -4.99150367685733e-001    -4.96823926544265e-001    -4.94563636351231e-001    -4.92503634457120e-001    -4.90740190453556e-001    -4.89605817402296e-001    -4.88806691549601e-001    -4.87972494954398e-001    -4.86888753870134e-001    -4.85383624780020e-001    -4.83846073956909e-001    -4.82214290608255e-001    -4.80255966108898e-001    -4.79609158381375e-001    -4.79962442569726e-001    -4.80634327844051e-001    -4.81711115610913e-001    -4.82361286655063e-001    -4.82683155853383e-001    -4.83204586299273e-001    -4.83671893799632e-001    -4.84256320427523e-001    -4.85069810244076e-001    -4.86274710779208e-001    -4.87728162126689e-001    -4.89173765496953e-001    -4.90532851600892e-001    -4.91679811149973e-001    -4.92707767569330e-001    -4.93677814088199e-001    -4.94460628534305e-001    -4.95027146646495e-001    -4.96651706673757e-001    -4.98526814981892e-001
   -4.58574428522514e-001    -4.56143812292180e-001    -4.54155235772068e-001    -4.52340612464360e-001    -4.50496939281361e-001    -4.48597332974746e-001    -4.46787099439146e-001    -4.45089077943346e-001    -4.43120963752491e-001    -4.40784188982800e-001    -4.37919047008041e-001    -4.34728893533196e-001    -4.31879763100390e-001    -4.31819509048703e-001    -4.32891395879567e-001    -4.34500337807642e-001    -4.36159061815109e-001    -4.37834040242123e-001    -4.38752883003527e-001    -4.38976224939364e-001    -4.39844513251272e-001    -4.41066049277801e-001    -4.42503710204397e-001    -4.43803335579428e-001    -4.44993203263003e-001    -4.46213351055882e-001    -4.47371915031623e-001    -4.48208543387330e-001    -4.48695986820655e-001    -4.48892735859397e-001    -4.48773730152288e-001    -4.48755116482789e-001    -4.50085310071885e-001    -4.52732253059776e-001    -4.55584017119161e-001    -4.57774827371901e-001    -4.59150154940200e-001    -4.59390377364929e-001    -4.58574428522514e-001
   -5.49855018368717e-001    -5.46807933978333e-001    -5.43526917752918e-001    -5.40608727399215e-001    -5.38331095899445e-001    -5.37179605255522e-001    -5.37193426276057e-001    -5.37325361067296e-001    -5.37286867813445e-001    -5.37025488777599e-001    -5.36795778783437e-001    -5.36832543885424e-001    -5.37595328347919e-001    -5.39341156670742e-001    -5.41423429422951e-001    -5.43542672065503e-001    -5.45631387785836e-001    -5.47527992614127e-001    -5.49214830471048e-001    -5.50616257959249e-001    -5.51520052520331e-001    -5.51997975973138e-001    -5.52350549069903e-001    -5.52985172972512e-001    -5.54098738947792e-001    -5.55350423987701e-001    -5.56326400134949e-001    -5.56920056011385e-001    -5.57139287236033e-001    -5.57252461426550e-001    -5.57360651237313e-001    -5.57568113351656e-001    -5.57795393007005e-001    -5.57757244421848e-001    -5.57305318029260e-001    -5.56315696903450e-001    -5.54700966205474e-001    -5.52535465738794e-001    -5.49855018368717e-001
   -5.66152035741885e-001    -5.66015611694394e-001    -5.65867664883662e-001    -5.65947533990498e-001    -5.66383618356033e-001    -5.66891934434281e-001    -5.67428765041479e-001    -5.67808590232838e-001    -5.67963910927188e-001    -5.68092741151023e-001    -5.68364789269939e-001    -5.68806807977572e-001    -5.69407532417969e-001    -5.70204482515458e-001    -5.71290572756133e-001    -5.72477802523886e-001    -5.73691621644478e-001    -5.74712564801805e-001    -5.75474537637106e-001    -5.75910440959622e-001    -5.75946431730358e-001    -5.75727535056286e-001    -5.75499157240490e-001    -5.75501797989259e-001    -5.75578341139090e-001    -5.75429043761935e-001    -5.74841289016048e-001    -5.73735941095552e-001    -5.72257787127421e-001    -5.70689932087688e-001    -5.69263406987265e-001    -5.67945093192130e-001    -5.66880825002037e-001    -5.66233311727051e-001    -5.66060024734629e-001    -5.66108304689088e-001    -5.66190650425824e-001    -5.66192422624888e-001    -5.66152035741885e-001
   -5.53165498778349e-001    -5.53757704426983e-001    -5.54479312174334e-001    -5.55452762075567e-001    -5.56648638017661e-001    -5.57788418531299e-001    -5.58594510515348e-001    -5.59237188056511e-001    -5.59745253006920e-001    -5.60087748747628e-001    -5.60463985808335e-001    -5.60790056096607e-001    -5.61104183553509e-001    -5.61403598749548e-001    -5.61660640216440e-001    -5.61958598896931e-001    -5.62257091977934e-001    -5.62475652821714e-001    -5.62711230447630e-001    -5.62809121731679e-001    -5.62599027039091e-001    -5.62055679986751e-001    -5.61322267749273e-001    -5.60550079730296e-001    -5.59775818818495e-001    -5.58885925226469e-001    -5.57839562850493e-001    -5.56709708738616e-001    -5.55620106972159e-001    -5.54693945576500e-001    -5.53907314683813e-001    -5.53312216139294e-001    -5.52801262030978e-001    -5.52409376252813e-001    -5.52086772758208e-001    -5.51966582879209e-001    -5.52114118081396e-001    -5.52535112876345e-001    -5.53165498778349e-001
   -5.15137715921073e-001    -5.16655236829854e-001    -5.18115515525947e-001    -5.19355820814882e-001    -5.20439178241184e-001    -5.20991783808625e-001    -5.21130360434097e-001    -5.20983768346637e-001    -5.20786021581389e-001    -5.20773988107800e-001    -5.20430729494443e-001    -5.19354226748573e-001    -5.18073167783672e-001    -5.17153145397878e-001    -5.16605679408542e-001    -5.16265653617859e-001    -5.16012524713579e-001    -5.15846538823595e-001    -5.15665548592811e-001    -5.15413826985621e-001    -5.15086291506139e-001    -5.14547755284885e-001    -5.13768191943336e-001    -5.12979624607975e-001    -5.12164245553301e-001    -5.11148016289114e-001    -5.09630799123310e-001    -5.07627133433736e-001    -5.05810649958321e-001    -5.04836865402961e-001    -5.04483019964204e-001    -5.04647476242230e-001    -5.05272472750585e-001    -5.06428201479211e-001    -5.07906802154991e-001    -5.09674750538787e-001    -5.11553420189539e-001    -5.13411864045909e-001    -5.15137715921073e-001
   -4.61892562906471e-001    -4.63130148109494e-001    -4.64485455561717e-001    -4.65099181371136e-001    -4.64839118180937e-001    -4.63896127991223e-001    -4.62553000298709e-001    -4.61133642103758e-001    -4.59541731812371e-001    -4.58135943731083e-001    -4.56692827577426e-001    -4.55582801551826e-001    -4.54585231366499e-001    -4.53504848176342e-001    -4.52536563490192e-001    -4.51197820892143e-001    -4.49756437418531e-001    -4.47949465197674e-001    -4.46256474264481e-001    -4.45956708097361e-001    -4.46553516245276e-001    -4.46911118271551e-001    -4.47173272763174e-001    -4.47895993996495e-001    -4.48570918214273e-001    -4.49177265903959e-001    -4.49807158113931e-001    -4.50585874366720e-001    -4.51419285782272e-001    -4.52546288978010e-001    -4.53760092376633e-001    -4.55031473063842e-001    -4.56348010968424e-001    -4.57645973516813e-001    -4.59004582356896e-001    -4.59874325976461e-001    -4.60281523087832e-001    -4.60658837567936e-001    -4.61892562906471e-001
   -4.04822134941117e-001    -4.03816071438082e-001    -4.03221267327981e-001    -4.02501040437089e-001    -4.01473811239006e-001    -4.00192672860224e-001    -3.98602518400468e-001    -3.96237823705180e-001    -3.93721999278654e-001    -3.91365896982925e-001    -3.88845428835536e-001    -3.86294177670663e-001    -3.85426677958562e-001    -3.86439564358314e-001    -3.86983228455044e-001    -3.88329593398438e-001    -3.88522684386857e-001    -3.88272732749660e-001    -3.88862978917196e-001    -3.90270362839023e-001    -3.92164082027601e-001    -3.94181221271479e-001    -3.96197084052459e-001    -3.97941356802609e-001    -3.99591561007801e-001    -4.00663666878104e-001    -4.01365629792186e-001    -4.01960809747125e-001    -4.02508845101436e-001    -4.02705355229502e-001    -4.02885084344166e-001    -4.04081877509438e-001    -4.06211175503021e-001    -4.07784550549281e-001    -4.08664315583344e-001    -4.09307100615026e-001    -4.08457481031023e-001    -4.06376219088798e-001    -4.04822134941117e-001
   -3.49195401495245e-001    -3.47958334940854e-001    -3.46226193592510e-001    -3.43618619760725e-001    -3.40139858802319e-001    -3.36380469185307e-001    -3.32428788475886e-001    -3.30811463483292e-001    -3.32753011500902e-001    -3.35449908461941e-001    -3.38581266433404e-001    -3.41415719489704e-001    -3.44015831333994e-001    -3.44511261593281e-001    -3.43196186652199e-001    -3.42826502775802e-001    -3.43334603789748e-001    -3.44533468157942e-001    -3.46255213170037e-001    -3.48213006331772e-001    -3.50170652500603e-001    -3.51648389672508e-001    -3.52529084450359e-001    -3.52749878371473e-001    -3.52732105496425e-001    -3.52489237384860e-001    -3.52461922461146e-001    -3.54866905757642e-001    -3.58814935988473e-001    -3.62470891283861e-001    -3.65132210967171e-001    -3.66557982957095e-001    -3.66754722368604e-001    -3.63684433638021e-001    -3.58925533603874e-001    -3.55365576250175e-001    -3.52654915186347e-001    -3.50586855495188e-001    -3.49195401495245e-001
   -4.36379187835213e-001    -4.33262926474100e-001    -4.27732104551817e-001    -4.19902935763021e-001    -4.10340341028227e-001    -4.00392344035067e-001    -3.92510167711213e-001    -3.87800065044135e-001    -3.84974605811271e-001    -3.82282653518139e-001    -3.79218624216706e-001    -3.76688030229620e-001    -3.74872916180704e-001    -3.72874474649630e-001    -3.71471124639367e-001    -3.69782635865259e-001    -3.68408674616973e-001    -3.67821728644877e-001    -3.68731758997204e-001    -3.71748238863543e-001    -3.75772898861387e-001    -3.78703735703035e-001    -3.79937413892084e-001    -3.80116328132900e-001    -3.80600888693483e-001    -3.84036868454859e-001    -3.90365605444231e-001    -3.98252056473502e-001    -4.06470271405128e-001    -4.12898767142013e-001    -4.17427117106462e-001    -4.20736679866775e-001    -4.23261943730635e-001    -4.25842569125116e-001    -4.29410956292621e-001    -4.33023788967496e-001    -4.35781111515960e-001    -4.37063436519173e-001    -4.36379187835213e-001
   -4.41934167557046e-001    -4.41749491199595e-001    -4.42036513042726e-001    -4.42102346590818e-001    -4.42178553610710e-001    -4.42460844347695e-001    -4.43000050488271e-001    -4.43654339703598e-001    -4.43347679862992e-001    -4.41367541409760e-001    -4.38479861130457e-001    -4.35722009074360e-001    -4.32877792181536e-001    -4.30590150970031e-001    -4.29541830477452e-001    -4.30049707564218e-001    -4.31978901729050e-001    -4.34371898107713e-001    -4.37093546643709e-001    -4.39783459397359e-001    -4.41684610862316e-001    -4.42663976766116e-001    -4.43036267959249e-001    -4.43321649232359e-001    -4.44048001276305e-001    -4.45066982613305e-001    -4.46435991443089e-001    -4.47762257398474e-001    -4.48282185156016e-001    -4.48082072097645e-001    -4.47488314880163e-001    -4.46371994693292e-001    -4.45049121625912e-001    -4.43695934976072e-001    -4.42738561557959e-001    -4.42257847807113e-001    -4.42127617572507e-001    -4.42068550544610e-001    -4.41934167557046e-001
   -4.56839323340583e-001    -4.59293574242588e-001    -4.61566685000245e-001    -4.63419571221250e-001    -4.64810609048356e-001    -4.65602252275024e-001    -4.65923874002035e-001    -4.64942918396104e-001    -4.63675737021713e-001    -4.62086696088927e-001    -4.59889673273156e-001    -4.57139949555531e-001    -4.54519770097121e-001    -4.52467123270313e-001    -4.51069659258245e-001    -4.50325407113075e-001    -4.50052033219606e-001    -4.49953650768420e-001    -4.49732510865019e-001    -4.49281433900657e-001    -4.48752749830011e-001    -4.48000856418248e-001    -4.47402360538109e-001    -4.46975576538046e-001    -4.46468528308650e-001    -4.45777880947808e-001    -4.44629443660304e-001    -4.43118051490134e-001    -4.41888709052583e-001    -4.41250831441922e-001    -4.41161312875997e-001    -4.41685530254074e-001    -4.42646957820697e-001    -4.44112085839123e-001    -4.46145913722072e-001    -4.48619901291090e-001    -4.51343532674625e-001    -4.54141430071614e-001    -4.56839323340583e-001
   -4.03621846676932e-001    -4.03454935027068e-001    -4.03791064462231e-001    -4.04543973188989e-001    -4.05366851209394e-001    -4.05422516890223e-001    -4.05124860022452e-001    -4.04401295153553e-001    -4.03341447350825e-001    -4.02076145529825e-001    -4.01033981644811e-001    -4.00155027020546e-001    -3.99412025025043e-001    -3.98417690801992e-001    -3.97070354946033e-001    -3.95359636399102e-001    -3.93409186531044e-001    -3.91719344680825e-001    -3.90559277078544e-001    -3.89983407466621e-001    -3.90061383126502e-001    -3.90816307407078e-001    -3.91981553293660e-001    -3.93118467109765e-001    -3.94086649519138e-001    -3.94811685476567e-001    -3.95417558490317e-001    -3.96096968008042e-001    -3.96772815443833e-001    -3.97522768517672e-001    -3.98469769181020e-001    -3.99633038536209e-001    -4.00792668133039e-001    -4.01921648027701e-001    -4.03039627168935e-001    -4.03861134216970e-001    -4.04117546457854e-001    -4.03985932578570e-001    -4.03621846676932e-001
   -3.21679392619352e-001    -3.21808050162989e-001    -3.22355237854406e-001    -3.22763435204496e-001    -3.22685269107722e-001    -3.21755484324705e-001    -3.20530231118652e-001    -3.19166489622626e-001    -3.17200807171051e-001    -3.15060702688145e-001    -3.13850547188395e-001    -3.13909794615401e-001    -3.13186838794846e-001    -3.11160839356263e-001    -3.09407076399739e-001    -3.08791400725792e-001    -3.09458501556705e-001    -3.11039207268626e-001    -3.13274735678271e-001    -3.15829933060103e-001    -3.18855777791305e-001    -3.21935199326269e-001    -3.24739831344335e-001    -3.27172247500138e-001    -3.28932160831515e-001    -3.30335447860639e-001    -3.31054315448777e-001    -3.31198608107827e-001    -3.31307044101092e-001    -3.31119867177430e-001    -3.31978030745786e-001    -3.32887607813205e-001    -3.31537611707902e-001    -3.28216013373740e-001    -3.25027778379072e-001    -3.22954282629340e-001    -3.21943019014136e-001    -3.21645881132469e-001    -3.21679392619352e-001
   -2.47617496359353e-001    -2.45299307825249e-001    -2.42584286435466e-001    -2.40342678962829e-001    -2.41898962210689e-001    -2.44331964824076e-001    -2.46764283424873e-001    -2.49963904805541e-001    -2.50996100308486e-001    -2.49877621014424e-001    -2.49083365947140e-001    -2.48975860971916e-001    -2.49257419405929e-001    -2.50183407974953e-001    -2.51432527359372e-001    -2.53386666012662e-001    -2.55740799394440e-001    -2.57881531066726e-001    -2.59914431419755e-001    -2.61302148072019e-001    -2.62642447235097e-001    -2.63575567384336e-001    -2.64112679340186e-001    -2.65435483470556e-001    -2.68510407817622e-001    -2.71648445633018e-001    -2.73597419870467e-001    -2.75637930957404e-001    -2.74301151232614e-001    -2.69465256142130e-001    -2.65040526984950e-001    -2.61096279881041e-001    -2.57876616481448e-001    -2.55279760799982e-001    -2.53425681542303e-001    -2.52332442151310e-001    -2.51140765421541e-001    -2.49831809883104e-001    -2.47617496359353e-001
   -1.85376835624454e-001    -1.88778705879377e-001    -1.93838168082760e-001    -1.97885715255045e-001    -2.02367430230670e-001    -2.04733691976869e-001    -2.03843038273504e-001    -2.02845062842796e-001    -2.02380819148338e-001    -2.02355456377268e-001    -2.02804061573440e-001    -2.03930546518971e-001    -2.05595816261780e-001    -2.07007938085798e-001    -2.08129987273638e-001    -2.09052249852547e-001    -2.09689137669887e-001    -2.09884402519716e-001    -2.09960359431801e-001    -2.12507705675445e-001    -2.17078200409475e-001    -2.21182223367861e-001    -2.25473539891451e-001    -2.28251049528915e-001    -2.30277453009001e-001    -2.28803483119493e-001    -2.23026628627193e-001    -2.17568947111215e-001    -2.12363118585971e-001    -2.07951312742984e-001    -2.04434274458918e-001    -2.01935942166304e-001    -1.98773264012733e-001    -1.95181701612191e-001    -1.91237966944388e-001    -1.87290008102717e-001    -1.83023364968959e-001    -1.82269466039864e-001    -1.85376835624454e-001
    2.90206351297728e-011    -1.85400450013096e-002    -3.55093534502769e-002    -4.85984148488224e-002    -5.49966846757583e-002    -5.50957552181889e-002    -5.16956329091625e-002    -4.68223796682029e-002    -4.00235540981212e-002    -3.03301904748433e-002    -1.81870925988423e-002    -4.54584984212883e-003     9.54416419853715e-003     2.28535255553847e-002     3.35784235120276e-002     3.93994688810042e-002     3.84686457458731e-002     2.98080692656595e-002     1.60057744814454e-002     7.79879821205403e-006    -1.59911157988143e-002    -2.97729914338686e-002    -3.83963778208857e-002    -3.93763573899566e-002    -3.35766719328273e-002    -2.28500398845137e-002    -9.53675149303523e-003     4.54814536975720e-003     1.81873593628563e-002     3.03362946570889e-002     4.00327350333951e-002     4.68348452610189e-002     5.17269010717326e-002     5.51368552342434e-002     5.50016691847944e-002     4.85971725149584e-002     3.55119540581231e-002     1.85387443699304e-002     2.90206351297728e-011
    9.28654633523016e-010    -7.16178782067458e-003    -1.39630816959274e-002    -1.97826766371372e-002    -2.38083231866631e-002    -2.51906615884861e-002    -2.31238588534106e-002    -1.65064305431337e-002    -6.05626105985785e-003     6.69361430084650e-003     1.99360429355547e-002     3.28743641280810e-002     4.44214511885839e-002     5.29467505645349e-002     5.65595640173630e-002     5.47318433746364e-002     4.73191176136735e-002     3.45674196176278e-002     1.81380938959765e-002     3.95211838760989e-006    -1.81290412435546e-002    -3.45411619773323e-002    -4.72633774672842e-002    -5.47151842831638e-002    -5.65607717076664e-002    -5.29453770527490e-002    -4.44153146765221e-002    -3.28696101962941e-002    -1.99320703813051e-002    -6.68793099838893e-003     6.06118289980726e-003     1.65103878936367e-002     2.31357936475820e-002     2.52091206849508e-002     2.38117160980915e-002     1.97806339961756e-002     1.39644859133104e-002     7.16083841042951e-003     9.28654633523016e-010
    2.16594371527619e-008    -4.40665342412529e-003    -7.21954760337160e-003    -7.73303908341733e-003    -5.61639307341164e-003    -1.25296050634362e-003     4.42895990918577e-003     1.08934265338642e-002     1.71935126274479e-002     2.28182428215666e-002     2.74283130769206e-002     3.09032690435701e-002     3.32736655828976e-002     3.45732406583487e-002     3.44930732899136e-002     3.24953090222131e-002     2.79268028900180e-002     2.05674487625742e-002     1.07467054051929e-002     2.79764245399611e-006    -1.07418207650694e-002    -2.05409215581988e-002    -2.78812176945429e-002    -3.24760155122513e-002    -3.44847731163114e-002    -3.45685290361688e-002    -3.32722720464695e-002    -3.09062126240861e-002    -2.74315161359271e-002    -2.28200345071092e-002    -1.71923108554719e-002    -1.08911857340992e-002    -4.41228769073907e-003     1.28366604435260e-003     5.62817132648866e-003     7.73789115305918e-003     7.22226809388768e-003     4.40054684860155e-003     2.16594371527619e-008
   -1.84733418308941e-008    -5.13913646824093e-003    -9.73932940789120e-003    -1.28174582294189e-002    -1.42361812750158e-002    -1.39010833446903e-002    -1.22984946607154e-002    -9.55528953714360e-003    -5.83638741386301e-003    -1.57373310561362e-003     2.84813804487598e-003     7.09544503426666e-003     1.07732827061759e-002     1.34175564826296e-002     1.48199499424202e-002     1.48853989326320e-002     1.32487585958906e-002     9.98687684700344e-003     5.26563718374411e-003     2.92945571544588e-006    -5.25888823758987e-003    -9.97506581957693e-003    -1.32288841506904e-002    -1.48719155675807e-002    -1.48075304078749e-002    -1.34057271641836e-002    -1.07652757617288e-002    -7.09050549758162e-003    -2.84434989989669e-003     1.58102910985090e-003     5.84812003394369e-003     9.57145841809981e-003     1.23247139775926e-002     1.39255311075363e-002     1.42462577448055e-002     1.28224283398749e-002     9.74176407942435e-003     5.13850341838329e-003    -1.84733418308941e-008
   -1.28285601668202e-007    -3.65206170094077e-003    -6.79441327959147e-003    -9.64625045781271e-003    -1.21596545235176e-002    -1.39504176302526e-002    -1.54970065625164e-002    -1.62498489511753e-002    -1.61199338345404e-002    -1.47486493290956e-002    -1.17132137152017e-002    -7.65917976231369e-003    -4.44259336422305e-003    -2.40411213839992e-003    -1.07701404281791e-003    -2.48783058046750e-004     4.55598406810396e-004     1.09627931999397e-003     8.61363028421261e-004     1.02216783352863e-006    -8.59377250342823e-004    -1.09325364413029e-003    -4.50595331573493e-004     2.53363639933256e-004     1.08317039040344e-003     2.41121522196657e-003     4.44829085918805e-003     7.66124025174615e-003     1.17102751869206e-002     1.47525682692525e-002     1.61298641970372e-002     1.62618913779196e-002     1.55109444100535e-002     1.39620133618583e-002     1.21654903857413e-002     9.64945353162030e-003     6.79586807802366e-003     3.65050637474189e-003    -1.28285601668202e-007
   -5.37192542173996e-007    -1.99921527214670e-003    -3.71560414916018e-003    -5.02485241667130e-003    -6.36380173718512e-003    -7.62300076826356e-003    -8.39723535365648e-003    -8.04255719579728e-003    -9.13084683336124e-003    -1.21065797419020e-002    -1.58960010021268e-002    -1.95017323559157e-002    -2.12294925886326e-002    -1.98373421069954e-002    -1.60856912680439e-002    -1.22429145863909e-002    -9.16045268940858e-003    -5.66179893812040e-003    -2.43191517242443e-003    -1.82830466036813e-007     2.43124287795030e-003     5.66167748904393e-003     9.16286402934642e-003     1.22500079052233e-002     1.60874109920105e-002     1.98405044047688e-002     2.12409735804110e-002     1.95043889004832e-002     1.58960752349045e-002     1.21117845577951e-002     9.13810154410646e-003     8.05276890594138e-003     8.40837249340247e-003     7.63502983494203e-003     6.36848290265837e-003     5.02729114587147e-003     3.71769454777467e-003     2.00176040945657e-003    -5.37192542173996e-007
   -8.30202667569246e-007    -1.54063517454358e-003    -2.39470267188201e-003    -3.11724807359309e-003    -3.41398630448242e-003    -3.34598985612470e-003    -3.03484388817604e-003    -3.91342288588046e-003    -7.82080936993931e-003    -1.24317293388574e-002    -1.68906683620870e-002    -2.10555858370065e-002    -2.43805845331688e-002    -2.59648672364304e-002    -2.23336658004182e-002    -1.72045084968784e-002    -1.25393142409343e-002    -7.95985410511495e-003    -3.51744041707826e-003    -9.64341719216649e-007     3.51465207120947e-003     7.95714996057865e-003     1.25382847171469e-002     1.72026469158416e-002     2.23337472829660e-002     2.59826741997006e-002     2.43756721572413e-002     2.10549404174557e-002     1.68905748502525e-002     1.24340798788474e-002     7.83674617870057e-003     3.92775879215714e-003     3.04025334235048e-003     3.34405473745063e-003     3.42040203573353e-003     3.12150830339614e-003     2.39797311221383e-003     1.54358176472801e-003    -8.30202667569246e-007
    4.36378431323286e-001     4.37060356186777e-001     4.35778599539564e-001     4.33023637484654e-001     4.29414588629941e-001     4.25856983116652e-001     4.23269817764736e-001     4.20734624022423e-001     4.17424775917007e-001     4.12897662569210e-001     4.06468381593259e-001     3.98247751208320e-001     3.90358796797561e-001     3.84028986079493e-001     3.80593906447457e-001     3.80107637885781e-001     3.79926210853579e-001     3.78701954648953e-001     3.75778038838676e-001     3.71754583891143e-001     3.68736000027473e-001     3.67825566298353e-001     3.68401830256780e-001     3.69779207712040e-001     3.71467977972682e-001     3.72872820297783e-001     3.74871834370251e-001     3.76687182113150e-001     3.79214877970748e-001     3.82280001879346e-001     3.84975575838663e-001     3.87795452306992e-001     3.92491267079358e-001     4.00371279852238e-001     4.10331557985984e-001     4.19896753680985e-001     4.27733938673445e-001     4.33262721867167e-001     4.36378431323286e-001
    4.41936844604032e-001     4.42052451621936e-001     4.42123589634562e-001     4.42256993406510e-001     4.42746715534521e-001     4.43737857649994e-001     4.45086161456641e-001     4.46378611973900e-001     4.47486522345992e-001     4.48081495863069e-001     4.48282498277827e-001     4.47760317796286e-001     4.46431778630057e-001     4.45061915273325e-001     4.44041562479176e-001     4.43304138978717e-001     4.42995480498138e-001     4.42641777605665e-001     4.41680534156323e-001     4.39784612455395e-001     4.37100924326704e-001     4.34400173477063e-001     4.32024355629302e-001     4.30068703821500e-001     4.29551477049958e-001     4.30595685154515e-001     4.32882182048748e-001     4.35719026188220e-001     4.38477850286841e-001     4.41366591549842e-001     4.43344491850934e-001     4.43650368459599e-001     4.42991509775692e-001     4.42453994953532e-001     4.42174080643800e-001     4.42101074799788e-001     4.42036033016104e-001     4.41762648102578e-001     4.41936844604032e-001
    4.56839073826888e-001     4.54125283673762e-001     4.51340842200561e-001     4.48620629551550e-001     4.46153300081634e-001     4.44141561960592e-001     4.42673943562051e-001     4.41691829822910e-001     4.41161627182652e-001     4.41251663758974e-001     4.41889479471736e-001     4.43116537164990e-001     4.44626270891687e-001     4.45775156094367e-001     4.46464378349227e-001     4.46961652151676e-001     4.47356703876754e-001     4.47969924966721e-001     4.48746026771187e-001     4.49283624529578e-001     4.49741589685221e-001     4.49991189532084e-001     4.50103838717784e-001     4.50341542255396e-001     4.51073388344635e-001     4.52469400055833e-001     4.54523902388687e-001     4.57141406420116e-001     4.59887901878227e-001     4.62086452446755e-001     4.63676294878469e-001     4.64938304568574e-001     4.65906202225955e-001     4.65582147956364e-001     4.64806932639785e-001     4.63420414455827e-001     4.61570551605650e-001     4.59309406429000e-001     4.56839073826888e-001
    4.03619270078153e-001     4.03967075194914e-001     4.04120478553245e-001     4.03859641386760e-001     4.03052565769984e-001     4.01949368637237e-001     4.00816587064279e-001     3.99638647733094e-001     3.98471080248066e-001     3.97524256512525e-001     3.96774076812839e-001     3.96096095665898e-001     3.95415513939057e-001     3.94810570082351e-001     3.94085183045383e-001     3.93111055611260e-001     3.91954264955366e-001     3.90797716882726e-001     3.90058006690060e-001     3.89982617015284e-001     3.90561450145603e-001     3.91749228289775e-001     3.93463692843857e-001     3.95376976838662e-001     3.97073255534798e-001     3.98419538988043e-001     3.99414554599688e-001     4.00155168150357e-001     4.01031785003053e-001     4.02073897164127e-001     4.03339432851440e-001     4.04394487473443e-001     4.05103933329897e-001     4.05399235199049e-001     4.05360319745843e-001     4.04543694226402e-001     4.03793577785501e-001     4.03473357436908e-001     4.03619270078153e-001
    3.21675403018484e-001     3.21627330184852e-001     3.21941371583545e-001     3.22942062611218e-001     3.25030219208320e-001     3.28244123674534e-001     3.31562951343851e-001     3.32896002921101e-001     3.31982886380028e-001     3.31120665485359e-001     3.31308918278025e-001     3.31199318515805e-001     3.31054900832555e-001     3.30338666480060e-001     3.28935023066174e-001     3.27171718929310e-001     3.24733694759208e-001     3.21929890209094e-001     3.18855319091955e-001     3.15829798267088e-001     3.13276146603987e-001     3.11050694799359e-001     3.09482222772281e-001     3.08808960342839e-001     3.09408220458172e-001     3.11168308338269e-001     3.13192062740795e-001     3.13914846694414e-001     3.13845835956949e-001     3.15061351698937e-001     3.17202778731645e-001     3.19167509898590e-001     3.20527619138097e-001     3.21749349780510e-001     3.22684356257550e-001     3.22762566766818e-001     3.22355009914999e-001     3.21801475282502e-001     3.21675403018484e-001
    2.47615293039624e-001     2.49832382825031e-001     2.51140185151688e-001     2.52330716269408e-001     2.53427215948117e-001     2.55284542758053e-001     2.57884061400430e-001     2.61098303879698e-001     2.65040511759902e-001     2.69465606581321e-001     2.74297352335830e-001     2.75627534382701e-001     2.73595653849279e-001     2.71646884950835e-001     2.68511028098830e-001     2.65439104221175e-001     2.64118793613824e-001     2.63579019672417e-001     2.62635856952037e-001     2.61304198319283e-001     2.59915674720665e-001     2.57883146390471e-001     2.55744743446247e-001     2.53388816948329e-001     2.51434172131276e-001     2.50185846599669e-001     2.49261271864768e-001     2.48978422418492e-001     2.49074306480650e-001     2.49875794471663e-001     2.50991514549708e-001     2.49961136928019e-001     2.46762609084796e-001     2.44330718905119e-001     2.41898954846351e-001     2.40340981307757e-001     2.42578614680524e-001     2.45297858128072e-001     2.47615293039624e-001
    1.85375831566084e-001     1.82268157061850e-001     1.83021556742516e-001     1.87285827368156e-001     1.91245249027495e-001     1.95180088490525e-001     1.98773152177230e-001     2.01935575619611e-001     2.04434498806036e-001     2.07950097717707e-001     2.12359422214120e-001     2.17559703453175e-001     2.23018443062954e-001     2.28791839457716e-001     2.30273941446351e-001     2.28250785563075e-001     2.25474887557656e-001     2.21184286823327e-001     2.17082253092593e-001     2.12513131959005e-001     2.09966607720390e-001     2.09889663322756e-001     2.09692373979392e-001     2.09056590599495e-001     2.08134039188906e-001     2.07011731017582e-001     2.05599286008300e-001     2.03934128227516e-001     2.02804469309841e-001     2.02355347962643e-001     2.02379944741389e-001     2.02840377244121e-001     2.03839401525801e-001     2.04730977828526e-001     2.02358108793626e-001     1.97884347080985e-001     1.93834847334140e-001     1.88774638318490e-001     1.85375831566084e-001
    5.49856791307825e-001     5.52532189787425e-001     5.54696979449275e-001     5.56311660171021e-001     5.57302591711166e-001     5.57758824762262e-001     5.57798949383803e-001     5.57566821434639e-001     5.57358094026964e-001     5.57250433291943e-001     5.57137905624146e-001     5.56919201286818e-001     5.56325824129980e-001     5.55349405960266e-001     5.54098722497598e-001     5.52986609030478e-001     5.52359087068066e-001     5.52003867071072e-001     5.51520095488966e-001     5.50616271177680e-001     5.49214940677519e-001     5.47526146564272e-001     5.45634467439480e-001     5.43547270562596e-001     5.41427506783162e-001     5.39343993343067e-001     5.37597903781183e-001     5.36834982825151e-001     5.36798136569731e-001     5.37024609154618e-001     5.37286955226944e-001     5.37327837745848e-001     5.37204955866000e-001     5.37189057224796e-001     5.38330586934837e-001     5.40607129604214e-001     5.43525232588237e-001     5.46806177130176e-001     5.49856791307825e-001
    5.66152194474468e-001     5.66187990027306e-001     5.66187853884204e-001     5.66106965089557e-001     5.66060145523744e-001     5.66245120836161e-001     5.66892838219328e-001     5.67945449810638e-001     5.69260031051657e-001     5.70687397570829e-001     5.72255795299714e-001     5.73731180490382e-001     5.74836821930879e-001     5.75424833165217e-001     5.75573142693465e-001     5.75491872680139e-001     5.75479411866282e-001     5.75715787062506e-001     5.75942550525625e-001     5.75911099754086e-001     5.75475858496589e-001     5.74719556413429e-001     5.73705285341616e-001     5.72482308122343e-001     5.71291620474334e-001     5.70205675143127e-001     5.69407988093475e-001     5.68803886261791e-001     5.68364379836003e-001     5.68095112420524e-001     5.67967427480519e-001     5.67808900150300e-001     5.67423729117616e-001     5.66885021123439e-001     5.66383241924094e-001     5.65949309751157e-001     5.65869603362403e-001     5.66018666731656e-001     5.66152194474468e-001
    5.53164948323285e-001     5.52521756514057e-001     5.52111984049886e-001     5.51965031336164e-001     5.52090117340127e-001     5.52432186768952e-001     5.52820064184198e-001     5.53314654936463e-001     5.53906389937116e-001     5.54693599474673e-001     5.55619860061032e-001     5.56707002158246e-001     5.57834687193208e-001     5.58880706820160e-001     5.59769024467343e-001     5.60534651908978e-001     5.61283993094066e-001     5.62031262775241e-001     5.62591795437614e-001     5.62805035388387e-001     5.62710485312452e-001     5.62491657497206e-001     5.62285163083002e-001     5.61964842710008e-001     5.61659338653906e-001     5.61403789782171e-001     5.61105358852515e-001     5.60789706241763e-001     5.60461933421278e-001     5.60086388486297e-001     5.59744857083751e-001     5.59233764927786e-001     5.58581138371963e-001     5.57772704955632e-001     5.56645365361693e-001     5.55454018228604e-001     5.54482929423828e-001     5.53769674326892e-001     5.53164948323285e-001
    5.15137672393632e-001     5.13402387294475e-001     5.11552117217305e-001     5.09674390227301e-001     5.07910875319785e-001     5.06450555342310e-001     5.05293107033220e-001     5.04651755131854e-001     5.04482426041698e-001     5.04837641727473e-001     5.05812786145287e-001     5.07624211755861e-001     5.09632505631615e-001     5.11143966618269e-001     5.12162433097487e-001     5.12968772730560e-001     5.13738105711490e-001     5.14527918158581e-001     5.15081124090482e-001     5.15412347568947e-001     5.15667047116742e-001     5.15862096496705e-001     5.16043186021018e-001     5.16272447079387e-001     5.16600321996642e-001     5.17148987788546e-001     5.18071086660675e-001     5.19350321680864e-001     5.20433094038791e-001     5.20768342802073e-001     5.20781490471230e-001     5.20975188226774e-001     5.21111672601453e-001     5.20972607520141e-001     5.20434626733861e-001     5.19355466332338e-001     5.18117604743976e-001     5.16666162618542e-001     5.15137672393632e-001
    4.61883468835271e-001     4.60649257706068e-001     4.60281872617734e-001     4.59874926136362e-001     4.59016013599942e-001     4.57662848093659e-001     4.56363010423733e-001     4.55035562794434e-001     4.53759605594133e-001     4.52547015953598e-001     4.51420290934677e-001     4.50585585645029e-001     4.49805526573834e-001     4.49175422439987e-001     4.48565503133335e-001     4.47887532599010e-001     4.47146532520973e-001     4.46893092523322e-001     4.46552312843768e-001     4.45953415192878e-001     4.46257544169623e-001     4.47967419273314e-001     4.49781949496191e-001     4.51207791141602e-001     4.52534830730151e-001     4.53502627547590e-001     4.54584145801224e-001     4.55579907820729e-001     4.56692375978292e-001     4.58130504764207e-001     4.59535174383152e-001     4.61121575033987e-001     4.62527537616634e-001     4.63864711310892e-001     4.64824969039315e-001     4.65095662865458e-001     4.64483459283527e-001     4.63140096261462e-001     4.61883468835271e-001
    4.04797420022469e-001     4.06360950215307e-001     4.08455263278229e-001     4.09306158548643e-001     4.08671780456910e-001     4.07800459425986e-001     4.06224330963873e-001     4.04086369025759e-001     4.02887551194527e-001     4.02706828281677e-001     4.02517110936716e-001     4.01964693084376e-001     4.01366310676402e-001     4.00664906277589e-001     3.99591765094040e-001     3.97939741021891e-001     3.96187872554263e-001     3.94175086099492e-001     3.92163527443195e-001     3.90271148533393e-001     3.88867232202550e-001     3.88288629513418e-001     3.88553212221655e-001     3.88348755174315e-001     3.86984103826858e-001     3.86440721426507e-001     3.85426205931612e-001     3.86291562800689e-001     3.88841806532430e-001     3.91355537239313e-001     3.93721517957896e-001     3.96233454537371e-001     3.98591545256749e-001     4.00179668109337e-001     4.01465784340260e-001     4.02494865572211e-001     4.03215565959849e-001     4.03821675777372e-001     4.04797420022469e-001
    3.49177001471337e-001     3.50579682132287e-001     3.52649719396559e-001     3.55358559929117e-001     3.58918521177376e-001     3.63708369935267e-001     3.66764343878538e-001     3.66559789061184e-001     3.65133249547140e-001     3.62471576543203e-001     3.58815372284795e-001     3.54867470563469e-001     3.52465649790957e-001     3.52490771883008e-001     3.52738473850049e-001     3.52752681950369e-001     3.52528503903150e-001     3.51648210913928e-001     3.50171947272008e-001     3.48214166724497e-001     3.46257450075100e-001     3.44540269456764e-001     3.43347895585007e-001     3.42831018157755e-001     3.43199054149248e-001     3.44518383152798e-001     3.44018765372187e-001     3.41420998596319e-001     3.38579852271866e-001     3.35446793745755e-001     3.32752806055392e-001     3.30808039137123e-001     3.32422418476855e-001     3.36377416069191e-001     3.40133883388789e-001     3.43612127505650e-001     3.46217289427192e-001     3.47953113583357e-001     3.49177001471337e-001
    6.00797035473801e-001     6.02759974317098e-001     6.04596980843333e-001     6.06285434644436e-001     6.07693164210023e-001     6.08853747736843e-001     6.09687615209616e-001     6.10203464395132e-001     6.10585009045305e-001     6.10951268133794e-001     6.11432426824695e-001     6.11930401675922e-001     6.12299470850729e-001     6.12363121575729e-001     6.12289418252557e-001     6.11927107491850e-001     6.11464195233797e-001     6.11099624818199e-001     6.10824402864917e-001     6.10220860026704e-001     6.09409908855276e-001     6.08407770930778e-001     6.07446155779566e-001     6.06334136605284e-001     6.05000063300684e-001     6.03637085514981e-001     6.02331567484209e-001     6.01201037152343e-001     6.00271559289068e-001     5.99610884894740e-001     5.99145338473425e-001     5.98622333732707e-001     5.98033853996623e-001     5.97371731024111e-001     5.96821233885193e-001     5.96585111946330e-001     5.97229596412268e-001     5.98852613706216e-001     6.00797035473801e-001
    6.16560852747565e-001     6.16709751232162e-001     6.16661839063824e-001     6.16545938235482e-001     6.16446671531820e-001     6.16524796303967e-001     6.16899272679243e-001     6.17536893671410e-001     6.18292547195281e-001     6.19142072180417e-001     6.20103201416466e-001     6.21058654052384e-001     6.21892738835370e-001     6.22427824663908e-001     6.22731495849689e-001     6.22872077901210e-001     6.22910594093523e-001     6.23039340153367e-001     6.23310567062014e-001     6.23568235438961e-001     6.23553251412141e-001     6.23229887137460e-001     6.22695534817498e-001     6.21957951006840e-001     6.21004728244842e-001     6.20065938609684e-001     6.19145496705576e-001     6.18439573388253e-001     6.17978853372677e-001     6.17777797665685e-001     6.17646167482413e-001     6.17372602493933e-001     6.17041633846666e-001     6.16684374369063e-001     6.16377944963541e-001     6.16159683801726e-001     6.16078091671356e-001     6.16270370439326e-001     6.16560852747565e-001
    6.06084126743081e-001     6.06168198808778e-001     6.06330937986882e-001     6.06566821284242e-001     6.06817538249270e-001     6.07058230519915e-001     6.07398605401111e-001     6.07678426982089e-001     6.08098535971578e-001     6.08612489099839e-001     6.09227122975013e-001     6.10002560721114e-001     6.10924417676460e-001     6.11923380292673e-001     6.12910049281699e-001     6.13637377106715e-001     6.13992263973185e-001     6.14192132566558e-001     6.14326935315704e-001     6.14301919515080e-001     6.14165956899847e-001     6.13814582001695e-001     6.13389108992110e-001     6.12850875799877e-001     6.12305470457850e-001     6.11706101778817e-001     6.11057866843994e-001     6.10478091665276e-001     6.09849127250021e-001     6.09333353714478e-001     6.08885050405738e-001     6.08449740978396e-001     6.07943460372477e-001     6.07354201457191e-001     6.06738863637204e-001     6.06262452104623e-001     6.05959522903288e-001     6.05945933901613e-001     6.06084126743081e-001
    5.75518456551653e-001     5.74136096415572e-001     5.72818460857602e-001     5.71698372197818e-001     5.70910160674704e-001     5.70755753731791e-001     5.71191973462070e-001     5.71718045023264e-001     5.72526022149811e-001     5.73960143670918e-001     5.75551259512037e-001     5.76997110085198e-001     5.78335878422560e-001     5.79396071801108e-001     5.80258437558482e-001     5.80750241416768e-001     5.81035188903820e-001     5.81347623816601e-001     5.81746224152113e-001     5.82191722280124e-001     5.82671919418244e-001     5.83301533564093e-001     5.84102181369375e-001     5.84725064684887e-001     5.84659938078394e-001     5.84402982603337e-001     5.84055053219233e-001     5.83577946293225e-001     5.83331265515969e-001     5.83281179781964e-001     5.83041179316872e-001     5.82764175630249e-001     5.82268308988820e-001     5.81623687861730e-001     5.80802076813189e-001     5.79695420368994e-001     5.78326457265595e-001     5.76888540338514e-001     5.75518456551653e-001
    5.39837698192215e-001     5.38566069305994e-001     5.37116515824672e-001     5.35454977986705e-001     5.33522417770314e-001     5.31561815034898e-001     5.29841526022693e-001     5.28404339727466e-001     5.27328349506193e-001     5.26659104234633e-001     5.26533965291121e-001     5.27265765949383e-001     5.28137944297615e-001     5.28715144219951e-001     5.28973602629248e-001     5.29996262999518e-001     5.31680511014632e-001     5.33522677074336e-001     5.34659601759997e-001     5.35663092099263e-001     5.36341380019836e-001     5.36777860417501e-001     5.36797701515942e-001     5.36735876270120e-001     5.36968586101125e-001     5.37453836017841e-001     5.38362090642593e-001     5.39619073260019e-001     5.41413343058817e-001     5.43410056654600e-001     5.44389843814062e-001     5.44464101692637e-001     5.44335594641444e-001     5.43612093925337e-001     5.42791243851051e-001     5.42338932434992e-001     5.41777064813345e-001     5.40948651284231e-001     5.39837698192215e-001
    4.98519914130925e-001     4.96647254958387e-001     4.95028230666982e-001     4.94462246870745e-001     4.93700718426667e-001     4.92721044540248e-001     4.91692332271304e-001     4.90538700045028e-001     4.89175304828515e-001     4.87730269368192e-001     4.86277050942046e-001     4.85070774889947e-001     4.84256511225942e-001     4.83671623028269e-001     4.83198251433677e-001     4.82674673696532e-001     4.82333303577340e-001     4.81694941635158e-001     4.80633173819257e-001     4.79959291920403e-001     4.79609484112641e-001     4.80264969310684e-001     4.82222958908846e-001     4.83840631296117e-001     4.85376944041101e-001     4.86881605260725e-001     4.87966755959855e-001     4.88799825547207e-001     4.89595462842644e-001     4.90729327078734e-001     4.92490762492330e-001     4.94544833307059e-001     4.96763448492279e-001     4.99107960041693e-001     5.01083685447052e-001     5.01491408244497e-001     5.00911739246094e-001     4.99783089616160e-001     4.98519914130925e-001
    4.58530209017141e-001     4.59369570669778e-001     4.59146272748011e-001     4.57773866301566e-001     4.55586112518831e-001     4.52743652104386e-001     4.50096142858549e-001     4.48759311003094e-001     4.48776308248911e-001     4.48895322169865e-001     4.48698703166176e-001     4.48212722002257e-001     4.47373619413848e-001     4.46214848641285e-001     4.44993957418427e-001     4.43796340817848e-001     4.42493700460044e-001     4.41056508605055e-001     4.39843404320913e-001     4.38976245762487e-001     4.38754759619103e-001     4.37851762681024e-001     4.36183874489857e-001     4.34503838066898e-001     4.32885260680401e-001     4.31814850359157e-001     4.31872315187776e-001     4.34721796020959e-001     4.37905873675566e-001     4.40772646010388e-001     4.43111833233860e-001     4.45074586743961e-001     4.46765642185838e-001     4.48570604262056e-001     4.50479500616242e-001     4.52315229471459e-001     4.54147466196429e-001     4.56140669007054e-001     4.58530209017141e-001
