# Table format: 3D
# table_unit = Wb/m
# axis1_unit = degree
# axis2_unit = A.tr
# axis3_unit = A.tr
# axis1_token = theta
# axis2_token = Nid
# axis3_token = Niq
39
7
7
    0.00000000000000e+000     3.94736842105260e-001     7.89473684210527e-001     1.18421052631579e+000     1.57894736842106e+000     1.97368421052632e+000     2.36842105263158e+000     2.76315789473684e+000     3.15789473684210e+000     3.55263157894737e+000     3.94736842105263e+000     4.34210526315790e+000     4.73684210526316e+000     5.13157894736842e+000     5.52631578947368e+000     5.92105263157895e+000     6.31578947368421e+000     6.71052631578947e+000     7.10526315789474e+000     7.50000000000000e+000     7.89473684210526e+000     8.28947368421053e+000     8.68421052631579e+000     9.07894736842105e+000     9.47368421052632e+000     9.86842105263158e+000     1.02631578947368e+001     1.06578947368421e+001     1.10526315789474e+001     1.14473684210526e+001     1.18421052631579e+001     1.22368421052632e+001     1.26315789473684e+001     1.30263157894737e+001     1.34210526315790e+001     1.38157894736842e+001     1.42105263157895e+001     1.46052631578947e+001     1.50000000000000e+001
   -6.24000000000000e+003    -4.16000000000000e+003    -2.08000000000000e+003     0.00000000000000e+000     2.08000000000000e+003     4.16000000000000e+003     6.24000000000000e+003
   -6.24000000000000e+003    -4.16000000000000e+003    -2.08000000000000e+003     0.00000000000000e+000     2.08000000000000e+003     4.16000000000000e+003     6.24000000000000e+003
   -3.08099390876715e-001    -3.07105324882857e-001    -3.06272933632177e-001    -3.05940787280281e-001    -3.06060448650206e-001    -3.06336310120707e-001    -3.06679713340936e-001    -3.06983895095117e-001    -3.07251890717699e-001    -3.07490149967636e-001    -3.07829770182139e-001    -3.08306117093619e-001    -3.08885752474479e-001    -3.09552764974049e-001    -3.10254183435285e-001    -3.10938526710221e-001    -3.11511238480931e-001    -3.12001621412275e-001    -3.12516896971258e-001    -3.12932877930629e-001    -3.13246778933315e-001    -3.13382847849306e-001    -3.13569649852591e-001    -3.13808089882182e-001    -3.13995026159087e-001    -3.14033275530533e-001    -3.14000953210757e-001    -3.13811479181925e-001    -3.13556352644338e-001    -3.13310197133762e-001    -3.13119969704192e-001    -3.12926971899064e-001    -3.12661202547477e-001    -3.12233937591207e-001    -3.11640631857118e-001    -3.10920355928585e-001    -3.10053370051976e-001    -3.09110453374678e-001    -3.08099390876715e-001
   -3.16185012084975e-001    -3.16032570957119e-001    -3.15937104404873e-001    -3.15977659035078e-001    -3.16090461181197e-001    -3.16250571049441e-001    -3.16433367873618e-001    -3.16599895729717e-001    -3.16739127616717e-001    -3.16806958736897e-001    -3.16911192876953e-001    -3.17146715264853e-001    -3.17508635850759e-001    -3.17985302926358e-001    -3.18462877885161e-001    -3.18950925889583e-001    -3.19326736519322e-001    -3.19602849537117e-001    -3.19772073879916e-001    -3.19779311403196e-001    -3.19648199950650e-001    -3.19512156311647e-001    -3.19448605668358e-001    -3.19425300685894e-001    -3.19352274197457e-001    -3.19196536881735e-001    -3.18922463536694e-001    -3.18495901135232e-001    -3.18004381702152e-001    -3.17511519102418e-001    -3.17076316984141e-001    -3.16687582828402e-001    -3.16355091158759e-001    -3.16165064643009e-001    -3.16127953906732e-001    -3.16176243550209e-001    -3.16238575589653e-001    -3.16263604955837e-001    -3.16185012084975e-001
   -3.10811808768533e-001    -3.10730805295508e-001    -3.10745231742152e-001    -3.10901744559302e-001    -3.11148527407370e-001    -3.11469829226596e-001    -3.11771124041540e-001    -3.12026029033343e-001    -3.12248185320920e-001    -3.12478645797800e-001    -3.12743504146930e-001    -3.13065927188774e-001    -3.13362498269766e-001    -3.13695578166429e-001    -3.14003311254580e-001    -3.14277730788218e-001    -3.14551079652262e-001    -3.14773141563482e-001    -3.14958352960451e-001    -3.15032272121104e-001    -3.15043875835630e-001    -3.14980572759977e-001    -3.14882870323784e-001    -3.14689906180638e-001    -3.14317763436900e-001    -3.13810806687139e-001    -3.13298137740032e-001    -3.12825692498723e-001    -3.12425668185095e-001    -3.12110585132736e-001    -3.11846879096101e-001    -3.11629725110019e-001    -3.11481052682579e-001    -3.11304697573313e-001    -3.11187859845317e-001    -3.11060772929816e-001    -3.10939802510671e-001    -3.10860783499810e-001    -3.10811808768533e-001
   -2.95138693354962e-001    -2.95834239235004e-001    -2.96575956804612e-001    -2.97279044651546e-001    -2.97848069799132e-001    -2.98274641733505e-001    -2.98604704778149e-001    -2.98855154866148e-001    -2.98991530643554e-001    -2.99119920450903e-001    -2.99146340747684e-001    -2.99272666575891e-001    -2.99515972844936e-001    -2.99697088848213e-001    -2.99829211497781e-001    -2.99858698154986e-001    -2.99527140989686e-001    -2.99123891250380e-001    -2.98811368700591e-001    -2.98563585336197e-001    -2.98335126957627e-001    -2.98137076313235e-001    -2.97980468563669e-001    -2.97825971319672e-001    -2.97570953077305e-001    -2.97128470460079e-001    -2.96585018991937e-001    -2.95897719255875e-001    -2.95159533104308e-001    -2.94338946040079e-001    -2.93603841906257e-001    -2.93185372253804e-001    -2.92907859116955e-001    -2.92682548518593e-001    -2.92772244770999e-001    -2.93178796498979e-001    -2.93753900612999e-001    -2.94436658523852e-001    -2.95138693354962e-001
   -2.76838974468636e-001    -2.77402987542544e-001    -2.77832633822597e-001    -2.78123078053415e-001    -2.78356679886256e-001    -2.78786387646125e-001    -2.79158227960158e-001    -2.79219844754408e-001    -2.79180108325379e-001    -2.78679459073326e-001    -2.77654581614905e-001    -2.76733591607972e-001    -2.76086667706490e-001    -2.75621536134053e-001    -2.75372241201169e-001    -2.75248691503857e-001    -2.75272055057729e-001    -2.75266875929242e-001    -2.75048025152407e-001    -2.74700839167636e-001    -2.74185545103878e-001    -2.73595785918603e-001    -2.72668838144190e-001    -2.71797700441278e-001    -2.71269452108524e-001    -2.71137202844668e-001    -2.70841592689298e-001    -2.70393072586116e-001    -2.70016305148915e-001    -2.70080826338953e-001    -2.70424497531190e-001    -2.70974262809596e-001    -2.71704508109263e-001    -2.72586322451000e-001    -2.73599126940274e-001    -2.74592094886068e-001    -2.75444425682435e-001    -2.76190401201859e-001    -2.76838974468636e-001
   -2.55654776913791e-001    -2.56297304615732e-001    -2.56882444619881e-001    -2.57175751427613e-001    -2.56975411531060e-001    -2.55974547531145e-001    -2.54781500791931e-001    -2.53622377616016e-001    -2.52565966388267e-001    -2.51661636130029e-001    -2.51079906360152e-001    -2.50670098230565e-001    -2.50242305104820e-001    -2.49686540446223e-001    -2.48914679374369e-001    -2.48126191772774e-001    -2.47289379799105e-001    -2.46285110825076e-001    -2.45953414554551e-001    -2.46134585933193e-001    -2.46479142484129e-001    -2.47031341338930e-001    -2.47364762387212e-001    -2.47529823514555e-001    -2.47797223743217e-001    -2.48036868615196e-001    -2.48336574578217e-001    -2.48753748843116e-001    -2.49371646553440e-001    -2.50117006218815e-001    -2.50858341280489e-001    -2.51555308513278e-001    -2.52143492897422e-001    -2.52670650035554e-001    -2.53168109788820e-001    -2.53569553094515e-001    -2.53860075203331e-001    -2.54693182909619e-001    -2.55654776913791e-001
   -2.35166373601289e-001    -2.33919903739580e-001    -2.32900120908753e-001    -2.31969544853518e-001    -2.31024071426339e-001    -2.30049914346024e-001    -2.29121589455972e-001    -2.28250809201716e-001    -2.27241519873072e-001    -2.26043173837333e-001    -2.24573870260534e-001    -2.22937894119588e-001    -2.21476801589943e-001    -2.21445902076258e-001    -2.21995587630547e-001    -2.22820686055201e-001    -2.23671313751338e-001    -2.24530277047243e-001    -2.25001478463347e-001    -2.25116012789418e-001    -2.25561288846806e-001    -2.26187717578360e-001    -2.26924979591999e-001    -2.27591454143296e-001    -2.28201642698976e-001    -2.28827359515837e-001    -2.29421494888012e-001    -2.29850535070426e-001    -2.30100506061875e-001    -2.30201403004819e-001    -2.30140374437071e-001    -2.30130828965533e-001    -2.30812979524044e-001    -2.32170386184501e-001    -2.33632829291878e-001    -2.34756321729180e-001    -2.35461617918051e-001    -2.35584808905092e-001    -2.35166373601289e-001
   -2.81976932496778e-001    -2.80414325117094e-001    -2.78731752693804e-001    -2.77235244820110e-001    -2.76067228666382e-001    -2.75476720643858e-001    -2.75483808346696e-001    -2.75551467213998e-001    -2.75531727083818e-001    -2.75397686552615e-001    -2.75279886555609e-001    -2.75298740454064e-001    -2.75689911973292e-001    -2.76585208549098e-001    -2.77653040729718e-001    -2.78739831828463e-001    -2.79810968095300e-001    -2.80783585955963e-001    -2.81648631010794e-001    -2.82367311773974e-001    -2.82830796164273e-001    -2.83075885114430e-001    -2.83256691830720e-001    -2.83582139985904e-001    -2.84153199460406e-001    -2.84795089224462e-001    -2.85295589812794e-001    -2.85600028723787e-001    -2.85712454992837e-001    -2.85770493039256e-001    -2.85825974993494e-001    -2.85932365821362e-001    -2.86048919490772e-001    -2.86029356113768e-001    -2.85797598989364e-001    -2.85290100976128e-001    -2.84462033951525e-001    -2.83351520891689e-001    -2.81976932496778e-001
   -2.90334377303531e-001    -2.90264416253535e-001    -2.90188546094186e-001    -2.90229504610512e-001    -2.90453137618478e-001    -2.90713812530401e-001    -2.90989110277681e-001    -2.91183892427096e-001    -2.91263544065225e-001    -2.91329610846679e-001    -2.91469122702533e-001    -2.91695798962857e-001    -2.92003862778446e-001    -2.92412555136132e-001    -2.92969524490324e-001    -2.93578360268660e-001    -2.94200831612553e-001    -2.94724392206054e-001    -2.95115147506208e-001    -2.95338687671601e-001    -2.95357144477106e-001    -2.95244889772455e-001    -2.95127772943841e-001    -2.95129127173979e-001    -2.95168380071328e-001    -2.95091817313813e-001    -2.94790404623615e-001    -2.94223559536181e-001    -2.93465531860216e-001    -2.92661503634712e-001    -2.91929952301162e-001    -2.91253893944682e-001    -2.90708115385660e-001    -2.90376057295924e-001    -2.90287192171605e-001    -2.90311951122609e-001    -2.90354179705551e-001    -2.90355088525584e-001    -2.90334377303531e-001
   -2.83674614758128e-001    -2.83978309962556e-001    -2.84348365217607e-001    -2.84847570295163e-001    -2.85460840009057e-001    -2.86045342836563e-001    -2.86458723341204e-001    -2.86788301567442e-001    -2.87048847695856e-001    -2.87224486537245e-001    -2.87417428619659e-001    -2.87584644152106e-001    -2.87745735155646e-001    -2.87899281410025e-001    -2.88031097546893e-001    -2.88183896870221e-001    -2.88336970245095e-001    -2.88449052729084e-001    -2.88569861768015e-001    -2.88620062426502e-001    -2.88512321558508e-001    -2.88233682044488e-001    -2.87857573204755e-001    -2.87461579348870e-001    -2.87064522471023e-001    -2.86608166782805e-001    -2.86071570692560e-001    -2.85492158327495e-001    -2.84933388190851e-001    -2.84458433628974e-001    -2.84055033171186e-001    -2.83749854430407e-001    -2.83487826682553e-001    -2.83286859616827e-001    -2.83121421927286e-001    -2.83059786091902e-001    -2.83135445169947e-001    -2.83351339936587e-001    -2.83674614758128e-001
   -2.64173187651832e-001    -2.64951403502489e-001    -2.65700264372280e-001    -2.66336318366606e-001    -2.66891886277530e-001    -2.67175273748013e-001    -2.67246338684152e-001    -2.67171163254686e-001    -2.67069754657123e-001    -2.67063583645026e-001    -2.66887553586894e-001    -2.66335500896704e-001    -2.65678547581370e-001    -2.65206741229681e-001    -2.64925989440278e-001    -2.64751617239928e-001    -2.64621807545425e-001    -2.64536686576202e-001    -2.64443871073236e-001    -2.64314783069549e-001    -2.64146816156995e-001    -2.63870643735838e-001    -2.63470867663249e-001    -2.63066474157936e-001    -2.62648331052975e-001    -2.62127187840571e-001    -2.61349127755544e-001    -2.60321606889096e-001    -2.59390076901703e-001    -2.58890700206647e-001    -2.58709241007284e-001    -2.58793577560118e-001    -2.59114088590043e-001    -2.59706769989339e-001    -2.60465026746149e-001    -2.61371666942968e-001    -2.62335087276687e-001    -2.63288135408159e-001    -2.64173187651832e-001
   -2.36867980977677e-001    -2.37502640056151e-001    -2.38197669518829e-001    -2.38512400703147e-001    -2.38379034964583e-001    -2.37895450251909e-001    -2.37206666819851e-001    -2.36478790822440e-001    -2.35662426570447e-001    -2.34941509605684e-001    -2.34201450039706e-001    -2.33632205924013e-001    -2.33120631470000e-001    -2.32566588808381e-001    -2.32070032559073e-001    -2.31383497893407e-001    -2.30644326881298e-001    -2.29717674460346e-001    -2.28849473981785e-001    -2.28695747742236e-001    -2.29001803202705e-001    -2.29185188857206e-001    -2.29319627058038e-001    -2.29690253331536e-001    -2.30036368315012e-001    -2.30347315848184e-001    -2.30670337494324e-001    -2.31069679162421e-001    -2.31497069631935e-001    -2.32075019988723e-001    -2.32697483270068e-001    -2.33349473366073e-001    -2.34024621009448e-001    -2.34690242829135e-001    -2.35386965311229e-001    -2.35832987680237e-001    -2.36041806711709e-001    -2.36235301316890e-001    -2.36867980977677e-001
   -2.07601094841598e-001    -2.07085164840042e-001    -2.06780137091272e-001    -2.06410789967738e-001    -2.05884005763593e-001    -2.05227011723192e-001    -2.04411547897676e-001    -2.03198883951374e-001    -2.01908717578797e-001    -2.00700459991243e-001    -1.99407912223352e-001    -1.98099578292648e-001    -1.97654706645417e-001    -1.98174135568366e-001    -1.98452937669253e-001    -1.99143381229968e-001    -1.99242402249670e-001    -1.99114221922903e-001    -1.99416912265229e-001    -2.00138647609756e-001    -2.01109785655180e-001    -2.02144216036656e-001    -2.03177991821774e-001    -2.04072490668005e-001    -2.04918749234770e-001    -2.05468547116976e-001    -2.05828528098557e-001    -2.06133748588269e-001    -2.06414792359711e-001    -2.06515566784360e-001    -2.06607735561111e-001    -2.07221475645866e-001    -2.08313423334882e-001    -2.09120282332965e-001    -2.09571443888894e-001    -2.09901077238475e-001    -2.09465374887704e-001    -2.08398061071178e-001    -2.07601094841598e-001
   -1.79074564869356e-001    -1.78440171764541e-001    -1.77551894150005e-001    -1.76214676800372e-001    -1.74430696821702e-001    -1.72502804710414e-001    -1.70476301782506e-001    -1.69646904350406e-001    -1.70642570000462e-001    -1.72025594083047e-001    -1.73631418683797e-001    -1.75084984353694e-001    -1.76418375043074e-001    -1.76672441842708e-001    -1.75998044437025e-001    -1.75808462961950e-001    -1.76069027584486e-001    -1.76683829824586e-001    -1.77566775984634e-001    -1.78570772477832e-001    -1.79574693590053e-001    -1.80332507524363e-001    -1.80784145871979e-001    -1.80897373523832e-001    -1.80888259228936e-001    -1.80763711479416e-001    -1.80749703826229e-001    -1.81983028593662e-001    -1.84007659481268e-001    -1.85882508350698e-001    -1.87247287675473e-001    -1.87978452798510e-001    -1.88079344804412e-001    -1.86504837763088e-001    -1.84064376207115e-001    -1.82238757051372e-001    -1.80848674454537e-001    -1.79788131023173e-001    -1.79074564869356e-001
   -2.23784198889853e-001    -2.22186116140564e-001    -2.19349797206060e-001    -2.15334838852831e-001    -2.10430944117039e-001    -2.05329407197470e-001    -2.01287265492930e-001    -1.98871828227761e-001    -1.97422874775011e-001    -1.96042386419558e-001    -1.94471089341900e-001    -1.93173348835703e-001    -1.92242521118310e-001    -1.91217679307503e-001    -1.90498012635573e-001    -1.89632120956543e-001    -1.88927525444602e-001    -1.88626527510193e-001    -1.89093209742156e-001    -1.90640122494125e-001    -1.92704050698147e-001    -1.94207043950274e-001    -1.94839699431838e-001    -1.94931450324564e-001    -1.95179942919735e-001    -1.96941983823004e-001    -2.00187489971400e-001    -2.04231823832565e-001    -2.08446293028271e-001    -2.11742957508725e-001    -2.14065188259724e-001    -2.15762399931680e-001    -2.17057407041351e-001    -2.18380804679547e-001    -2.20210746816729e-001    -2.22063481521793e-001    -2.23477493085108e-001    -2.24135095650858e-001    -2.23784198889853e-001
   -2.26632906439511e-001    -2.26538200615177e-001    -2.26685391303962e-001    -2.26719152097856e-001    -2.26758232620877e-001    -2.26902997101382e-001    -2.27179513070908e-001    -2.27515046001845e-001    -2.27357784545124e-001    -2.26342328928082e-001    -2.24861467246388e-001    -2.23447184140698e-001    -2.21988611375147e-001    -2.20815462035913e-001    -2.20277861783309e-001    -2.20538311571394e-001    -2.21527641912333e-001    -2.22754819542417e-001    -2.24150536740364e-001    -2.25529979178133e-001    -2.26504928647342e-001    -2.27007167572367e-001    -2.27198086132948e-001    -2.27344435503774e-001    -2.27716923731439e-001    -2.28239478263233e-001    -2.28941534073379e-001    -2.29621670460756e-001    -2.29888300080008e-001    -2.29785677998792e-001    -2.29481187118032e-001    -2.28908715227329e-001    -2.28230318782519e-001    -2.27536376910806e-001    -2.27045416183569e-001    -2.26798896311340e-001    -2.26732111575645e-001    -2.26701820792108e-001    -2.26632906439511e-001
   -2.34276576072094e-001    -2.35535166278250e-001    -2.36700864102690e-001    -2.37651062164744e-001    -2.38364414896593e-001    -2.38770385782064e-001    -2.38935320001044e-001    -2.38432265844156e-001    -2.37782429241904e-001    -2.36967536455860e-001    -2.35840858088798e-001    -2.34430743361811e-001    -2.33087061588267e-001    -2.32034422189904e-001    -2.31317773978587e-001    -2.30936106211833e-001    -2.30795914471593e-001    -2.30745461932523e-001    -2.30632056853856e-001    -2.30400735333670e-001    -2.30129615297442e-001    -2.29744028932435e-001    -2.29437107968261e-001    -2.29218244378485e-001    -2.28958219645462e-001    -2.28604041511696e-001    -2.28015099312976e-001    -2.27240026405197e-001    -2.26609594385940e-001    -2.26282477662524e-001    -2.26236570705639e-001    -2.26505400130294e-001    -2.26998439908050e-001    -2.27749787609806e-001    -2.28792776267729e-001    -2.30061487841585e-001    -2.31458221884423e-001    -2.32893041062366e-001    -2.34276576072094e-001
   -2.06985562398427e-001    -2.06899966680548e-001    -2.07072340749862e-001    -2.07458447789225e-001    -2.07880436517638e-001    -2.07908983020627e-001    -2.07756338473052e-001    -2.07385279565925e-001    -2.06841767872218e-001    -2.06192895143500e-001    -2.05658452125544e-001    -2.05207706164383e-001    -2.04826679500022e-001    -2.04316764513842e-001    -2.03625823049248e-001    -2.02748531486719e-001    -2.01748300785151e-001    -2.00881715220936e-001    -2.00286808758228e-001    -1.99991491008523e-001    -2.00031478526411e-001    -2.00418619183117e-001    -2.01016181176236e-001    -2.01599213902443e-001    -2.02095717702122e-001    -2.02467531013624e-001    -2.02778235123239e-001    -2.03126650260535e-001    -2.03473238689145e-001    -2.03857830009063e-001    -2.04343471374882e-001    -2.04940019762158e-001    -2.05534701606687e-001    -2.06113665655231e-001    -2.06686988291761e-001    -2.07108273957420e-001    -2.07239767414284e-001    -2.07172273117216e-001    -2.06985562398427e-001
   -1.64963791086847e-001    -1.65029769314353e-001    -1.65310378386875e-001    -1.65519710361280e-001    -1.65479625183447e-001    -1.65002812474208e-001    -1.64374477496745e-001    -1.63675122883398e-001    -1.62667080600539e-001    -1.61569591122126e-001    -1.60948998558152e-001    -1.60979381854052e-001    -1.60608635279408e-001    -1.59569661208340e-001    -1.58670295589610e-001    -1.58354564474765e-001    -1.58696667464977e-001    -1.59507285778782e-001    -1.60653710604242e-001    -1.61964068235951e-001    -1.63515783482721e-001    -1.65094974013471e-001    -1.66533246843249e-001    -1.67780639743660e-001    -1.68683159400777e-001    -1.69402793774687e-001    -1.69771443819886e-001    -1.69845440055296e-001    -1.69901048256970e-001    -1.69805060090990e-001    -1.70245143972198e-001    -1.70711593750362e-001    -1.70019288055334e-001    -1.68315904294226e-001    -1.66680911989268e-001    -1.65617580835559e-001    -1.65098984109813e-001    -1.64946605708958e-001    -1.64963791086847e-001
   -1.26983331466335e-001    -1.25794516833461e-001    -1.24402198172034e-001    -1.23252655878374e-001    -1.24050749851636e-001    -1.25298443499526e-001    -1.26545786371730e-001    -1.28186617848995e-001    -1.28715948876147e-001    -1.28142369750986e-001    -1.27735059460072e-001    -1.27679928703547e-001    -1.27824317644066e-001    -1.28299183576899e-001    -1.28939757620191e-001    -1.29941880006493e-001    -1.31149127894584e-001    -1.32246939008577e-001    -1.33289452010131e-001    -1.34001101575394e-001    -1.34688434479537e-001    -1.35166957632993e-001    -1.35442399661634e-001    -1.36120760754131e-001    -1.37697645034678e-001    -1.39306895196419e-001    -1.40306369164342e-001    -1.41352785106361e-001    -1.40667257042366e-001    -1.38187310842118e-001    -1.35918218966641e-001    -1.33895528144123e-001    -1.32244418708435e-001    -1.30912697846144e-001    -1.29961887970412e-001    -1.29401252385287e-001    -1.28790136113611e-001    -1.28118876863130e-001    -1.26983331466335e-001
   -9.50650439099766e-002    -9.68095927586550e-002    -9.94041887603899e-002    -1.01479853976946e-001    -1.03778169349062e-001    -1.04991636911215e-001    -1.04534891422310e-001    -1.04023109150152e-001    -1.03785035460686e-001    -1.03772028911420e-001    -1.04002082858174e-001    -1.04579767445626e-001    -1.05433751929118e-001    -1.06157916967076e-001    -1.06733326806994e-001    -1.07206281975665e-001    -1.07532891112763e-001    -1.07633026933188e-001    -1.07671979195795e-001    -1.08978310602792e-001    -1.11322154056141e-001    -1.13426781214288e-001    -1.15627456354590e-001    -1.17051820271239e-001    -1.18091001543078e-001    -1.17335119548458e-001    -1.14372630065227e-001    -1.11573819031392e-001    -1.08904163377421e-001    -1.06641698842556e-001    -1.04838089466112e-001    -1.03556893418617e-001    -1.01935007186017e-001    -1.00093180313944e-001    -9.80707522791732e-002    -9.60461580013932e-002    -9.38581358815177e-002    -9.34715210460841e-002    -9.50650439099766e-002
    1.48823769896271e-011    -9.50771538528696e-003    -1.82099248462959e-002    -2.49222640250371e-002    -2.82034280388504e-002    -2.82542334452251e-002    -2.65105809790577e-002    -2.40114767529245e-002    -2.05248995374981e-002    -1.55539438332530e-002    -9.32671415325245e-003    -2.33120504724555e-003     4.89444317873700e-003     1.17197566950691e-002     1.72197043651423e-002     2.02048558364124e-002     1.97275106389093e-002     1.52861893670049e-002     8.20808947766434e-003     3.99938369848924e-006    -8.20057220452016e-003    -1.52682007353172e-002    -1.96904501645568e-002    -2.01930037897213e-002    -1.72188061193986e-002    -1.17179691715455e-002    -4.89064179130012e-003     2.33238224090113e-003     9.32685095531091e-003     1.55570741831225e-002     2.05296077094334e-002     2.40178693646251e-002     2.65266159342218e-002     2.82753103765351e-002     2.82059841973305e-002     2.49216269307479e-002     1.82112584913452e-002     9.50704839483609e-003     1.48823769896271e-011
    4.76233145396418e-010    -3.67271170291004e-003    -7.16055471586021e-003    -1.01449623780191e-002    -1.22093965059811e-002    -1.29182879940954e-002    -1.18583891555952e-002    -8.46483617596598e-003    -3.10577490249120e-003     3.43262271838282e-003     1.02236117618229e-002     1.68586482708108e-002     2.27802313787610e-002     2.71521797766845e-002     2.90049046242887e-002     2.80676119869930e-002     2.42662141608582e-002     1.77268818551938e-002     9.30158661332127e-003     2.02672737826148e-006    -9.29694422746389e-003    -1.77134163986319e-002    -2.42376294704022e-002    -2.80590688631609e-002    -2.90055239526494e-002    -2.71514754116661e-002    -2.27770844494985e-002    -1.68562103570739e-002    -1.02215745545155e-002    -3.42970820430202e-003     3.10829892297808e-003     8.46686558648034e-003     1.18645095628626e-002     1.29277541974106e-002     1.22111364605597e-002     1.01439148698336e-002     7.16127482733868e-003     3.67222482586129e-003     4.76233145396418e-010
    1.11074036680830e-008    -2.25982226878220e-003    -3.70233210429313e-003    -3.96566106841914e-003    -2.88020157610853e-003    -6.42543849406985e-004     2.27126149189014e-003     5.58637258146880e-003     8.81718596279380e-003     1.17016629854188e-002     1.40658015779080e-002     1.58478302787539e-002     1.70634182476398e-002     1.77298670042814e-002     1.76887555332890e-002     1.66642610370324e-002     1.43214373794964e-002     1.05474096218329e-002     5.51113097702198e-003     1.43468843794672e-006    -5.50862603336894e-003    -1.05338059272814e-002    -1.42980603561758e-002    -1.66543669293596e-002    -1.76844990340059e-002    -1.77274507877789e-002    -1.70627036135741e-002    -1.58493398072236e-002    -1.40674441722703e-002    -1.17025817985175e-002    -8.81656966947279e-003    -5.58522345338420e-003    -2.26271163627645e-003     6.58290279155179e-004     2.88624170589162e-003     3.96814930926112e-003     3.70372722763471e-003     2.25669069159054e-003     1.11074036680830e-008
   -9.47350863122774e-009    -2.63545459909791e-003    -4.99452790148266e-003    -6.57305550226610e-003    -7.30060578205936e-003    -7.12876068958476e-003    -6.30692033882839e-003    -4.90014848058646e-003    -2.99301918659642e-003    -8.07042618263397e-004     1.46058361275691e-003     3.63868976116239e-003     5.52476036214148e-003     6.88079819622031e-003     7.59997432944626e-003     7.63353791417027e-003     6.79423517737979e-003     5.12147530615561e-003     2.70032676089442e-003     1.50228498227994e-006    -2.69686576286660e-003    -5.11541836901381e-003    -6.78404315420020e-003    -7.62662336799010e-003    -7.59360533737176e-003    -6.87473187906850e-003    -5.52065423678401e-003    -3.63615666542647e-003    -1.45864097430600e-003     8.10784158897897e-004     2.99903591484292e-003     4.90844021441016e-003     6.32036614235517e-003     7.14129800386479e-003     7.30577320246438e-003     6.57560427685893e-003     4.99577645098685e-003     2.63512995814528e-003    -9.47350863122774e-009
   -6.57874880349753e-008    -1.87285215432860e-003    -3.48431450235460e-003    -4.94679510657062e-003    -6.23572026847056e-003    -7.15406032320648e-003    -7.94718285257249e-003    -8.33325587239760e-003    -8.26663273566175e-003    -7.56340991235670e-003    -6.00677626420599e-003    -3.92778449349420e-003    -2.27825300729387e-003    -1.23287801969227e-003    -5.52314893752772e-004    -1.27581055408590e-004     2.33640208620716e-004     5.62194523073829e-004     4.41724629959621e-004     5.24188632578787e-007    -4.40706282227089e-004    -5.60642894425790e-004    -2.31074529012048e-004     1.29930071760644e-004     5.55471995078688e-004     1.23652062664952e-003     2.28117479958361e-003     3.92884115474161e-003     6.00526932662594e-003     7.56541962525769e-003     8.27172522924986e-003     8.33943147585623e-003     7.95433046669411e-003     7.16000685223505e-003     6.23871301832889e-003     4.94843770852323e-003     3.48506055283265e-003     1.87205455114969e-003    -6.57874880349753e-008
   -2.75483354961023e-007    -1.02523860110087e-003    -1.90543802521035e-003    -2.57684739316477e-003    -3.26348807035134e-003    -3.90923116321208e-003    -4.30627454033665e-003    -4.12438830553707e-003    -4.68248555556987e-003    -6.20850243174459e-003    -8.15179538570606e-003    -1.00008883876491e-002    -1.08869192762218e-002    -1.01729959523053e-002    -8.24907244515074e-003    -6.27841773661074e-003    -4.69766804585056e-003    -2.90348663493354e-003    -1.24713598585868e-003    -9.37592133522119e-008     1.24679121946169e-003     2.90342435335586e-003     4.69890463043406e-003     6.28205533601195e-003     8.24995435487717e-003     1.01746176434712e-002     1.08928069643133e-002     1.00022507181965e-002     8.15183345379719e-003     6.21117156810007e-003     4.68620592005460e-003     4.12962507996994e-003     4.31198589405255e-003     3.91539991535489e-003     3.26588866802994e-003     2.57809802352383e-003     1.90651002449983e-003     1.02654379972132e-003    -2.75483354961023e-007
   -4.25744957727819e-007    -7.90069320278759e-004    -1.22805265224719e-003    -1.59858875568876e-003    -1.75076220742688e-003    -1.71589223391010e-003    -1.55633019906464e-003    -2.00688353122075e-003    -4.01067147176375e-003    -6.37524581479867e-003    -8.66188121132668e-003    -1.07977363266700e-002    -1.25028638631635e-002    -1.33153165315028e-002    -1.14531619489324e-002    -8.82282487019406e-003    -6.43041755945350e-003    -4.08197646416151e-003    -1.80381559850167e-003    -4.94534214982897e-007     1.80238567754332e-003     4.08058972337367e-003     6.42988959853686e-003     8.82187021325211e-003     1.14532037348544e-002     1.33244483075387e-002     1.25003446960212e-002     1.07974053422850e-002     8.66183325653977e-003     6.37645121992173e-003     4.01884419420542e-003     2.01423527802930e-003     1.55910427812845e-003     1.71489986535930e-003     1.75405232601720e-003     1.60077348892110e-003     1.22972980113530e-003     7.91580392168209e-004    -4.25744957727819e-007
    2.23783810935018e-001     2.24133515993219e-001     2.23476204892084e-001     2.22063403838284e-001     2.20212609553816e-001     2.18388196470078e-001     2.17061445007557e-001     2.15761345652524e-001     2.14063987649747e-001     2.11742391061133e-001     2.08445323893979e-001     2.04229616004267e-001     2.00183998357723e-001     1.96937941579227e-001     1.95176362280747e-001     1.94926993787580e-001     1.94833954283886e-001     1.94206130589207e-001     1.92706686583936e-001     1.90643376354432e-001     1.89095384629474e-001     1.88628495537617e-001     1.88924015516297e-001     1.89630362929251e-001     1.90496398960350e-001     1.91216830921940e-001     1.92241966343718e-001     1.93172913904180e-001     1.94469168190127e-001     1.96041026604793e-001     1.97423372224956e-001     1.98869462721534e-001     2.01277572861209e-001     2.05318605052430e-001     2.10426439992812e-001     2.15331668554351e-001     2.19350737781254e-001     2.22186011213932e-001     2.23783810935018e-001
    2.26634279284119e-001     2.26693564934326e-001     2.26730045966442e-001     2.26798458157185e-001     2.27049597710011e-001     2.27557875717946e-001     2.28249313567508e-001     2.28912108704564e-001     2.29480267869739e-001     2.29785382493882e-001     2.29888460655296e-001     2.29620675792967e-001     2.28939373656440e-001     2.28236879627346e-001     2.27713621784193e-001     2.27335455886521e-001     2.27177169486224e-001     2.26995783387521e-001     2.26502838028883e-001     2.25530570489946e-001     2.24154320167540e-001     2.22769319731827e-001     2.21550951604770e-001     2.20548053241795e-001     2.20282808743568e-001     2.20818300079239e-001     2.21990862589101e-001     2.23445654455498e-001     2.24860436044534e-001     2.26341841820432e-001     2.27356149667146e-001     2.27513009466461e-001     2.27175133218304e-001     2.26899484591555e-001     2.26755938791692e-001     2.26718499897327e-001     2.26685145136464e-001     2.26544947744912e-001     2.26634279284119e-001
    2.34276448116353e-001     2.32884760858340e-001     2.31456842154134e-001     2.30061861308487e-001     2.28796564144428e-001     2.27764903569534e-001     2.27012278749770e-001     2.26508630678415e-001     2.26236731888539e-001     2.26282904491781e-001     2.26609989472685e-001     2.27239249828200e-001     2.28013472252147e-001     2.28602644150958e-001     2.28956091461142e-001     2.29211103667526e-001     2.29413694295771e-001     2.29728166649600e-001     2.30126167574968e-001     2.30401858733117e-001     2.30636712659088e-001     2.30764712580556e-001     2.30822481393735e-001     2.30944380643793e-001     2.31319686330582e-001     2.32035589772222e-001     2.33089180712147e-001     2.34431490471854e-001     2.35839949681142e-001     2.36967411511156e-001     2.37782715322292e-001     2.38429899778756e-001     2.38926257551772e-001     2.38760075875059e-001     2.38362529558864e-001     2.37651494592732e-001     2.36702846977257e-001     2.35543285348205e-001     2.34276448116353e-001
    2.06984241065720e-001     2.07162602664059e-001     2.07241271052946e-001     2.07107508403467e-001     2.06693623471787e-001     2.06127881352429e-001     2.05546967725271e-001     2.04942896273381e-001     2.04344143716957e-001     2.03858593083346e-001     2.03473885545046e-001     2.03126202905589e-001     2.02777186635414e-001     2.02466959016590e-001     2.02094965664299e-001     2.01595413133979e-001     2.01002187156598e-001     2.00409085580885e-001     2.00029747020544e-001     1.99991085648864e-001     2.00287923151591e-001     2.00897040148602e-001     2.01776252740440e-001     2.02757424019827e-001     2.03627310530666e-001     2.04317712301560e-001     2.04827976717789e-001     2.05207778538645e-001     2.05657325642592e-001     2.06191742135450e-001     2.06840734795610e-001     2.07381788447919e-001     2.07745606835845e-001     2.07897043691820e-001     2.07877087049150e-001     2.07458304731488e-001     2.07073629633590e-001     2.06909414070209e-001     2.06984241065720e-001
    1.64961745137684e-001     1.64937092402488e-001     1.65098139273613e-001     1.65611314159599e-001     1.66682163696574e-001     1.68330319833095e-001     1.70032282740436e-001     1.70715898933898e-001     1.70247634041040e-001     1.69805469479671e-001     1.69902009373346e-001     1.69845804367079e-001     1.69771744016695e-001     1.69404444348749e-001     1.68684627213423e-001     1.67780368681697e-001     1.66530099876517e-001     1.65092251389279e-001     1.63515548252285e-001     1.61963999111327e-001     1.60654434155891e-001     1.59513176820184e-001     1.58708832190914e-001     1.58363569406584e-001     1.58670882286242e-001     1.59573491455522e-001     1.60611314226049e-001     1.60981972663802e-001     1.60946582542025e-001     1.61569923948173e-001     1.62668091657254e-001     1.63675646101841e-001     1.64373138019537e-001     1.64999666554107e-001     1.65479157055154e-001     1.65519265008624e-001     1.65310261494871e-001     1.65026397580770e-001     1.64961745137684e-001
    1.26982201558781e-001     1.28119170679503e-001     1.28789838539327e-001     1.29400367317645e-001     1.29962674845188e-001     1.30915150132335e-001     1.32248236615605e-001     1.33896566092153e-001     1.35918211158924e-001     1.38187490554523e-001     1.40665308890169e-001     1.41347453529590e-001     1.40305463512451e-001     1.39306094846582e-001     1.37697963127605e-001     1.36122617549320e-001     1.35445535186576e-001     1.35168728037137e-001     1.34685054847198e-001     1.34002152984248e-001     1.33290089600341e-001     1.32247767379729e-001     1.31151150485255e-001     1.29942983050425e-001     1.28940601092962e-001     1.28300434153676e-001     1.27826293263984e-001     1.27681242265893e-001     1.27730413579821e-001     1.28141433062391e-001     1.28713597204978e-001     1.28185198424625e-001     1.26544927735793e-001     1.25297804566728e-001     1.24050746075052e-001     1.23251785286029e-001     1.24399289579756e-001     1.25793773399011e-001     1.26982201558781e-001
    9.50645290082484e-002     9.34708497753078e-002     9.38572085859055e-002     9.60440140349519e-002     9.80744866807664e-002     1.00092353072064e-001     1.01934949834477e-001     1.03556705445954e-001     1.04838204515916e-001     1.06641075752670e-001     1.08902267802113e-001     1.11569078693936e-001     1.14368432339977e-001     1.17329148439854e-001     1.18089200741718e-001     1.17051684904141e-001     1.15628147465465e-001     1.13427839396578e-001     1.11324232355176e-001     1.08981093312310e-001     1.07675183446354e-001     1.07635724780900e-001     1.07534550758663e-001     1.07208507999741e-001     1.06735404712260e-001     1.06159862060299e-001     1.05435531286308e-001     1.04581604219239e-001     1.04002291953764e-001     1.03771973314176e-001     1.03784587046866e-001     1.04020706279036e-001     1.04533026423488e-001     1.04990245040270e-001     1.03773389124936e-001     1.01479152349223e-001     9.94024858123796e-002     9.68075068299946e-002     9.50645290082484e-002
    2.81977841696320e-001     2.83349840916628e-001     2.84459989461167e-001     2.85288030856934e-001     2.85796200877521e-001     2.86030166544750e-001     2.86050743273745e-001     2.85931703299815e-001     2.85824663603571e-001     2.85769452970227e-001     2.85711746473921e-001     2.85599590403496e-001     2.85295294425631e-001     2.84794567159111e-001     2.84153191024409e-001     2.83582876425886e-001     2.83261070291316e-001     2.83078906190294e-001     2.82830818199470e-001     2.82367318552657e-001     2.81648687526933e-001     2.80782639263729e-001     2.79812547404862e-001     2.78742190032101e-001     2.77655131683673e-001     2.76586663252855e-001     2.75691232708299e-001     2.75299991192385e-001     2.75281095676785e-001     2.75397235463907e-001     2.75531771911254e-001     2.75552737305563e-001     2.75489720956923e-001     2.75481567807588e-001     2.76066967658891e-001     2.77234425438059e-001     2.78730888506788e-001     2.80413424169321e-001     2.81977841696320e-001
    2.90334458704855e-001     2.90352815398618e-001     2.90352745581643e-001     2.90311264148491e-001     2.90287254114740e-001     2.90382113249314e-001     2.90714276009912e-001     2.91254076825968e-001     2.91928221052132e-001     2.92660203882477e-001     2.93464510410110e-001     2.94221118200196e-001     2.94788113810707e-001     2.95089658033445e-001     2.95165714201777e-001     2.95124037271866e-001     2.95117647110914e-001     2.95238865160260e-001     2.95355154115705e-001     2.95339025514916e-001     2.95115824870046e-001     2.94727977647912e-001     2.94207838636726e-001     2.93580670831971e-001     2.92970061781710e-001     2.92413166740065e-001     2.92004096458192e-001     2.91694300647072e-001     2.91468912736412e-001     2.91330826882320e-001     2.91265347425907e-001     2.91184051359128e-001     2.90986527752624e-001     2.90710267242789e-001     2.90452944576458e-001     2.90230415257003e-001     2.90189540185848e-001     2.90265982939311e-001     2.90334458704855e-001
    2.83674332473479e-001     2.83344490520029e-001     2.83134350794813e-001     2.83058990428802e-001     2.83123137097501e-001     2.83298557317411e-001     2.83497468812409e-001     2.83751105095622e-001     2.84054558942111e-001     2.84458256140858e-001     2.84933261569760e-001     2.85490770337562e-001     2.86069070355491e-001     2.86605490677005e-001     2.87061038188381e-001     2.87453667645630e-001     2.87837945176444e-001     2.88221160397559e-001     2.88508613044930e-001     2.88617966865839e-001     2.88569479647411e-001     2.88457260254977e-001     2.88351365683591e-001     2.88187098825645e-001     2.88030430078926e-001     2.87899379375472e-001     2.87746337873085e-001     2.87584464739366e-001     2.87416376113476e-001     2.87223788967332e-001     2.87048644658334e-001     2.86786546116813e-001     2.86451865831776e-001     2.86037284592632e-001     2.85459161723945e-001     2.84848214476207e-001     2.84350220217348e-001     2.83984448372765e-001     2.83674332473479e-001
    2.64173165330068e-001     2.63283275535628e-001     2.62334419085798e-001     2.61371482167847e-001     2.60467115548607e-001     2.59718233508877e-001     2.59124670273446e-001     2.58795771862489e-001     2.58708936431640e-001     2.58891098321781e-001     2.59391172382198e-001     2.60320108592749e-001     2.61350002888008e-001     2.62125111086292e-001     2.62647401588455e-001     2.63060909092595e-001     2.63455438826405e-001     2.63860470850554e-001     2.64144166200247e-001     2.64314024394332e-001     2.64444639547047e-001     2.64544664870105e-001     2.64637531292830e-001     2.64755101066352e-001     2.64923242049560e-001     2.65204609122331e-001     2.65677480338808e-001     2.66333498297879e-001     2.66888766173739e-001     2.67060688616448e-001     2.67067431010887e-001     2.67166763193217e-001     2.67236755180233e-001     2.67165439753919e-001     2.66889552171211e-001     2.66336136580686e-001     2.65701335766141e-001     2.64957006471047e-001     2.64173165330068e-001
    2.36863317351421e-001     2.36230388567214e-001     2.36041985957812e-001     2.35833295454544e-001     2.35392827487150e-001     2.34698896458287e-001     2.34032313037812e-001     2.33351570663812e-001     2.32697233638017e-001     2.32075392796717e-001     2.31497585094706e-001     2.31069531100015e-001     2.30669500807095e-001     2.30346370482044e-001     2.30033591350428e-001     2.29685914153338e-001     2.29305914113319e-001     2.29175944883755e-001     2.29001186073727e-001     2.28694059073271e-001     2.28850022651089e-001     2.29726881678623e-001     2.30657409998047e-001     2.31388610841847e-001     2.32069143964180e-001     2.32565450024405e-001     2.33120074769859e-001     2.33630721959348e-001     2.34201218450406e-001     2.34938720391901e-001     2.35659063786232e-001     2.36472602581532e-001     2.37193609034171e-001     2.37879339133791e-001     2.38371778994521e-001     2.38510596341261e-001     2.38196645786424e-001     2.37507741672545e-001     2.36863317351421e-001
    2.07588420524343e-001     2.08390230879645e-001     2.09464237578579e-001     2.09900594127509e-001     2.09575272029185e-001     2.09128440731275e-001     2.08320169725063e-001     2.07223778987569e-001     2.06609000612578e-001     2.06516322195732e-001     2.06419031249598e-001     2.06135740043270e-001     2.05828877269950e-001     2.05469182706456e-001     2.04918853894379e-001     2.04071662062508e-001     2.03173267976545e-001     2.02141069794611e-001     2.01109501252920e-001     2.00139050529945e-001     1.99419093437205e-001     1.99122374109445e-001     1.99258057549567e-001     1.99153207781700e-001     1.98453386577876e-001     1.98174728936670e-001     1.97654464580314e-001     1.98098237333687e-001     1.99406054632015e-001     2.00695147302212e-001     2.01908470747639e-001     2.03196643352498e-001     2.04405920644487e-001     2.05220342620173e-001     2.05879889405261e-001     2.06407623370365e-001     2.06777213312743e-001     2.07088038860191e-001     2.07588420524343e-001
    1.79065128959660e-001     1.79784452375532e-001     1.80846009946953e-001     1.82235158938009e-001     1.84060780090962e-001     1.86517112787316e-001     1.88084278912071e-001     1.87979379005735e-001     1.87247820280584e-001     1.85882859765745e-001     1.84007883222972e-001     1.81983318237677e-001     1.80751615277414e-001     1.80764498401543e-001     1.80891525051307e-001     1.80898811256600e-001     1.80783848155461e-001     1.80332415853296e-001     1.79575357575388e-001     1.78571367551024e-001     1.77567923115436e-001     1.76687317670135e-001     1.76075843889747e-001     1.75810778542439e-001     1.75999514948332e-001     1.76676093924512e-001     1.76419879678045e-001     1.75087691587856e-001     1.73630693472752e-001     1.72023996792695e-001     1.70642464643791e-001     1.69645148275448e-001     1.70473035116336e-001     1.72501239009842e-001     1.74427632507071e-001     1.76211347438795e-001     1.77547327911381e-001     1.78437494145311e-001     1.79065128959660e-001
    3.08101043832719e-001     3.09107679136973e-001     3.10049733765812e-001     3.10915607509967e-001     3.11637520107704e-001     3.12232691147099e-001     3.12660315492111e-001     3.12924853535965e-001     3.13120517459131e-001     3.13308342632715e-001     3.13555090679331e-001     3.13810462397909e-001     3.13999728641399e-001     3.14032370038835e-001     3.13994573462850e-001     3.13808773072744e-001     3.13571382171178e-001     3.13384422983692e-001     3.13243283520470e-001     3.12933774372669e-001     3.12517901977064e-001     3.12003985092707e-001     3.11510849117726e-001     3.10940582874505e-001     3.10256442718300e-001     3.09557479751272e-001     3.08887983325236e-001     3.08308224180689e-001     3.07831568866189e-001     3.07492761484482e-001     3.07254019729962e-001     3.06985812170619e-001     3.06684027690576e-001     3.06344477448262e-001     3.06062171223176e-001     3.05941083049400e-001     3.06271587903727e-001     3.07103904464726e-001     3.08101043832719e-001
    3.16185052691059e-001     3.16261410888288e-001     3.16236840545551e-001     3.16177404223324e-001     3.16126498221446e-001     3.16166562207162e-001     3.16358601373971e-001     3.16685586498159e-001     3.17073101125785e-001     3.17508754964316e-001     3.18001641752034e-001     3.18491617462761e-001     3.18919353248908e-001     3.19193756237902e-001     3.19349485051123e-001     3.19421578410877e-001     3.19441330304371e-001     3.19507353924804e-001     3.19646444647187e-001     3.19778582276390e-001     3.19770898160072e-001     3.19605070326902e-001     3.19331043496153e-001     3.18952795388123e-001     3.18463963202483e-001     3.17982532620351e-001     3.17510511131065e-001     3.17148499173463e-001     3.16912232498809e-001     3.16809127008043e-001     3.16741624349955e-001     3.16601334612273e-001     3.16431607100854e-001     3.16248397112340e-001     3.16091253827457e-001     3.15979325026526e-001     3.15937482908388e-001     3.16036087404782e-001     3.16185052691059e-001
    3.10812372688759e-001     3.10855486568604e-001     3.10938942557375e-001     3.11059908350894e-001     3.11188481153472e-001     3.11311913087136e-001     3.11486464308262e-001     3.11629962554918e-001     3.11845403062348e-001     3.12108968769148e-001     3.12424165628212e-001     3.12821826010828e-001     3.13294573167415e-001     3.13806861688550e-001     3.14312845785487e-001     3.14685834413700e-001     3.14867827678556e-001     3.14970324393107e-001     3.15039454008053e-001     3.15026625392349e-001     3.14956900974281e-001     3.14776708718818e-001     3.14558517431851e-001     3.14282500410193e-001     3.14002805363000e-001     3.13695436809650e-001     3.13363008637946e-001     3.13065688033475e-001     3.12743142179498e-001     3.12478642930502e-001     3.12248743797814e-001     3.12025508194049e-001     3.11765877114091e-001     3.11463693054970e-001     3.11148135198566e-001     3.10903821592115e-001     3.10748473283738e-001     3.10741504564930e-001     3.10812372688759e-001
    2.95137670026489e-001     2.94428767392601e-001     2.93753056850052e-001     2.93178652409137e-001     2.92774441371643e-001     2.92695258323995e-001     2.92918960749780e-001     2.93188741037571e-001     2.93603088281954e-001     2.94338535215856e-001     2.95154492057455e-001     2.95895953889845e-001     2.96582501755159e-001     2.97126190667235e-001     2.97568429517171e-001     2.97820636623984e-001     2.97966763540421e-001     2.98126986572616e-001     2.98331397001084e-001     2.98559857579551e-001     2.98806112522176e-001     2.99128991571330e-001     2.99539580189423e-001     2.99859007530712e-001     2.99825609270971e-001     2.99693837232481e-001     2.99515411907299e-001     2.99270741688833e-001     2.99144238726138e-001     2.99118553734340e-001     2.98995476572755e-001     2.98853423400128e-001     2.98599132814779e-001     2.98268557877810e-001     2.97847218878558e-001     2.97279702753330e-001     2.96577670392613e-001     2.95840277096674e-001     2.95137670026489e-001
    2.76839845226777e-001     2.76187727849228e-001     2.75444367089576e-001     2.74592296403439e-001     2.73601239882212e-001     2.72595802581999e-001     2.71713603088561e-001     2.70976584475623e-001     2.70424794618561e-001     2.70081591915196e-001     2.70017418098011e-001     2.70392700486863e-001     2.70839971434675e-001     2.71135971394847e-001     2.71268514168845e-001     2.71792955384368e-001     2.72656672315196e-001     2.73601372858634e-001     2.74184411158973e-001     2.74699021589366e-001     2.75046861548634e-001     2.75270697650001e-001     2.75280872572278e-001     2.75249167318010e-001     2.75368505692885e-001     2.75617351804021e-001     2.76083123406458e-001     2.76727729876933e-001     2.77647868235291e-001     2.78671823925436e-001     2.79174278879006e-001     2.79212359842378e-001     2.79146458790484e-001     2.78775432782224e-001     2.78354484026180e-001     2.78122529453842e-001     2.77834392211972e-001     2.77409564761144e-001     2.76839845226777e-001
    2.55651238015859e-001     2.54690899978660e-001     2.53860631111273e-001     2.53570383010639e-001     2.53179855603419e-001     2.52677458738589e-001     2.52149913985284e-001     2.51558307715399e-001     2.50859130681290e-001     2.50118086855483e-001     2.49372846636947e-001     2.48754243533306e-001     2.48336672423560e-001     2.48036729758087e-001     2.47793975094193e-001     2.47525473690529e-001     2.47350412090944e-001     2.47023046992389e-001     2.46478550676542e-001     2.46132970215591e-001     2.45953581596226e-001     2.46289727851633e-001     2.47293825081459e-001     2.48123400664676e-001     2.48911253354411e-001     2.49682874492679e-001     2.50239362030695e-001     2.50666577203696e-001     2.51074596329561e-001     2.51656065168581e-001     2.52559365380682e-001     2.53612735029261e-001     2.54750486406297e-001     2.55952800021381e-001     2.56965992536950e-001     2.57175081151024e-001     2.56877814997997e-001     2.56299020315980e-001     2.55651238015859e-001
    2.35143696931867e-001     2.35574138805015e-001     2.35459627050262e-001     2.34755828872598e-001     2.33633903855811e-001     2.32176231848403e-001     2.30818534799256e-001     2.30132980001587e-001     2.30141696537903e-001     2.30202729317880e-001     2.30101899059577e-001     2.29852677949875e-001     2.29422368930178e-001     2.28828127508351e-001     2.28202029445347e-001     2.27587867086076e-001     2.26919846389766e-001     2.26182824925669e-001     2.25560720164571e-001     2.25116023467942e-001     2.25002440830309e-001     2.24539365477448e-001     2.23684038199927e-001     2.22822481059948e-001     2.21992441374565e-001     2.21443513004696e-001     2.21472982147577e-001     2.22934254369722e-001     2.24567114705418e-001     2.26037254364301e-001     2.27236837555826e-001     2.28243377817416e-001     2.29110585736327e-001     2.30036207313875e-001     2.31015128521150e-001     2.31956527934081e-001     2.32896136510989e-001     2.33918291798489e-001     2.35143696931867e-001
