# Table format: 3D
# table_unit = Wb
# axis1_unit = degree
# axis2_unit = A.tr
# axis3_unit = A.tr
# axis1_token = theta
# axis2_token = Nid
# axis3_token = Niq
39
7
7
0.00000000000000e+00   3.94736842105260e-01   7.89473684210527e-01   1.18421052631579e+00   1.57894736842106e+00   1.97368421052632e+00   2.36842105263158e+00   2.76315789473684e+00   3.15789473684210e+00   3.55263157894737e+00   3.94736842105263e+00   4.34210526315790e+00   4.73684210526316e+00   5.13157894736842e+00   5.52631578947368e+00   5.92105263157895e+00   6.31578947368421e+00   6.71052631578947e+00   7.10526315789474e+00   7.50000000000000e+00   7.89473684210526e+00   8.28947368421053e+00   8.68421052631579e+00   9.07894736842105e+00   9.47368421052632e+00   9.86842105263158e+00   1.02631578947368e+01   1.06578947368421e+01   1.10526315789474e+01   1.14473684210526e+01   1.18421052631579e+01   1.22368421052632e+01   1.26315789473684e+01   1.30263157894737e+01   1.34210526315790e+01   1.38157894736842e+01   1.42105263157895e+01   1.46052631578947e+01   1.50000000000000e+01   
-6.24000000000000e+03   -4.16000000000000e+03   -2.08000000000000e+03   0.00000000000000e+00   2.08000000000000e+03   4.16000000000000e+03   6.24000000000000e+03   
-6.24000000000000e+03   -4.16000000000000e+03   -2.08000000000000e+03   0.00000000000000e+00   2.08000000000000e+03   4.16000000000000e+03   6.24000000000000e+03   
-2.31074543157536e-02   -2.30328993662143e-02   -2.29704700224133e-02   -2.29455590460211e-02   -2.29545336487654e-02   -2.29752232590530e-02   -2.30009785005702e-02   -2.30237921321338e-02   -2.30438918038274e-02   -2.30617612475727e-02   -2.30872327636604e-02   -2.31229587820214e-02   -2.31664314355859e-02   -2.32164573730537e-02   -2.32690637576464e-02   -2.33203895032666e-02   -2.33633428860698e-02   -2.34001216059206e-02   -2.34387672728443e-02   -2.34699658447972e-02   -2.34935084199987e-02   -2.35037135886979e-02   -2.35177237389443e-02   -2.35356067411636e-02   -2.35496269619315e-02   -2.35524956647900e-02   -2.35500714908068e-02   -2.35358609386443e-02   -2.35167264483253e-02   -2.34982647850321e-02   -2.34839977278144e-02   -2.34695228924298e-02   -2.34495901910608e-02   -2.34175453193406e-02   -2.33730473892839e-02   -2.33190266946438e-02   -2.32540027538982e-02   -2.31832840031008e-02   -2.31074543157536e-02   
-2.37138759063731e-02   -2.37024428217839e-02   -2.36952828303655e-02   -2.36983244276308e-02   -2.37067845885898e-02   -2.37187928287081e-02   -2.37325025905214e-02   -2.37449921797288e-02   -2.37554345712537e-02   -2.37605219052673e-02   -2.37683394657715e-02   -2.37860036448640e-02   -2.38131476888069e-02   -2.38488977194769e-02   -2.38847158413871e-02   -2.39213194417187e-02   -2.39495052389492e-02   -2.39702137152838e-02   -2.39829055409937e-02   -2.39834483552397e-02   -2.39736149962988e-02   -2.39634117233735e-02   -2.39586454251269e-02   -2.39568975514420e-02   -2.39514205648092e-02   -2.39397402661302e-02   -2.39191847652521e-02   -2.38871925851424e-02   -2.38503286276614e-02   -2.38133639326813e-02   -2.37807237738106e-02   -2.37515687121302e-02   -2.37266318369070e-02   -2.37123798482257e-02   -2.37095965430049e-02   -2.37132182662656e-02   -2.37178931692239e-02   -2.37197703716877e-02   -2.37138759063731e-02   
-2.33108856576400e-02   -2.33048103971631e-02   -2.33058923806614e-02   -2.33176308419476e-02   -2.33361395555528e-02   -2.33602371919947e-02   -2.33828343031155e-02   -2.34019521775007e-02   -2.34186138990690e-02   -2.34358984348350e-02   -2.34557628110197e-02   -2.34799445391581e-02   -2.35021873702325e-02   -2.35271683624822e-02   -2.35502483440935e-02   -2.35708298091163e-02   -2.35913309739197e-02   -2.36079856172611e-02   -2.36218764720338e-02   -2.36274204090828e-02   -2.36282906876722e-02   -2.36235429569983e-02   -2.36162152742838e-02   -2.36017429635478e-02   -2.35738322577675e-02   -2.35358105015354e-02   -2.34973603305024e-02   -2.34619269374042e-02   -2.34319251138822e-02   -2.34082938849552e-02   -2.33885159322076e-02   -2.33722293832514e-02   -2.33610789511934e-02   -2.33478523179985e-02   -2.33390894883988e-02   -2.33295579697362e-02   -2.33204851883004e-02   -2.33145587624858e-02   -2.33108856576400e-02   
-2.21354020016222e-02   -2.21875679426253e-02   -2.22431967603459e-02   -2.22959283488660e-02   -2.23386052349349e-02   -2.23705981300129e-02   -2.23953528583612e-02   -2.24141366149611e-02   -2.24243647982665e-02   -2.24339940338177e-02   -2.24359755560763e-02   -2.24454499931918e-02   -2.24636979633702e-02   -2.24772816636160e-02   -2.24871908623336e-02   -2.24894023616240e-02   -2.24645355742264e-02   -2.24342918437785e-02   -2.24108526525443e-02   -2.23922689002147e-02   -2.23751345218220e-02   -2.23602807234926e-02   -2.23485351422752e-02   -2.23369478489754e-02   -2.23178214807979e-02   -2.22846352845059e-02   -2.22438764243953e-02   -2.21923289441906e-02   -2.21369649828231e-02   -2.20754209530060e-02   -2.20202881429693e-02   -2.19889029190353e-02   -2.19680894337717e-02   -2.19511911388945e-02   -2.19579183578249e-02   -2.19884097374235e-02   -2.20315425459749e-02   -2.20827493892889e-02   -2.21354020016222e-02   
-2.07629230851477e-02   -2.08052240656908e-02   -2.08374475366948e-02   -2.08592308540061e-02   -2.08767509914692e-02   -2.09089790734594e-02   -2.09368670970119e-02   -2.09414883565806e-02   -2.09385081244035e-02   -2.09009594304994e-02   -2.08240936211179e-02   -2.07550193705979e-02   -2.07065000779868e-02   -2.06716152100539e-02   -2.06529180900877e-02   -2.06436518627893e-02   -2.06454041293297e-02   -2.06450156946932e-02   -2.06286018864305e-02   -2.06025629375727e-02   -2.05639158827908e-02   -2.05196839438953e-02   -2.04501628608142e-02   -2.03848275330959e-02   -2.03452089081393e-02   -2.03352902133501e-02   -2.03131194516973e-02   -2.02794804439587e-02   -2.02512228861686e-02   -2.02560619754215e-02   -2.02818373148392e-02   -2.03230697107197e-02   -2.03778381081947e-02   -2.04439741838250e-02   -2.05199345205206e-02   -2.05944071164551e-02   -2.06583319261826e-02   -2.07142800901394e-02   -2.07629230851477e-02   
-1.91741082685343e-02   -1.92222978461799e-02   -1.92661833464911e-02   -1.92881813570710e-02   -1.92731558648295e-02   -1.91980910648359e-02   -1.91086125593948e-02   -1.90216783212012e-02   -1.89424474791200e-02   -1.88746227097521e-02   -1.88309929770114e-02   -1.88002573672924e-02   -1.87681728828615e-02   -1.87264905334667e-02   -1.86686009530777e-02   -1.86094643829581e-02   -1.85467034849329e-02   -1.84713833118807e-02   -1.84465060915914e-02   -1.84600939449894e-02   -1.84859356863097e-02   -1.85273506004197e-02   -1.85523571790409e-02   -1.85647367635916e-02   -1.85847917807413e-02   -1.86027651461397e-02   -1.86252430933663e-02   -1.86565311632337e-02   -1.87028734915080e-02   -1.87587754664111e-02   -1.88143755960366e-02   -1.88666481384959e-02   -1.89107619673067e-02   -1.89502987526665e-02   -1.89876082341615e-02   -1.90177164820886e-02   -1.90395056402498e-02   -1.91019887182214e-02   -1.91741082685343e-02   
-1.76374780200967e-02   -1.75439927804685e-02   -1.74675090681564e-02   -1.73977158640138e-02   -1.73268053569754e-02   -1.72537435759518e-02   -1.71841192091979e-02   -1.71188106901287e-02   -1.70431139904804e-02   -1.69532380378000e-02   -1.68430402695400e-02   -1.67203420589691e-02   -1.66107601192458e-02   -1.66084426557194e-02   -1.66496690722910e-02   -1.67115514541401e-02   -1.67753485313503e-02   -1.68397707785432e-02   -1.68751108847510e-02   -1.68837009592063e-02   -1.69170966635105e-02   -1.69640788183770e-02   -1.70193734693999e-02   -1.70693590607472e-02   -1.71151232024232e-02   -1.71620519636878e-02   -1.72066121166009e-02   -1.72387901302819e-02   -1.72575379546406e-02   -1.72651052253614e-02   -1.72605280827803e-02   -1.72598121724150e-02   -1.73109734643033e-02   -1.74127789638376e-02   -1.75224621968908e-02   -1.76067241296885e-02   -1.76596213438538e-02   -1.76688606678819e-02   -1.76374780200967e-02   
-2.11482699372583e-02   -2.10310743837821e-02   -2.09048814520353e-02   -2.07926433615083e-02   -2.07050421499786e-02   -2.06607540482893e-02   -2.06612856260022e-02   -2.06663600410498e-02   -2.06648795312863e-02   -2.06548264914461e-02   -2.06459914916706e-02   -2.06474055340548e-02   -2.06767433979969e-02   -2.07438906411824e-02   -2.08239780547289e-02   -2.09054873871347e-02   -2.09858226071475e-02   -2.10587689466972e-02   -2.11236473258095e-02   -2.11775483830480e-02   -2.12123097123204e-02   -2.12306913835822e-02   -2.12442518873040e-02   -2.12686604989428e-02   -2.13114899595305e-02   -2.13596316918346e-02   -2.13971692359596e-02   -2.14200021542840e-02   -2.14284341244628e-02   -2.14327869779442e-02   -2.14369481245120e-02   -2.14449274366022e-02   -2.14536689618079e-02   -2.14522017085326e-02   -2.14348199242023e-02   -2.13967575732096e-02   -2.13346525463644e-02   -2.12513640668767e-02   -2.11482699372583e-02   
-2.17750782977648e-02   -2.17698312190152e-02   -2.17641409570639e-02   -2.17672128457884e-02   -2.17839853213859e-02   -2.18035359397800e-02   -2.18241832708261e-02   -2.18387919320322e-02   -2.18447658048919e-02   -2.18497208135009e-02   -2.18601842026900e-02   -2.18771849222143e-02   -2.19002897083834e-02   -2.19309416352099e-02   -2.19727143367743e-02   -2.20183770201495e-02   -2.20650623709414e-02   -2.21043294154540e-02   -2.21336360629656e-02   -2.21504015753701e-02   -2.21517858357830e-02   -2.21433667329341e-02   -2.21345829707881e-02   -2.21346845380484e-02   -2.21376285053496e-02   -2.21318862985360e-02   -2.21092803467711e-02   -2.20667669652136e-02   -2.20099148895162e-02   -2.19496127726034e-02   -2.18947464225871e-02   -2.18440420458511e-02   -2.18031086539245e-02   -2.17782042971943e-02   -2.17715394128704e-02   -2.17733963341957e-02   -2.17765634779163e-02   -2.17766316394188e-02   -2.17750782977648e-02   
-2.12755961068596e-02   -2.12983732471917e-02   -2.13261273913205e-02   -2.13635677721372e-02   -2.14095630006793e-02   -2.14534007127423e-02   -2.14844042505903e-02   -2.15091226175581e-02   -2.15286635771892e-02   -2.15418364902934e-02   -2.15563071464744e-02   -2.15688483114080e-02   -2.15809301366734e-02   -2.15924461057519e-02   -2.16023323160169e-02   -2.16137922652666e-02   -2.16252727683821e-02   -2.16336789546813e-02   -2.16427396326011e-02   -2.16465046819876e-02   -2.16384241168881e-02   -2.16175261533366e-02   -2.15893179903567e-02   -2.15596184511652e-02   -2.15298391853267e-02   -2.14956125087103e-02   -2.14553678019420e-02   -2.14119118745622e-02   -2.13700041143138e-02   -2.13343825221731e-02   -2.13041274878390e-02   -2.12812390822805e-02   -2.12615870011914e-02   -2.12465144712620e-02   -2.12341066445464e-02   -2.12294839568926e-02   -2.12351583877460e-02   -2.12513504952441e-02   -2.12755961068596e-02   
-1.98129890738874e-02   -1.98713552626867e-02   -1.99275198279210e-02   -1.99752238774954e-02   -2.00168914708148e-02   -2.00381455311010e-02   -2.00434754013114e-02   -2.00378372441014e-02   -2.00302315992842e-02   -2.00297687733769e-02   -2.00165665190171e-02   -1.99751625672528e-02   -1.99258910686028e-02   -1.98905055922261e-02   -1.98694492080208e-02   -1.98563712929946e-02   -1.98466355659069e-02   -1.98402514932152e-02   -1.98332903304927e-02   -1.98236087302162e-02   -1.98110112117746e-02   -1.97902982801879e-02   -1.97603150747437e-02   -1.97299855618452e-02   -1.96986248289731e-02   -1.96595390880428e-02   -1.96011845816658e-02   -1.95241205166822e-02   -1.94542557676277e-02   -1.94168025154985e-02   -1.94031930755463e-02   -1.94095183170089e-02   -1.94335566442533e-02   -1.94780077492004e-02   -1.95348770059612e-02   -1.96028750207226e-02   -1.96751315457515e-02   -1.97466101556119e-02   -1.98129890738874e-02   
-1.77650985733258e-02   -1.78126980042113e-02   -1.78648252139122e-02   -1.78884300527360e-02   -1.78784276223437e-02   -1.78421587688932e-02   -1.77905000114888e-02   -1.77359093116830e-02   -1.76746819927835e-02   -1.76206132204263e-02   -1.75651087529779e-02   -1.75224154443010e-02   -1.74840473602500e-02   -1.74424941606285e-02   -1.74052524419305e-02   -1.73537623420055e-02   -1.72983245160974e-02   -1.72288255845259e-02   -1.71637105486339e-02   -1.71521810806677e-02   -1.71751352402029e-02   -1.71888891642904e-02   -1.71989720293528e-02   -1.72267689998652e-02   -1.72527276236259e-02   -1.72760486886138e-02   -1.73002753120743e-02   -1.73302259371816e-02   -1.73622802223951e-02   -1.74056264991542e-02   -1.74523112452551e-02   -1.75012105024554e-02   -1.75518465757086e-02   -1.76017682121851e-02   -1.76540223983421e-02   -1.76874740760177e-02   -1.77031355033782e-02   -1.77176475987668e-02   -1.77650985733258e-02   
-1.55700821131199e-02   -1.55313873630032e-02   -1.55085102818454e-02   -1.54808092475803e-02   -1.54413004322694e-02   -1.53920258792394e-02   -1.53308660923257e-02   -1.52399162963531e-02   -1.51431538184098e-02   -1.50525344993433e-02   -1.49555934167514e-02   -1.48574683719486e-02   -1.48241029984062e-02   -1.48630601676274e-02   -1.48839703251940e-02   -1.49357535922476e-02   -1.49431801687253e-02   -1.49335666442177e-02   -1.49562684198922e-02   -1.50103985707317e-02   -1.50832339241385e-02   -1.51608162027492e-02   -1.52383493866331e-02   -1.53054368001004e-02   -1.53689061926077e-02   -1.54101410337732e-02   -1.54371396073918e-02   -1.54600311441202e-02   -1.54811094269783e-02   -1.54886675088270e-02   -1.54955801670833e-02   -1.55416106734399e-02   -1.56235067501162e-02   -1.56840211749724e-02   -1.57178582916671e-02   -1.57425807928856e-02   -1.57099031165778e-02   -1.56298545803384e-02   -1.55700821131199e-02   
-1.34305923652017e-02   -1.33830128823405e-02   -1.33163920612504e-02   -1.32161007600279e-02   -1.30823022616276e-02   -1.29377103532811e-02   -1.27857226336879e-02   -1.27235178262805e-02   -1.27981927500347e-02   -1.29019195562285e-02   -1.30223564012848e-02   -1.31313738265271e-02   -1.32313781282305e-02   -1.32504331382031e-02   -1.31998533327769e-02   -1.31856347221462e-02   -1.32051770688364e-02   -1.32512872368439e-02   -1.33175081988476e-02   -1.33928079358374e-02   -1.34681020192540e-02   -1.35249380643272e-02   -1.35588109403984e-02   -1.35673030142874e-02   -1.35666194421702e-02   -1.35572783609562e-02   -1.35562277869672e-02   -1.36487271445247e-02   -1.38005744610951e-02   -1.39411881263023e-02   -1.40435465756604e-02   -1.40983839598883e-02   -1.41059508603309e-02   -1.39878628322316e-02   -1.38048282155336e-02   -1.36679067788529e-02   -1.35636505840903e-02   -1.34841098267380e-02   -1.34305923652017e-02   
-1.67838149167390e-02   -1.66639587105423e-02   -1.64512347904545e-02   -1.61501129139623e-02   -1.57823208087780e-02   -1.53997055398103e-02   -1.50965449119697e-02   -1.49153871170821e-02   -1.48067156081258e-02   -1.47031789814669e-02   -1.45853317006425e-02   -1.44880011626777e-02   -1.44181890838732e-02   -1.43413259480627e-02   -1.42873509476680e-02   -1.42224090717407e-02   -1.41695644083451e-02   -1.41469895632645e-02   -1.41819907306617e-02   -1.42980091870593e-02   -1.44528038023610e-02   -1.45655282962706e-02   -1.46129774573878e-02   -1.46198587743423e-02   -1.46384957189801e-02   -1.47706487867253e-02   -1.50140617478550e-02   -1.53173867874424e-02   -1.56334719771203e-02   -1.58807218131543e-02   -1.60548891194793e-02   -1.61821799948760e-02   -1.62793055281014e-02   -1.63785603509660e-02   -1.65158060112547e-02   -1.66547611141345e-02   -1.67608119813831e-02   -1.68101321738143e-02   -1.67838149167390e-02   
-1.69974679829633e-02   -1.69903650461383e-02   -1.70014043477971e-02   -1.70039364073392e-02   -1.70068674465658e-02   -1.70177247826037e-02   -1.70384634803181e-02   -1.70636284501384e-02   -1.70518338408843e-02   -1.69756746696062e-02   -1.68646100434791e-02   -1.67585388105523e-02   -1.66491458531360e-02   -1.65611596526935e-02   -1.65208396337482e-02   -1.65403733678545e-02   -1.66145731434250e-02   -1.67066114656813e-02   -1.68112902555273e-02   -1.69147484383600e-02   -1.69878696485506e-02   -1.70255375679275e-02   -1.70398564599711e-02   -1.70508326627830e-02   -1.70787692798579e-02   -1.71179608697425e-02   -1.71706150555034e-02   -1.72216252845567e-02   -1.72416225060006e-02   -1.72339258499094e-02   -1.72110890338524e-02   -1.71681536420497e-02   -1.71172739086889e-02   -1.70652282683105e-02   -1.70284062137676e-02   -1.70099172233505e-02   -1.70049083681734e-02   -1.70026365594081e-02   -1.69974679829633e-02   
-1.75707432054070e-02   -1.76651374708688e-02   -1.77525648077017e-02   -1.78238296623558e-02   -1.78773311172444e-02   -1.79077789336548e-02   -1.79201490000783e-02   -1.78824199383117e-02   -1.78336821931428e-02   -1.77725652341895e-02   -1.76880643566599e-02   -1.75823057521358e-02   -1.74815296191200e-02   -1.74025816642428e-02   -1.73488330483941e-02   -1.73202079658875e-02   -1.73096935853695e-02   -1.73059096449392e-02   -1.72974042640392e-02   -1.72800551500253e-02   -1.72597211473081e-02   -1.72308021699326e-02   -1.72077830976196e-02   -1.71913683283864e-02   -1.71718664734096e-02   -1.71453031133772e-02   -1.71011324484732e-02   -1.70430019803898e-02   -1.69957195789455e-02   -1.69711858246893e-02   -1.69677428029230e-02   -1.69879050097721e-02   -1.70248829931037e-02   -1.70812340707355e-02   -1.71594582200797e-02   -1.72546115881188e-02   -1.73593666413317e-02   -1.74669780796774e-02   -1.75707432054070e-02   
-1.55239171798820e-02   -1.55174975010411e-02   -1.55304255562396e-02   -1.55593835841919e-02   -1.55910327388228e-02   -1.55931737265470e-02   -1.55817253854789e-02   -1.55538959674444e-02   -1.55131325904164e-02   -1.54644671357625e-02   -1.54243839094158e-02   -1.53905779623287e-02   -1.53620009625017e-02   -1.53237573385382e-02   -1.52719367286936e-02   -1.52061398615039e-02   -1.51311225588863e-02   -1.50661286415702e-02   -1.50215106568671e-02   -1.49993618256393e-02   -1.50023608894808e-02   -1.50313964387338e-02   -1.50762135882177e-02   -1.51199410426833e-02   -1.51571788276592e-02   -1.51850648260218e-02   -1.52083676342430e-02   -1.52344987695401e-02   -1.52604929016859e-02   -1.52893372506797e-02   -1.53257603531161e-02   -1.53705014821619e-02   -1.54151026205015e-02   -1.54585249241423e-02   -1.55015241218821e-02   -1.55331205468065e-02   -1.55429825560713e-02   -1.55379204837912e-02   -1.55239171798820e-02   
-1.23722843315135e-02   -1.23772326985765e-02   -1.23982783790156e-02   -1.24139782770960e-02   -1.24109718887586e-02   -1.23752109355656e-02   -1.23280858122559e-02   -1.22756342162548e-02   -1.22000310450404e-02   -1.21177193341594e-02   -1.20711748918614e-02   -1.20734536390539e-02   -1.20456476459556e-02   -1.19677245906255e-02   -1.19002721692207e-02   -1.18765923356074e-02   -1.19022500598733e-02   -1.19630464334087e-02   -1.20490282953181e-02   -1.21473051176963e-02   -1.22636837612040e-02   -1.23821230510103e-02   -1.24899935132437e-02   -1.25835479807745e-02   -1.26512369550583e-02   -1.27052095331015e-02   -1.27328582864914e-02   -1.27384080041472e-02   -1.27425786192728e-02   -1.27353795068242e-02   -1.27683857979149e-02   -1.28033695312771e-02   -1.27514466041501e-02   -1.26236928220669e-02   -1.25010683991951e-02   -1.24213185626669e-02   -1.23824238082360e-02   -1.23709954281719e-02   -1.23722843315135e-02   
-9.52374985997512e-03   -9.43458876250959e-03   -9.33016486290255e-03   -9.24394919087804e-03   -9.30380623887267e-03   -9.39738326246448e-03   -9.49093397787972e-03   -9.61399633867463e-03   -9.65369616571099e-03   -9.61067773132398e-03   -9.58012945950538e-03   -9.57599465276600e-03   -9.58682382330496e-03   -9.62243876826742e-03   -9.67048182151433e-03   -9.74564100048700e-03   -9.83618459209383e-03   -9.91852042564330e-03   -9.99670890075981e-03   -1.00500826181546e-02   -1.01016325859653e-02   -1.01375218224744e-02   -1.01581799746225e-02   -1.02090570565598e-02   -1.03273233776009e-02   -1.04480171397314e-02   -1.05229776873257e-02   -1.06014588829771e-02   -1.05500442781775e-02   -1.03640483131588e-02   -1.01938664224981e-02   -1.00421646108093e-02   -9.91833140313262e-03   -9.81845233846084e-03   -9.74714159778090e-03   -9.70509392889654e-03   -9.65926020852082e-03   -9.60891576473479e-03   -9.52374985997512e-03   
-7.12987829324825e-03   -7.26071945689913e-03   -7.45531415702924e-03   -7.61098904827095e-03   -7.78336270117963e-03   -7.87437276834111e-03   -7.84011685667322e-03   -7.80173318626139e-03   -7.78387765955146e-03   -7.78290216835647e-03   -7.80015621436308e-03   -7.84348255842196e-03   -7.90753139468386e-03   -7.96184377253068e-03   -8.00499951052452e-03   -8.04047114817490e-03   -8.06496683345719e-03   -8.07247701998908e-03   -8.07539843968464e-03   -8.17337329520941e-03   -8.34916155421058e-03   -8.50700859107158e-03   -8.67205922659427e-03   -8.77888652034290e-03   -8.85682511573081e-03   -8.80013396613434e-03   -8.57794725489204e-03   -8.36803642735443e-03   -8.16781225330656e-03   -7.99812741319167e-03   -7.86285670995838e-03   -7.76676700639629e-03   -7.64512553895127e-03   -7.50698852354582e-03   -7.35530642093799e-03   -7.20346185010449e-03   -7.03936019111383e-03   -7.01036407845631e-03   -7.12987829324825e-03   
1.11617827422203e-12   -7.13078653896522e-04   -1.36574436347219e-03   -1.86916980187778e-03   -2.11525710291378e-03   -2.11906750839188e-03   -1.98829357342933e-03   -1.80086075646934e-03   -1.53936746531236e-03   -1.16654578749397e-03   -6.99503561493934e-04   -1.74840378543417e-04   3.67083238405275e-04   8.78981752130181e-04   1.29147782738568e-03   1.51536418773093e-03   1.47956329791820e-03   1.14646420252537e-03   6.15606710824825e-04   2.99953777386693e-07   -6.15042915339012e-04   -1.14511505514879e-03   -1.47678376234176e-03   -1.51447528422910e-03   -1.29141045895490e-03   -8.78847687865911e-04   -3.66798134347509e-04   1.74928668067585e-04   6.99513821648318e-04   1.16678056373419e-03   1.53972057820750e-03   1.80134020234688e-03   1.98949619506664e-03   2.12064827824013e-03   2.11544881479978e-03   1.86912201980609e-03   1.36584438685089e-03   7.13028629612707e-04   1.11617827422203e-12   
3.57174859047314e-11   -2.75453377718253e-04   -5.37041603689515e-04   -7.60872178351432e-04   -9.15704737948581e-04   -9.68871599557157e-04   -8.89379186669638e-04   -6.34862713197448e-04   -2.32933117686840e-04   2.57446703878711e-04   7.66770882136721e-04   1.26439862031081e-03   1.70851735340707e-03   2.03641348325134e-03   2.17536784682165e-03   2.10507089902448e-03   1.81996606206436e-03   1.32951613913953e-03   6.97618995999095e-04   1.52004553369611e-07   -6.97270817059792e-04   -1.32850622989739e-03   -1.81782221028016e-03   -2.10443016473707e-03   -2.17541429644871e-03   -2.03636065587496e-03   -1.70828133371239e-03   -1.26421577678054e-03   -7.66618091588659e-04   -2.57228115322651e-04   2.33122419223356e-04   6.35014918986025e-04   8.89838217214692e-04   9.69581564805799e-04   9.15835234541980e-04   7.60793615237521e-04   5.37095612050401e-04   2.75416861939597e-04   3.57174859047314e-11   
8.33055275106226e-10   -1.69486670158665e-04   -2.77674907821985e-04   -2.97424580131436e-04   -2.16015118208140e-04   -4.81907887055239e-05   1.70344611891760e-04   4.18977943610160e-04   6.61288947209535e-04   8.77624723906409e-04   1.05493511834310e-03   1.18858727090654e-03   1.27975636857299e-03   1.32974002532110e-03   1.32665666499668e-03   1.24981957777743e-03   1.07410780346223e-03   7.91055721637471e-04   4.13334823276649e-04   1.07601632846004e-07   -4.13146952502671e-04   -7.90035444546106e-04   -1.07235452671319e-03   -1.24907751970197e-03   -1.32633742755044e-03   -1.32955880908342e-03   -1.27970277101806e-03   -1.18870048554177e-03   -1.05505831292027e-03   -8.77693634888815e-04   -6.61242725210459e-04   -4.18891759003815e-04   -1.69703372720733e-04   4.93717709366384e-05   2.16468127941872e-04   2.97611198194584e-04   2.77779542072603e-04   1.69251801869290e-04   8.33055275106226e-10   
-7.10513147342080e-10   -1.97659094932343e-04   -3.74589592611200e-04   -4.92979162669957e-04   -5.47545433654452e-04   -5.34657051718857e-04   -4.73019025412129e-04   -3.67511136043985e-04   -2.24476438994731e-04   -6.05281963697547e-05   1.09543770956768e-04   2.72901732087179e-04   4.14357027160611e-04   5.16059864716523e-04   5.69998074708470e-04   5.72515343562770e-04   5.09567638303484e-04   3.84110647961671e-04   2.02524507067081e-04   1.12671373670995e-07   -2.02264932214995e-04   -3.83656377676036e-04   -5.08803236565015e-04   -5.71996752599257e-04   -5.69520400302882e-04   -5.15604890930137e-04   -4.14049067758800e-04   -2.72711749906985e-04   -1.09398073072950e-04   6.08088119173423e-05   2.24927693613219e-04   3.68133016080762e-04   4.74027460676638e-04   5.35597350289859e-04   5.47932990184829e-04   4.93170320764420e-04   3.74683233824013e-04   1.97634746860896e-04   -7.10513147342080e-10   
-4.93406160262315e-09   -1.40463911574645e-04   -2.61323587676595e-04   -3.71009632992797e-04   -4.67679020135292e-04   -5.36554524240486e-04   -5.96038713942937e-04   -6.24994190429820e-04   -6.19997455174631e-04   -5.67255743426752e-04   -4.50508219815450e-04   -2.94583837012065e-04   -1.70868975547040e-04   -9.24658514769200e-05   -4.14236170314579e-05   -9.56857915564424e-06   1.75230156465537e-05   4.21645892305371e-05   3.31293472469716e-05   3.93141474434090e-08   -3.30529711670317e-05   -4.20482170819343e-05   -1.73305896759036e-05   9.74475538204832e-06   4.16603996309016e-05   9.27390469987143e-05   1.71088109968771e-04   2.94663086605621e-04   4.50395199496946e-04   5.67406471894327e-04   6.20379392193740e-04   6.25457360689217e-04   5.96574785002058e-04   5.37000513917629e-04   4.67903476374667e-04   3.71132828139242e-04   2.61379541462448e-04   1.40404091336227e-04   -4.93406160262315e-09   
-2.06612516220768e-08   -7.68928950825653e-05   -1.42907851890776e-04   -1.93263554487358e-04   -2.44761605276351e-04   -2.93192337240906e-04   -3.22970590525249e-04   -3.09329122915280e-04   -3.51186416667740e-04   -4.65637682380844e-04   -6.11384653927954e-04   -7.50066629073680e-04   -8.16518945716637e-04   -7.62974696422901e-04   -6.18680433386305e-04   -4.70881330245805e-04   -3.52325103438792e-04   -2.17761497620015e-04   -9.35351989394012e-05   -7.03194100141589e-09   9.35093414596269e-05   2.17756826501690e-04   3.52417847282555e-04   4.71154150200896e-04   6.18746576615788e-04   7.63096323260338e-04   8.16960522323500e-04   7.50168803864737e-04   6.11387509034789e-04   4.65837867607505e-04   3.51465444004095e-04   3.09721880997745e-04   3.23398942053941e-04   2.93654993651617e-04   2.44941650102245e-04   1.93357351764287e-04   1.42988251837487e-04   7.69907849790990e-05   -2.06612516220768e-08   
-3.19308718295864e-08   -5.92551990209069e-05   -9.21039489185389e-05   -1.19894156676657e-04   -1.31307165557016e-04   -1.28691917543258e-04   -1.16724764929848e-04   -1.50516264841556e-04   -3.00800360382281e-04   -4.78143436109900e-04   -6.49641090849501e-04   -8.09830224500250e-04   -9.37714789737262e-04   -9.98648739862708e-04   -8.58987146169930e-04   -6.61711865264555e-04   -4.82281316959013e-04   -3.06148234812113e-04   -1.35286169887626e-04   -3.70900661237173e-08   1.35178925815749e-04   3.06044229253025e-04   4.82241719890264e-04   6.61640265993908e-04   8.58990280114079e-04   9.99333623065406e-04   9.37525852201589e-04   8.09805400671374e-04   6.49637494240482e-04   4.78233841494130e-04   3.01413314565407e-04   1.51067645852198e-04   1.16932820859634e-04   1.28617489901947e-04   1.31553924451290e-04   1.20058011669082e-04   9.22297350851474e-05   5.93685294126157e-05   -3.19308718295864e-08   
1.67837858201264e-02   1.68100136994914e-02   1.67607153669063e-02   1.66547552878713e-02   1.65159457165362e-02   1.63791147352558e-02   1.62796083755668e-02   1.61821009239393e-02   1.60547990737310e-02   1.58806793295850e-02   1.56333992920484e-02   1.53172212003200e-02   1.50137998768293e-02   1.47703456184420e-02   1.46382271710560e-02   1.46195245340685e-02   1.46125465712915e-02   1.45654597941905e-02   1.44530014937952e-02   1.42982532265824e-02   1.41821538472105e-02   1.41471371653213e-02   1.41693011637223e-02   1.42222772196938e-02   1.42872299220262e-02   1.43412623191455e-02   1.44181474757789e-02   1.44879685428135e-02   1.45851876142596e-02   1.47030769953595e-02   1.48067529168717e-02   1.49152097041151e-02   1.50958179645907e-02   1.53988953789322e-02   1.57819829994609e-02   1.61498751415764e-02   1.64513053335940e-02   1.66639508410449e-02   1.67837858201264e-02   
1.69975709463089e-02   1.70020173700745e-02   1.70047534474832e-02   1.70098843617889e-02   1.70287198282508e-02   1.70668406788459e-02   1.71186985175631e-02   1.71684081528423e-02   1.72110200902304e-02   1.72339036870411e-02   1.72416345491472e-02   1.72215506844725e-02   1.71704530242330e-02   1.71177659720510e-02   1.70785216338145e-02   1.70501591914891e-02   1.70382877114668e-02   1.70246837540641e-02   1.69877128521663e-02   1.69147927867460e-02   1.68115740125655e-02   1.67076989798870e-02   1.66163213703578e-02   1.65411039931346e-02   1.65212106557676e-02   1.65613725059429e-02   1.66493146941826e-02   1.67584240841623e-02   1.68645327033401e-02   1.69756381365324e-02   1.70517112250359e-02   1.70634757099846e-02   1.70381349913728e-02   1.70174613443666e-02   1.70066954093769e-02   1.70038874922995e-02   1.70013858852348e-02   1.69908710808684e-02   1.69975709463089e-02   
1.75707336087265e-02   1.74663570643755e-02   1.73592631615600e-02   1.72546395981366e-02   1.71597423108321e-02   1.70823677677151e-02   1.70259209062327e-02   1.69881473008811e-02   1.69677548916404e-02   1.69712178368836e-02   1.69957492104514e-02   1.70429437371150e-02   1.71010104189110e-02   1.71451983113218e-02   1.71717068595856e-02   1.71908327750645e-02   1.72060270721828e-02   1.72296124987200e-02   1.72594625681226e-02   1.72801394049838e-02   1.72977534494316e-02   1.73073534435417e-02   1.73116861045302e-02   1.73208285482845e-02   1.73489764747936e-02   1.74026692329166e-02   1.74816885534110e-02   1.75823617853891e-02   1.76879962260856e-02   1.77725558633367e-02   1.78337036491719e-02   1.78822424834067e-02   1.79194693163829e-02   1.79070056906294e-02   1.78771897169148e-02   1.78238620944549e-02   1.77527135232942e-02   1.76657464011154e-02   1.75707336087265e-02   
1.55238180799290e-02   1.55371951998044e-02   1.55430953289710e-02   1.55330631302600e-02   1.55020217603840e-02   1.54595911014322e-02   1.54160225793953e-02   1.53707172205036e-02   1.53258107787718e-02   1.52893944812510e-02   1.52605414158784e-02   1.52344652179192e-02   1.52082889976561e-02   1.51850219262443e-02   1.51571224248224e-02   1.51196559850485e-02   1.50751640367448e-02   1.50306814185664e-02   1.50022310265408e-02   1.49993314236648e-02   1.50215942363694e-02   1.50672780111452e-02   1.51332189555330e-02   1.52068068014870e-02   1.52720482897999e-02   1.53238284226170e-02   1.53620982538342e-02   1.53905833903983e-02   1.54242994231944e-02   1.54643806601587e-02   1.55130551096708e-02   1.55536341335940e-02   1.55809205126884e-02   1.55922782768865e-02   1.55907815286863e-02   1.55593728548616e-02   1.55305222225193e-02   1.55182060552657e-02   1.55238180799290e-02   
1.23721308853263e-02   1.23702819301866e-02   1.23823604455210e-02   1.24208485619699e-02   1.25011622772431e-02   1.26247739874821e-02   1.27524212055327e-02   1.28036924200424e-02   1.27685725530780e-02   1.27354102109753e-02   1.27426507030009e-02   1.27384353275310e-02   1.27328808012521e-02   1.27053333261561e-02   1.26513470410067e-02   1.25835276511273e-02   1.24897574907388e-02   1.23819188541959e-02   1.22636661189214e-02   1.21472999333495e-02   1.20490825616918e-02   1.19634882615138e-02   1.19031624143185e-02   1.18772677054938e-02   1.19003161714681e-02   1.19680118591642e-02   1.20458485669537e-02   1.20736479497852e-02   1.20709936906519e-02   1.21177442961130e-02   1.22001068742940e-02   1.22756734576381e-02   1.23279853514653e-02   1.23749749915581e-02   1.24109367791365e-02   1.24139448756468e-02   1.23982696121154e-02   1.23769798185578e-02   1.23721308853263e-02   
9.52366511690860e-03   9.60893780096273e-03   9.65923789044952e-03   9.70502754882339e-03   9.74720061338911e-03   9.81863625992511e-03   9.91861774617037e-03   1.00422424569114e-02   1.01938658369193e-02   1.03640617915893e-02   1.05498981667627e-02   1.06010590147193e-02   1.05229097634338e-02   1.04479571134937e-02   1.03273472345704e-02   1.02091963161990e-02   1.01584151389932e-02   1.01376546027853e-02   1.01013791135399e-02   1.00501614738186e-02   9.99675672002556e-03   9.91858255347964e-03   9.83633628639413e-03   9.74572372878190e-03   9.67054508197215e-03   9.62253256152572e-03   9.58697199479878e-03   9.57609316994201e-03   9.57978101848655e-03   9.61060747967933e-03   9.65351979037338e-03   9.61388988184687e-03   9.49086958018446e-03   9.39733534250458e-03   9.30380595562889e-03   9.24388389645218e-03   9.32994671848170e-03   9.43453300492584e-03   9.52366511690860e-03   
7.12983967561863e-03   7.01031373314809e-03   7.03929064394291e-03   7.20330105262139e-03   7.35558650105748e-03   7.50692648040481e-03   7.64512123758576e-03   7.76675290844656e-03   7.86286533869369e-03   7.99808068145027e-03   8.16767008515845e-03   8.36768090204519e-03   8.57763242549825e-03   8.79968613298908e-03   8.85669005562888e-03   8.77887636781059e-03   8.67211105990985e-03   8.50708795474336e-03   8.34931742663819e-03   8.17358199842327e-03   8.07563875847653e-03   8.07267935856753e-03   8.06509130689970e-03   8.04063809998057e-03   8.00515535341948e-03   7.96198965452240e-03   7.90766484647309e-03   7.84362031644293e-03   7.80017189653233e-03   7.78289799856318e-03   7.78384402851497e-03   7.80155297092773e-03   7.83997698176158e-03   7.87426837802024e-03   7.78300418437023e-03   7.61093642619174e-03   7.45518643592847e-03   7.26056301224960e-03   7.12983967561863e-03   
2.11483381272240e-02   2.12512380687471e-02   2.13344992095875e-02   2.13966023142701e-02   2.14347150658141e-02   2.14522624908562e-02   2.14538057455309e-02   2.14448777474861e-02   2.14368497702678e-02   2.14327089727670e-02   2.14283809855441e-02   2.14199692802622e-02   2.13971470819223e-02   2.13595925369333e-02   2.13114893268307e-02   2.12687157319414e-02   2.12445802718487e-02   2.12309179642720e-02   2.12123113649602e-02   2.11775488914492e-02   2.11236515645199e-02   2.10586979447797e-02   2.09859410553646e-02   2.09056642524075e-02   2.08241348762755e-02   2.07439997439641e-02   2.06768424531224e-02   2.06474993394289e-02   2.06460821757589e-02   2.06547926597930e-02   2.06648828933440e-02   2.06664552979172e-02   2.06617290717692e-02   2.06611175855691e-02   2.07050225744168e-02   2.07925819078544e-02   2.09048166380091e-02   2.10310068126991e-02   2.11483381272240e-02   
2.17750844028641e-02   2.17764611548964e-02   2.17764559186232e-02   2.17733448111368e-02   2.17715440586055e-02   2.17786584936985e-02   2.18035707007434e-02   2.18440557619476e-02   2.18946165789099e-02   2.19495152911857e-02   2.20098382807582e-02   2.20665838650147e-02   2.21091085358030e-02   2.21317243525083e-02   2.21374285651333e-02   2.21343027953900e-02   2.21338235333186e-02   2.21429148870195e-02   2.21516365586779e-02   2.21504269136187e-02   2.21336868652534e-02   2.21045983235934e-02   2.20655878977545e-02   2.20185503123978e-02   2.19727546336282e-02   2.19309875055049e-02   2.19003072343644e-02   2.18770725485304e-02   2.18601684552309e-02   2.18498120161740e-02   2.18449010569431e-02   2.18388038519346e-02   2.18239895814468e-02   2.18032700432092e-02   2.17839708432344e-02   2.17672811442753e-02   2.17642155139386e-02   2.17699487204483e-02   2.17750844028641e-02   
2.12755749355110e-02   2.12508367890022e-02   2.12350763096110e-02   2.12294242821602e-02   2.12342352823126e-02   2.12473917988059e-02   2.12623101609307e-02   2.12813328821717e-02   2.13040919206583e-02   2.13343692105643e-02   2.13699946177320e-02   2.14118077753172e-02   2.14551802766618e-02   2.14954118007754e-02   2.15295778641286e-02   2.15590250734222e-02   2.15878458882333e-02   2.16165870298169e-02   2.16381459783698e-02   2.16463475149379e-02   2.16427109735559e-02   2.16342945191233e-02   2.16263524262693e-02   2.16140324119234e-02   2.16022822559195e-02   2.15924534531604e-02   2.15809753404814e-02   2.15688348554524e-02   2.15562282085107e-02   2.15417841725499e-02   2.15286483493751e-02   2.15089909587610e-02   2.14838899373832e-02   2.14527963444474e-02   2.14094371292959e-02   2.13636160857155e-02   2.13262665163011e-02   2.12988336279574e-02   2.12755749355110e-02   
1.98129873997551e-02   1.97462456651721e-02   1.96750814314348e-02   1.96028611625885e-02   1.95350336661456e-02   1.94788675131658e-02   1.94343502705085e-02   1.94096828896867e-02   1.94031702323730e-02   1.94168323741336e-02   1.94543379286649e-02   1.95240081444562e-02   1.96012502166006e-02   1.96593833314719e-02   1.96985551191341e-02   1.97295681819446e-02   1.97591579119804e-02   1.97895353137916e-02   1.98108124650185e-02   1.98235518295749e-02   1.98333479660286e-02   1.98408498652579e-02   1.98478148469622e-02   1.98566325799764e-02   1.98692431537170e-02   1.98903456841748e-02   1.99258110254106e-02   1.99750123723409e-02   2.00166574630304e-02   2.00295516462336e-02   2.00300573258165e-02   2.00375072394913e-02   2.00427566385174e-02   2.00374079815439e-02   2.00167164128408e-02   1.99752102435515e-02   1.99276001824606e-02   1.98717754853285e-02   1.98129873997551e-02   
1.77647488013566e-02   1.77172791425411e-02   1.77031489468359e-02   1.76874971590908e-02   1.76544620615362e-02   1.76024172343715e-02   1.75524234778359e-02   1.75013677997859e-02   1.74522925228513e-02   1.74056544597538e-02   1.73623188821030e-02   1.73302148325011e-02   1.73002125605321e-02   1.72759777861533e-02   1.72525193512821e-02   1.72264435615004e-02   1.71979435584989e-02   1.71881958662816e-02   1.71750889555295e-02   1.71520544304953e-02   1.71637516988317e-02   1.72295161258967e-02   1.72993057498535e-02   1.73541458131385e-02   1.74051857973135e-02   1.74424087518304e-02   1.74840056077394e-02   1.75223041469511e-02   1.75650913837805e-02   1.76204040293926e-02   1.76744297839674e-02   1.77354451936149e-02   1.77895206775628e-02   1.78409504350343e-02   1.78778834245891e-02   1.78882947255945e-02   1.78647484339818e-02   1.78130806254409e-02   1.77647488013566e-02   
1.55691315393257e-02   1.56292673159734e-02   1.57098178183934e-02   1.57425445595632e-02   1.57181454021889e-02   1.56846330548456e-02   1.56240127293797e-02   1.55417834240677e-02   1.54956750459433e-02   1.54887241646799e-02   1.54814273437199e-02   1.54601805032452e-02   1.54371657952462e-02   1.54101887029842e-02   1.53689140420785e-02   1.53053746546881e-02   1.52379950982409e-02   1.51605802345958e-02   1.50832125939690e-02   1.50104287897459e-02   1.49564320077904e-02   1.49341780582084e-02   1.49443543162175e-02   1.49364905836275e-02   1.48840039933407e-02   1.48631046702503e-02   1.48240848435235e-02   1.48573678000265e-02   1.49554540974011e-02   1.50521360476659e-02   1.51431353060729e-02   1.52397482514374e-02   1.53304440483365e-02   1.53915256965130e-02   1.54409917053946e-02   1.54805717527774e-02   1.55082909984557e-02   1.55316029145143e-02   1.55691315393257e-02   
1.34298846719745e-02   1.34838339281649e-02   1.35634507460215e-02   1.36676369203506e-02   1.38045585068222e-02   1.39887834590487e-02   1.41063209184053e-02   1.40984534254302e-02   1.40435865210438e-02   1.39412144824309e-02   1.38005912417229e-02   1.36487488678257e-02   1.35563711458060e-02   1.35573373801157e-02   1.35668643788481e-02   1.35674108442450e-02   1.35587886116596e-02   1.35249311889972e-02   1.34681518181541e-02   1.33928525663268e-02   1.33175942336577e-02   1.32515488252601e-02   1.32056882917310e-02   1.31858083906829e-02   1.31999636211249e-02   1.32507070443384e-02   1.32314909758533e-02   1.31315768690892e-02   1.30223020104564e-02   1.29017997594521e-02   1.27981848482843e-02   1.27233861206586e-02   1.27854776337252e-02   1.29375929257381e-02   1.30820724380303e-02   1.32158510579096e-02   1.33160495933536e-02   1.33828120608984e-02   1.34298846719745e-02   
2.31075782874539e-02   2.31830759352730e-02   2.32537300324359e-02   2.33186705632475e-02   2.33728140080778e-02   2.34174518360324e-02   2.34495236619083e-02   2.34693640151974e-02   2.34840388094348e-02   2.34981256974536e-02   2.35166318009498e-02   2.35357846798432e-02   2.35499796481050e-02   2.35524277529126e-02   2.35495930097137e-02   2.35356579804558e-02   2.35178536628383e-02   2.35038317237769e-02   2.34932462640353e-02   2.34700330779502e-02   2.34388426482798e-02   2.34002988819530e-02   2.33633136838294e-02   2.33205437155879e-02   2.32692332038725e-02   2.32168109813454e-02   2.31665987493927e-02   2.31231168135516e-02   2.30873676649642e-02   2.30619571113362e-02   2.30440514797471e-02   2.30239359127964e-02   2.30013020767932e-02   2.29758358086197e-02   2.29546628417382e-02   2.29455812287050e-02   2.29703690927795e-02   2.30327928348545e-02   2.31075782874539e-02   
2.37138789518294e-02   2.37196058166216e-02   2.37177630409163e-02   2.37133053167493e-02   2.37094873666085e-02   2.37124921655372e-02   2.37268951030478e-02   2.37514189873619e-02   2.37804825844339e-02   2.38131566223237e-02   2.38501231314025e-02   2.38868713097071e-02   2.39189514936681e-02   2.39395317178426e-02   2.39512113788342e-02   2.39566183808158e-02   2.39580997728278e-02   2.39630515443603e-02   2.39734833485390e-02   2.39833936707293e-02   2.39828173620054e-02   2.39703802745177e-02   2.39498282622115e-02   2.39214596541092e-02   2.38847972401862e-02   2.38486899465263e-02   2.38132883348298e-02   2.37861374380097e-02   2.37684174374107e-02   2.37606845256033e-02   2.37556218262466e-02   2.37451000959205e-02   2.37323705325641e-02   2.37186297834255e-02   2.37068440370593e-02   2.36984493769895e-02   2.36953112181291e-02   2.37027065553587e-02   2.37138789518294e-02   
2.33109279516569e-02   2.33141614926453e-02   2.33204206918031e-02   2.33294931263170e-02   2.33391360865104e-02   2.33483934815352e-02   2.33614848231197e-02   2.33722471916188e-02   2.33884052296761e-02   2.34081726576861e-02   2.34318124221159e-02   2.34616369508121e-02   2.34970929875561e-02   2.35355146266413e-02   2.35734634339115e-02   2.36014375810275e-02   2.36150870758917e-02   2.36227743294830e-02   2.36279590506040e-02   2.36269969044262e-02   2.36217675730710e-02   2.36082531539114e-02   2.35918888073889e-02   2.35711875307645e-02   2.35502104022250e-02   2.35271577607237e-02   2.35022256478459e-02   2.34799266025106e-02   2.34557356634623e-02   2.34358982197876e-02   2.34186557848361e-02   2.34019131145537e-02   2.33824407835568e-02   2.33597769791227e-02   2.33361101398925e-02   2.33177866194086e-02   2.33061354962803e-02   2.33056128423697e-02   2.33109279516569e-02   
2.21353252519867e-02   2.20821575544451e-02   2.20314792637539e-02   2.19883989306853e-02   2.19580831028732e-02   2.19521443742996e-02   2.19689220562335e-02   2.19891555778179e-02   2.20202316211466e-02   2.20753901411892e-02   2.21365869043091e-02   2.21921965417384e-02   2.22436876316369e-02   2.22844643000426e-02   2.23176322137878e-02   2.23365477467988e-02   2.23475072655315e-02   2.23595239929462e-02   2.23748547750813e-02   2.23919893184663e-02   2.24104584391632e-02   2.24346743678497e-02   2.24654685142067e-02   2.24894255648034e-02   2.24869206953229e-02   2.24770377924361e-02   2.24636558930474e-02   2.24453056266625e-02   2.24358179044604e-02   2.24338915300755e-02   2.24246607429566e-02   2.24140067550096e-02   2.23949349611085e-02   2.23701418408358e-02   2.23385414158919e-02   2.22959777064998e-02   2.22433252794460e-02   2.21880207822506e-02   2.21353252519867e-02   
2.07629883920083e-02   2.07140795886921e-02   2.06583275317182e-02   2.05944222302579e-02   2.05200929911659e-02   2.04446851936499e-02   2.03785202316420e-02   2.03232438356718e-02   2.02818595963920e-02   2.02561193936397e-02   2.02513063573508e-02   2.02794525365147e-02   2.03129978576006e-02   2.03351978546135e-02   2.03451385626634e-02   2.03844716538276e-02   2.04492504236397e-02   2.05201029643975e-02   2.05638308369230e-02   2.06024266192024e-02   2.06285146161476e-02   2.06453023237501e-02   2.06460654429209e-02   2.06436875488508e-02   2.06526379269663e-02   2.06713013853016e-02   2.07062342554844e-02   2.07545797407699e-02   2.08235901176468e-02   2.09003867944077e-02   2.09380709159255e-02   2.09409269881783e-02   2.09359844092863e-02   2.09081574586668e-02   2.08765863019635e-02   2.08591897090382e-02   2.08375794158979e-02   2.08057173570858e-02   2.07629883920083e-02   
1.91738428511894e-02   1.91018174983995e-02   1.90395473333455e-02   1.90177787257979e-02   1.89884891702564e-02   1.89508094053942e-02   1.89112435488963e-02   1.88668730786549e-02   1.88144348010967e-02   1.87588565141612e-02   1.87029634977710e-02   1.86565682649980e-02   1.86252504317670e-02   1.86027547318565e-02   1.85845481320645e-02   1.85644105267897e-02   1.85512809068208e-02   1.85267285244292e-02   1.84858913007407e-02   1.84599727661694e-02   1.84465186197169e-02   1.84717295888725e-02   1.85470368811095e-02   1.86092550498507e-02   1.86683440015808e-02   1.87262155869510e-02   1.87679521523021e-02   1.87999932902772e-02   1.88305947247171e-02   1.88742048876436e-02   1.89419524035511e-02   1.90209551271946e-02   1.91062864804723e-02   1.91964600016036e-02   1.92724494402712e-02   1.92881310863268e-02   1.92658361248498e-02   1.92224265236985e-02   1.91738428511894e-02   
1.76357772698900e-02   1.76680604103761e-02   1.76594720287697e-02   1.76066871654449e-02   1.75225427891858e-02   1.74132173886302e-02   1.73113901099442e-02   1.72599735001190e-02   1.72606272403427e-02   1.72652046988410e-02   1.72576424294683e-02   1.72389508462406e-02   1.72066776697634e-02   1.71621095631263e-02   1.71151522084010e-02   1.70690900314557e-02   1.70189884792325e-02   1.69637118694252e-02   1.69170540123428e-02   1.68837017600956e-02   1.68751830622732e-02   1.68404524108086e-02   1.67763028649945e-02   1.67116860794961e-02   1.66494331030923e-02   1.66082634753522e-02   1.66104736610683e-02   1.67200690777292e-02   1.68425336029064e-02   1.69527940773226e-02   1.70427628166869e-02   1.71182533363062e-02   1.71832939302245e-02   1.72527155485406e-02   1.73261346390862e-02   1.73967395950561e-02   1.74672102383242e-02   1.75438718848867e-02   1.76357772698900e-02   
