# Table format: 3D
# table_unit = Wb
# axis1_unit = degree
# axis2_unit = A
# axis3_unit = A
# axis1_token = theta
# axis2_token = id
# axis3_token = iq
39
7
7
    0.00000000000000e+000     3.94736842105260e-001     7.89473684210527e-001     1.18421052631579e+000     1.57894736842106e+000     1.97368421052632e+000     2.36842105263158e+000     2.76315789473684e+000     3.15789473684210e+000     3.55263157894737e+000     3.94736842105263e+000     4.34210526315790e+000     4.73684210526316e+000     5.13157894736842e+000     5.52631578947368e+000     5.92105263157895e+000     6.31578947368421e+000     6.71052631578947e+000     7.10526315789474e+000     7.50000000000000e+000     7.89473684210526e+000     8.28947368421053e+000     8.68421052631579e+000     9.07894736842105e+000     9.47368421052632e+000     9.86842105263158e+000     1.02631578947368e+001     1.06578947368421e+001     1.10526315789474e+001     1.14473684210526e+001     1.18421052631579e+001     1.22368421052632e+001     1.26315789473684e+001     1.30263157894737e+001     1.34210526315790e+001     1.38157894736842e+001     1.42105263157895e+001     1.46052631578947e+001     1.50000000000000e+001
   -2.40000000000000e+002    -1.60000000000000e+002    -8.00000000000000e+001     0.00000000000000e+000     8.00000000000000e+001     1.60000000000000e+002     2.40000000000000e+002
   -2.40000000000000e+002    -1.60000000000000e+002    -8.00000000000000e+001     0.00000000000000e+000     8.00000000000000e+001     1.60000000000000e+002     2.40000000000000e+002
   -1.45752347012875e-001    -1.48144960444605e-001    -1.49071666991256e-001    -1.47051398694953e-001    -1.43645112919309e-001    -1.40317852850400e-001    -1.37067159476227e-001    -1.34098266768394e-001    -1.31303972144949e-001    -1.28677579276516e-001    -1.26090656233708e-001    -1.23221767471964e-001    -1.20463468379179e-001    -1.17392533667273e-001    -1.14689759648307e-001    -1.11958612604274e-001    -1.09945124059901e-001    -1.08075396962648e-001    -1.05347600128759e-001    -1.02955851826680e-001    -1.01446114697568e-001    -1.00890634060429e-001    -1.00559490256638e-001    -1.00489215918753e-001    -1.00837616864302e-001    -1.01860878763405e-001    -1.03206345789112e-001    -1.04948087043273e-001    -1.07008543853192e-001    -1.09244164690640e-001    -1.11617566806957e-001    -1.14445728922548e-001    -1.17910976917263e-001    -1.22221382835304e-001    -1.27175387147079e-001    -1.32448862022022e-001    -1.37593301548172e-001    -1.41986333359613e-001    -1.45752347012875e-001
    3.03664044009019e-003     4.76203277033251e-003     6.46501147814890e-003     8.95626804459383e-003     1.16257761002664e-002     1.42637978147970e-002     1.69421223467766e-002     1.95290321684301e-002     2.14385550817136e-002     2.26795156753556e-002     2.48039066951215e-002     2.79740747224397e-002     3.06999815223300e-002     3.28268881151264e-002     3.39894719407820e-002     3.43524638804390e-002     3.37299954674536e-002     3.23619443882889e-002     3.03366102279494e-002     2.80150514460380e-002     2.54070611335156e-002     2.28267659273880e-002     2.04830414423538e-002     1.80982381630954e-002     1.55524017043006e-002     1.21024193875904e-002     7.39733368642672e-003     2.27382223260846e-003    -2.46197735271328e-003    -6.47286031353137e-003    -9.52250990255278e-003    -1.13386094720979e-002    -1.17735331877830e-002    -9.51488526513577e-003    -6.29120288149763e-003    -3.31554902441610e-003    -8.13366128907746e-004     1.27981494346080e-003     3.03664044009019e-003
    1.62673892973673e-001     1.64879447919747e-001     1.66524671575933e-001     1.68019100392368e-001     1.68165204733351e-001     1.67496523412755e-001     1.66302435285904e-001     1.64755867782518e-001     1.63196522509817e-001     1.62019258123504e-001     1.60808623856444e-001     1.59623165527250e-001     1.58314758700700e-001     1.56843208795409e-001     1.55320328186170e-001     1.53717024618067e-001     1.51917350538508e-001     1.50076224533205e-001     1.47385540383487e-001     1.43834926249183e-001     1.39920124179536e-001     1.36788248136689e-001     1.33563984744970e-001     1.31075999752861e-001     1.29644219247451e-001     1.29350946663145e-001     1.29486453535976e-001     1.30378931786025e-001     1.32256454225025e-001     1.34737285197137e-001     1.37503148723764e-001     1.40245596807445e-001     1.42947046703417e-001     1.46060767055228e-001     1.49156327599230e-001     1.52534192401687e-001     1.56014813857301e-001     1.59468780763357e-001     1.62673892973673e-001
    2.92452346633366e-001     2.89927209622822e-001     2.87238618276408e-001     2.84361868619951e-001     2.81376303555936e-001     2.78533186471449e-001     2.75987875181176e-001     2.73898262051858e-001     2.72515296361856e-001     2.71670870507545e-001     2.71339049111050e-001     2.70498147640176e-001     2.68961702842846e-001     2.67588803634370e-001     2.66466800284018e-001     2.65514497289555e-001     2.66000493256959e-001     2.66504297974721e-001     2.66490400969791e-001     2.66157114852398e-001     2.65912561512211e-001     2.65931405054333e-001     2.66008261094658e-001     2.65989319303960e-001     2.66179919224215e-001     2.67003858658703e-001     2.68739395460622e-001     2.71557952130113e-001     2.75279257010406e-001     2.79904700420193e-001     2.85009580904521e-001     2.88898401845713e-001     2.91872894742741e-001     2.94965864110249e-001     2.96826193865272e-001     2.97311568522049e-001     2.96713917021536e-001     2.94875349232142e-001     2.92452346633366e-001
    3.82900370805304e-001     3.80865287415878e-001     3.79161270007849e-001     3.77791074083034e-001     3.76355357102709e-001     3.74145168322989e-001     3.71970172739592e-001     3.70695492565849e-001     3.69647775852658e-001     3.70040424684309e-001     3.71972597247896e-001     3.74038882220881e-001     3.75716345464388e-001     3.77238516910946e-001     3.78479646343725e-001     3.79298018471148e-001     3.79360997534425e-001     3.79190647846437e-001     3.79303690586501e-001     3.79862545155843e-001     3.81089000904655e-001     3.82833990967820e-001     3.85500778362868e-001     3.88427728816224e-001     3.90312096180066e-001     3.91172589184949e-001     3.92799889318404e-001     3.94777940184547e-001     3.96926317768288e-001     3.97932385306782e-001     3.98054354833108e-001     3.97721039810428e-001     3.96965454678094e-001     3.95581939167221e-001     3.93333253967012e-001     3.90765159845393e-001     3.88036462480492e-001     3.85295162750749e-001     3.82900370805304e-001
    4.61900510644340e-001     4.59734553810811e-001     4.57440338189958e-001     4.55586055110617e-001     4.54531718490818e-001     4.55073575341237e-001     4.56497546464367e-001     4.58407813891683e-001     4.60594915811887e-001     4.62723199901533e-001     4.64372293416726e-001     4.65762033290273e-001     4.67177226596307e-001     4.68885098652229e-001     4.70811509456323e-001     4.72815201062759e-001     4.75070977183074e-001     4.77605752545645e-001     4.78637948833987e-001     4.78818106987464e-001     4.78621481737493e-001     4.77901607004648e-001     4.77239237574110e-001     4.76761491664208e-001     4.76193916914247e-001     4.76021243720635e-001     4.75944873911098e-001     4.75698813579417e-001     4.75050704871568e-001     4.74121765497111e-001     4.73059045051302e-001     4.72014343835305e-001     4.70981745283746e-001     4.69860814480537e-001     4.68704901538939e-001     4.67660787089743e-001     4.66661015116227e-001     4.64482962922996e-001     4.61900510644340e-001
    5.25063797696689e-001     5.25745402509608e-001     5.26390622269493e-001     5.27172100096756e-001     5.28131185040731e-001     5.29543241755740e-001     5.31128940865687e-001     5.32902245847151e-001     5.35085006883647e-001     5.37697749852401e-001     5.40919818292628e-001     5.44557646145527e-001     5.48051726232233e-001     5.49238677104510e-001     5.49302362758558e-001     5.48451310246709e-001     5.47222119631006e-001     5.45667905468690e-001     5.44578964725996e-001     5.44070088653663e-001     5.43162111781775e-001     5.42066515194000e-001     5.40822714500317e-001     5.39793579227719e-001     5.39026713860926e-001     5.38298555020118e-001     5.37749846040141e-001     5.37326781650290e-001     5.37170299655272e-001     5.37302264168988e-001     5.37620203207859e-001     5.37889591080994e-001     5.37034364859638e-001     5.34858907243083e-001     5.32249782982047e-001     5.29598109554863e-001     5.27304153075153e-001     5.25763494166377e-001     5.25063797696689e-001
   -1.63494251684961e-001    -1.68636462758528e-001    -1.73510502960001e-001    -1.77061468854042e-001    -1.79234093980304e-001    -1.79406715326520e-001    -1.76897654788308e-001    -1.73688554962440e-001    -1.70688385632239e-001    -1.67920480835127e-001    -1.65004597765773e-001    -1.61958465871167e-001    -1.58488576604978e-001    -1.54684163029286e-001    -1.51145418246880e-001    -1.48036221497803e-001    -1.45449872330446e-001    -1.43391770274791e-001    -1.41386542574578e-001    -1.38963461604039e-001    -1.36693765557471e-001    -1.35097753647806e-001    -1.33902368217680e-001    -1.32692387079067e-001    -1.31448506376772e-001    -1.30495598749764e-001    -1.30212683548740e-001    -1.30531261163073e-001    -1.31267803039370e-001    -1.32237425263178e-001    -1.33431441522141e-001    -1.35010156054902e-001    -1.37046728000190e-001    -1.39674090638363e-001    -1.42943850846675e-001    -1.47098737104408e-001    -1.52194058436105e-001    -1.57778294638827e-001    -1.63494251684961e-001
   -2.73304045563203e-003    -1.20811592122293e-003     2.94019466552724e-004     1.96409006630704e-003     4.13414119445195e-003     6.36149269328312e-003     8.65587276181329e-003     1.10095511061654e-002     1.35607914541393e-002     1.65689226890071e-002     1.97973503648927e-002     2.28722583588115e-002     2.53760645320662e-002     2.73327806103029e-002     2.89360890967851e-002     2.98125288430599e-002     2.99713398043734e-002     2.92483280057831e-002     2.77830784871525e-002     2.58130735779605e-002     2.34346238124114e-002     2.08644255710005e-002     1.84307694850106e-002     1.63026977257565e-002     1.40573035908122e-002     1.14572370277494e-002     8.06897875001690e-003     3.83094440058287e-003    -6.23614271551623e-004    -4.77173822040491e-003    -7.99407380730469e-003    -1.04241886921910e-002    -1.22710082184370e-002    -1.25465288377654e-002    -1.05966670749946e-002    -7.99497625397799e-003    -5.81732797412931e-003    -4.16561533123391e-003    -2.73304045563203e-003
    1.91779497665664e-001     1.92849077179217e-001     1.92723404564664e-001     1.92136091609071e-001     1.91198965118530e-001     1.89833602451608e-001     1.87789942919708e-001     1.85768780112950e-001     1.84072973258257e-001     1.82642077158247e-001     1.81555218131855e-001     1.80633207091909e-001     1.79759501867440e-001     1.78909653335351e-001     1.78233851930780e-001     1.77423807800985e-001     1.76192093726465e-001     1.74142220273789e-001     1.71048109276706e-001     1.67349182413549e-001     1.63945628507094e-001     1.61672381920299e-001     1.60094582568961e-001     1.59108873613909e-001     1.58332497923813e-001     1.57502572410788e-001     1.56905444956560e-001     1.57301159655101e-001     1.58802234950675e-001     1.61122244686735e-001     1.63873948782375e-001     1.66937404821444e-001     1.70510906010092e-001     1.74334163871715e-001     1.78339913901891e-001     1.82293584859372e-001     1.86034135277009e-001     1.89356148385393e-001     1.91779497665664e-001
    3.30280929385144e-001     3.27566874178932e-001     3.24935220883488e-001     3.22444660315155e-001     3.20095985587199e-001     3.18328183193433e-001     3.17072682433946e-001     3.16278252130707e-001     3.15394902246324e-001     3.14119217815513e-001     3.13373131433748e-001     3.13910390824580e-001     3.14994776826960e-001     3.15801586439479e-001     3.16491581812466e-001     3.16936507527693e-001     3.16903503187351e-001     3.16607823277132e-001     3.16136846101496e-001     3.15426264858042e-001     3.14821108336370e-001     3.14891206028042e-001     3.15464544158960e-001     3.16452256703965e-001     3.17894829955630e-001     3.20048569468532e-001     3.23346334575310e-001     3.27803725518408e-001     3.32162208504447e-001     3.35039967011435e-001     3.37020332033522e-001     3.38613819619078e-001     3.39804570314931e-001     3.39714148746450e-001     3.39210249143731e-001     3.38025889897043e-001     3.35719680287937e-001     3.33014954512782e-001     3.30280929385144e-001
    4.31539362716642e-001     4.29246736056996e-001     4.26999717969681e-001     4.25421900951257e-001     4.24479026183410e-001     4.24404960187831e-001     4.24943539232747e-001     4.25785880037450e-001     4.27198440671461e-001     4.28617681142488e-001     4.30256048107645e-001     4.31758161132653e-001     4.33399104431236e-001     4.35111315564308e-001     4.36730312803243e-001     4.38492321735107e-001     4.40253301545257e-001     4.42345922043214e-001     4.44263292854068e-001     4.44862310131250e-001     4.44489748936602e-001     4.44367073238703e-001     4.44471234659213e-001     4.43902132586181e-001     4.43630641244973e-001     4.43463383425080e-001     4.43340911179183e-001     4.43147107204983e-001     4.42842907444959e-001     4.42323548162135e-001     4.41809517580583e-001     4.41114225337753e-001     4.40217040580793e-001     4.39076074908985e-001     4.37657732118478e-001     4.36300694853980e-001     4.35143375659868e-001     4.33771140732021e-001     4.31539362716642e-001
    5.10235302408501e-001     5.10127575453943e-001     5.09936401506874e-001     5.10096625488215e-001     5.10750892307959e-001     5.11826704783383e-001     5.13222556731129e-001     5.15336842806435e-001     5.17805264026125e-001     5.20495001884621e-001     5.23508800932207e-001     5.26636653409329e-001     5.28321905642998e-001     5.28366183384563e-001     5.28518031786716e-001     5.27799038653832e-001     5.27650941250076e-001     5.27513792667074e-001     5.26896222269003e-001     5.25747359166780e-001     5.24315400055150e-001     5.22887404750622e-001     5.21420793677660e-001     5.20172216209553e-001     5.19051010228232e-001     5.18372229592288e-001     5.18039333407998e-001     5.17869950254650e-001     5.17858976946088e-001     5.18002233930166e-001     5.18182704656348e-001     5.17436949007202e-001     5.15640365222381e-001     5.13861085736850e-001     5.12319218361439e-001     5.10703233138953e-001     5.09998398221638e-001     5.10129574737184e-001     5.10235302408501e-001
    5.75512681910046e-001     5.76083565744262e-001     5.77105353559379e-001     5.78896997478509e-001     5.81362393971798e-001     5.84395848764751e-001     5.88008275820695e-001     5.90462891136104e-001     5.90715212472189e-001     5.90317510277229e-001     5.89261958041397e-001     5.87978751585116e-001     5.86506477533128e-001     5.85911412874161e-001     5.86237690648637e-001     5.86099990302053e-001     5.85579007567612e-001     5.84778674089245e-001     5.83651558465004e-001     5.82406372401742e-001     5.81149565995386e-001     5.80188928649930e-001     5.79702469566286e-001     5.79582742771045e-001     5.79791522784403e-001     5.80375413044957e-001     5.80955502895044e-001     5.79976697598036e-001     5.77944887316528e-001     5.75715369205731e-001     5.73554473207565e-001     5.71752259731096e-001     5.70468712814534e-001     5.70818789225455e-001     5.72226258747094e-001     5.73306994474931e-001     5.74225821336573e-001     5.75004018709587e-001     5.75512681910046e-001
   -1.82140022068613e-001    -1.88060661375360e-001    -1.95109278249293e-001    -2.02791083627943e-001    -2.10546567909853e-001    -2.17429966664587e-001    -2.22242479917345e-001    -2.24702737258710e-001    -2.25576449358317e-001    -2.25519432570068e-001    -2.24988785051957e-001    -2.23592990317978e-001    -2.20751190483549e-001    -2.16885480471488e-001    -2.12788376451947e-001    -2.08946706394093e-001    -2.05344856817608e-001    -2.02008848731372e-001    -1.98915617887271e-001    -1.96051139867848e-001    -1.93927631235276e-001    -1.93013655796394e-001    -1.93041924794895e-001    -1.93122538155467e-001    -1.92610021565753e-001    -1.90244055130448e-001    -1.86865327073216e-001    -1.83384897790872e-001    -1.80191070656254e-001    -1.77496270262478e-001    -1.75277966552800e-001    -1.73518395959923e-001    -1.72233698348500e-001    -1.71349412213118e-001    -1.70949560627923e-001    -1.71577493673577e-001    -1.73676337862748e-001    -1.77224955185782e-001    -1.82140022068613e-001
   -1.72554662348119e-002    -1.87932074453994e-002    -1.88486877089792e-002    -1.81079711542004e-002    -1.70173037108064e-002    -1.57645274859447e-002    -1.41953852155767e-002    -1.24471041883543e-002    -1.08968962604329e-002    -9.54147614088277e-003    -8.19131659929826e-003    -6.66291521977738e-003    -5.00478431949610e-003    -3.11779666817797e-003    -8.43114166445504e-004     1.81695728195364e-003     4.50509554284408e-003     6.51246319242043e-003     7.69616078056416e-003     8.10466527219561e-003     7.78237033880688e-003     7.15478679021051e-003     6.34096283581609e-003     5.50735980818044e-003     4.69322138905352e-003     3.92770362034145e-003     3.26330249531435e-003     2.59801848319885e-003     1.77003519448497e-003     8.19095423801045e-004    -4.19687348238154e-004    -2.11656414283333e-003    -4.06282642034093e-003    -6.18963612477036e-003    -8.21195034800764e-003    -1.01827157774136e-002    -1.22691422529804e-002    -1.47232011206790e-002    -1.72554662348119e-002
    2.16723488399311e-001     2.17588150663749e-001     2.17967061878468e-001     2.17971789152445e-001     2.17400273210764e-001     2.15990447750050e-001     2.14134040935591e-001     2.11995400415218e-001     2.10078118103448e-001     2.08635419099029e-001     2.07666695136312e-001     2.06950107270623e-001     2.06437882856194e-001     2.06136058130180e-001     2.05954768295271e-001     2.05817119934529e-001     2.05424367359885e-001     2.04363431615996e-001     2.02564588243070e-001     2.00273281965097e-001     1.97572643405673e-001     1.94731711815274e-001     1.92298933253031e-001     1.90544230593326e-001     1.89178000744265e-001     1.88265334299106e-001     1.87617740014749e-001     1.87662217064245e-001     1.88881204746470e-001     1.91152986197004e-001     1.94154576399119e-001     1.97584621809335e-001     2.01103252580454e-001     2.04671098950851e-001     2.08138571186579e-001     2.11226111604572e-001     2.13730821908363e-001     2.15572661234088e-001     2.16723488399311e-001
    3.91046941956811e-001     3.90279090343614e-001     3.88959006299750e-001     3.87412709860195e-001     3.85748788521284e-001     3.84202748722064e-001     3.82933389459760e-001     3.82226630778382e-001     3.82049318473786e-001     3.82245649624771e-001     3.82851351614153e-001     3.83310534535584e-001     3.83798266410582e-001     3.84447952241283e-001     3.85216047786601e-001     3.86091448850413e-001     3.87126963292229e-001     3.88109886843282e-001     3.88802133939902e-001     3.89130506185916e-001     3.89213969628566e-001     3.89323896018406e-001     3.89675173864263e-001     3.90299752186180e-001     3.90967028999446e-001     3.91517999395886e-001     3.91899701205988e-001     3.92284395562946e-001     3.92641652659711e-001     3.93107759822535e-001     3.93510309381644e-001     3.93962771963227e-001     3.94030035765039e-001     3.93696139934152e-001     3.93225390981345e-001     3.92669288452010e-001     3.92174841126433e-001     3.91628638239884e-001     3.91046941956811e-001
    4.99103112069824e-001     4.98636989008098e-001     4.97990508598378e-001     4.97562786573104e-001     4.97684200401330e-001     4.98452971398417e-001     4.99818819128778e-001     5.01676637673862e-001     5.03987935694383e-001     5.06557053242125e-001     5.08630849313284e-001     5.09492052696213e-001     5.10196804639736e-001     5.11383270616391e-001     5.12516486392145e-001     5.12889016652656e-001     5.12394336651776e-001     5.11408784385938e-001     5.10055168735085e-001     5.08590400470890e-001     5.06743723076320e-001     5.04859006874754e-001     5.03188549707338e-001     5.01861192618509e-001     5.00910637412075e-001     5.00314680472196e-001     5.00042309408970e-001     5.00109866742711e-001     5.00346830867471e-001     5.00585352925717e-001     4.99999993180138e-001     4.99097117827888e-001     4.99097569891513e-001     4.99971467152069e-001     5.00770423675123e-001     5.00821495375938e-001     5.00383656923948e-001     4.99726874107108e-001     4.99103112069824e-001
    5.74590016006748e-001     5.76094246677645e-001     5.78089628181872e-001     5.80140853146875e-001     5.80609702603800e-001     5.80440352897683e-001     5.80251117598377e-001     5.79461435712412e-001     5.79310013081880e-001     5.79767269283756e-001     5.80097136393466e-001     5.80149462515545e-001     5.80029217670296e-001     5.79627946716714e-001     5.79023751671024e-001     5.78028969062451e-001     5.76769092407940e-001     5.75457776796982e-001     5.74309340969988e-001     5.73538962166186e-001     5.72901503021501e-001     5.72573666052037e-001     5.72626426924816e-001     5.72274516820220e-001     5.71038766689830e-001     5.69607087860132e-001     5.68504495180303e-001     5.67155659897921e-001     5.66941133695176e-001     5.68059759492485e-001     5.69126441413022e-001     5.70210392402874e-001     5.71069418725273e-001     5.71717539093950e-001     5.72095260136052e-001     5.72306796011954e-001     5.72706876217422e-001     5.73362191666654e-001     5.74590016006748e-001
    6.32880421964821e-001     6.32599636820137e-001     6.31493289949581e-001     6.30465170006113e-001     6.29223495562127e-001     6.28502201842380e-001     6.28672334438694e-001     6.28922026756211e-001     6.29034742047955e-001     6.29095709606389e-001     6.29076269527704e-001     6.28759026311674e-001     6.28223257593406e-001     6.27651557350242e-001     6.27043156146240e-001     6.26550634934208e-001     6.26307802472324e-001     6.26292998052799e-001     6.26412931461644e-001     6.25798644644233e-001     6.24244561196896e-001     6.22604091597465e-001     6.20795216391279e-001     6.19320992656946e-001     6.18016064356542e-001     6.17562494020363e-001     6.18371661216929e-001     6.19359616459052e-001     6.20571685436169e-001     6.21795868079948e-001     6.22827106485090e-001     6.23571988575493e-001     6.24514991628303e-001     6.25637424387108e-001     6.27169431734954e-001     6.29091040863126e-001     6.31489319190213e-001     6.32903758539933e-001     6.32880421964821e-001
   -2.03395934431553e-001    -2.04244786076888e-001    -2.07200763850860e-001    -2.11427892539383e-001    -2.15591963357229e-001    -2.19395455163630e-001    -2.22923559192999e-001    -2.26594399234114e-001    -2.30664070596296e-001    -2.34974539625290e-001    -2.39244059111748e-001    -2.43181453213547e-001    -2.46599757274670e-001    -2.49350631765861e-001    -2.51258897855012e-001    -2.51819611677260e-001    -2.50637465033417e-001    -2.48629990791527e-001    -2.46979507007434e-001    -2.46386009718416e-001    -2.46991920366512e-001    -2.48712695987974e-001    -2.50772473614137e-001    -2.51859620201586e-001    -2.51265153273589e-001    -2.49355536911064e-001    -2.46608178012097e-001    -2.43183822649028e-001    -2.39237911922976e-001    -2.34969001671550e-001    -2.30660063985420e-001    -2.26572431741765e-001    -2.22838613637726e-001    -2.19295681955076e-001    -2.15570888825969e-001    -2.11430214823927e-001    -2.07209463727696e-001    -2.04309045102822e-001    -2.03395934431553e-001
   -1.86769739596096e-002    -1.92846905447060e-002    -2.16010037910023e-002    -2.52171465664981e-002    -2.97661590734149e-002    -3.47867995190750e-002    -3.97964528713161e-002    -4.46131828524293e-002    -4.88429308636144e-002    -5.21903480434930e-002    -5.45528023257147e-002    -5.57551066136417e-002    -5.56332467831003e-002    -5.41205408339883e-002    -5.13665217396156e-002    -4.77234217539165e-002    -4.36425093362221e-002    -3.96319362474948e-002    -3.65369813398369e-002    -3.53906295245841e-002    -3.65500219904455e-002    -3.97060197592579e-002    -4.37597772921264e-002    -4.77578726937047e-002    -5.13731451842100e-002    -5.41258817002473e-002    -5.56405166875325e-002    -5.57572350293306e-002    -5.45488890680537e-002    -5.21873997379425e-002    -4.88411091668694e-002    -4.45969941393529e-002    -3.97300640924481e-002    -3.47074923856530e-002    -2.97498253913020e-002    -2.52192519794128e-002    -2.16073746692754e-002    -1.93379463881590e-002    -1.86769739596096e-002
    2.03409748500574e-001     2.03034257251900e-001     2.01517537802982e-001     1.98991390595572e-001     1.95676296948499e-001     1.92003811156358e-001     1.88661201289400e-001     1.86046704707584e-001     1.84431226108224e-001     1.83856473890157e-001     1.84319663486365e-001     1.85815375532001e-001     1.88277056651605e-001     1.91483772000307e-001     1.95116901196920e-001     1.98763640186136e-001     2.01851317315527e-001     2.03960582275754e-001     2.04945067893103e-001     2.05242567938505e-001     2.04940584035982e-001     2.03915666851954e-001     2.01778648526907e-001     1.98741522478238e-001     1.95111178456840e-001     1.91478061598850e-001     1.88269935898068e-001     1.85812586638990e-001     1.84323984705844e-001     1.83861350977152e-001     1.84435057199773e-001     1.86057721816264e-001     1.88707833591211e-001     1.92060185160066e-001     1.95687892192986e-001     1.98989923132878e-001     2.01512351331421e-001     2.03000166967432e-001     2.03409748500574e-001
    4.56073782729585e-001     4.55855254320986e-001     4.55361650547696e-001     4.54495017224509e-001     4.53303572923001e-001     4.51879832123298e-001     4.50427871328239e-001     4.49057301623117e-001     4.47904468315384e-001     4.47139595361760e-001     4.46836105338976e-001     4.47000471051728e-001     4.47573808949919e-001     4.48397630292467e-001     4.49329245554386e-001     4.50273484230924e-001     4.51097571330853e-001     4.51719842205194e-001     4.52088839462680e-001     4.52245904984762e-001     4.52090036718141e-001     4.51718347449208e-001     4.51092922518024e-001     4.50275353458132e-001     4.49332135873052e-001     4.48398315412452e-001     4.47572511924126e-001     4.46999534874938e-001     4.46836698226530e-001     4.47141767466794e-001     4.47907523850589e-001     4.49061474609216e-001     4.50437294736063e-001     4.51889416954212e-001     4.53305734730794e-001     4.54496499346099e-001     4.55364420540400e-001     4.55855975074481e-001     4.56073782729585e-001
    5.65056170421468e-001     5.65102730789177e-001     5.65305633994558e-001     5.65599560174841e-001     5.65864335018807e-001     5.65955180928546e-001     5.66065528010231e-001     5.66167345527680e-001     5.66307781001313e-001     5.66372503005850e-001     5.66142262097107e-001     5.65330180231760e-001     5.64248137141184e-001     5.63106590188250e-001     5.61987849331787e-001     5.60961257120759e-001     5.60060292635751e-001     5.59476792163747e-001     5.59125319116598e-001     5.59016337529647e-001     5.59126199066609e-001     5.59479407461601e-001     5.60064112352694e-001     5.60963176198784e-001     5.61989116859620e-001     5.63107636911377e-001     5.64248445180376e-001     5.65329707501943e-001     5.66140694596387e-001     5.66371185571017e-001     5.66306312919000e-001     5.66166188620941e-001     5.66064098779858e-001     5.65953934341695e-001     5.65864260713712e-001     5.65600577962005e-001     5.65306961113973e-001     5.65104344943061e-001     5.65056170421468e-001
    6.15720172179988e-001     6.15741640539743e-001     6.15872996849975e-001     6.16033770174055e-001     6.16231029613507e-001     6.16562618795097e-001     6.16938496681313e-001     6.17158355699404e-001     6.17359443728321e-001     6.17126481354545e-001     6.16558384609696e-001     6.15889171064335e-001     6.15063310568153e-001     6.13791203304063e-001     6.12508056559319e-001     6.11486623378224e-001     6.10686696171486e-001     6.10163844039837e-001     6.09898321241979e-001     6.09805688835267e-001     6.09898815722344e-001     6.10165771512142e-001     6.10690665645058e-001     6.11492121608334e-001     6.12508300311005e-001     6.13791029559156e-001     6.15063593373459e-001     6.15888993528901e-001     6.16556829360659e-001     6.17117879306042e-001     6.17357649384204e-001     6.17156356793220e-001     6.16935762446855e-001     6.16564103457199e-001     6.16230099456087e-001     6.16032948951927e-001     6.15872917681976e-001     6.15741006445831e-001     6.15720172179988e-001
    6.53510792808570e-001     6.53499732526033e-001     6.53523855264847e-001     6.53632185597487e-001     6.53770147101062e-001     6.53974306101215e-001     6.54229302941557e-001     6.54491254156275e-001     6.54525213121985e-001     6.54272036068593e-001     6.53917360619436e-001     6.53228124968499e-001     6.52434763555887e-001     6.51452368216258e-001     6.50331540558625e-001     6.49361423107195e-001     6.48595108448243e-001     6.48187739143182e-001     6.48025814439146e-001     6.48007824548452e-001     6.48026333812505e-001     6.48189278410247e-001     6.48597933136774e-001     6.49347735581141e-001     6.50335124281719e-001     6.51452161433128e-001     6.52432639606422e-001     6.53226147707603e-001     6.53914925020223e-001     6.54269137811927e-001     6.54520261652979e-001     6.54487415124987e-001     6.54223902130795e-001     6.53974722948963e-001     6.53768709189519e-001     6.53631853821836e-001     6.53523728237680e-001     6.53501004392620e-001     6.53510792808570e-001
   -1.82140127547405e-001    -1.77180210247843e-001    -1.73672099123807e-001    -1.71577067033613e-001    -1.70965699450635e-001    -1.71436116233331e-001    -1.72312075459663e-001    -1.73538779142880e-001    -1.75281308312708e-001    -1.77502539605849e-001    -1.80198780718867e-001    -1.83383924410325e-001    -1.86858515404555e-001    -1.90242042424993e-001    -1.92606699217373e-001    -1.93087405571509e-001    -1.92929038628383e-001    -1.92946794741345e-001    -1.93918221277363e-001    -1.96051829821028e-001    -1.98925466306666e-001    -2.02082121122228e-001    -2.05472665502782e-001    -2.08988263261952e-001    -2.12797195598018e-001    -2.16892712568364e-001    -2.20760892063920e-001    -2.23594804486104e-001    -2.24983478860664e-001    -2.25515266693189e-001    -2.25578062964359e-001    -2.24686009093432e-001    -2.22179683714911e-001    -2.17362760816105e-001    -2.10534963031802e-001    -2.02795508837749e-001    -1.95117827825173e-001    -1.88106584124198e-001    -1.82140127547405e-001
   -1.72559542809057e-002    -1.46782639088251e-002    -1.22610950667341e-002    -1.01806225543787e-002    -8.22294831986559e-003    -6.25025100977897e-003    -4.11420630280758e-003    -2.12731196534571e-003    -4.20271493838918e-004     8.15535839084372e-004     1.76533357057255e-003     2.59985747661430e-003     3.26970138536952e-003     3.93153942488399e-003     4.69724835586165e-003     5.53171898089693e-003     6.42602619097836e-003     7.20561421160553e-003     7.78773165733859e-003     8.10331708515213e-003     7.68837942340099e-003     6.46069069028954e-003     4.41622427152192e-003     1.79394055310512e-003    -8.42685876581023e-004    -3.11836913379216e-003    -5.01209664274102e-003    -6.66516243088055e-003    -8.18629012545093e-003    -9.53757252302125e-003    -1.08949215722793e-002    -1.24290924286456e-002    -1.41184552919436e-002    -1.56774914454878e-002    -1.69972072952653e-002    -1.81061990118823e-002    -1.88561057642772e-002    -1.88417357287442e-002    -1.72559542809057e-002
    2.16723097424402e-001     2.15600032883850e-001     2.13733675218938e-001     2.11225474094265e-001     2.08127407149254e-001     2.04617392561200e-001     2.01058362500943e-001     1.97575901868539e-001     1.94155685839280e-001     1.91152031026763e-001     1.88879236764036e-001     1.87665292869516e-001     1.87624726269729e-001     1.88271281693456e-001     1.89184996088019e-001     1.90565949473508e-001     1.92362377184306e-001     1.94771188149742e-001     1.97579839666975e-001     2.00272467458928e-001     2.02558714776148e-001     2.04329528747254e-001     2.05365987661560e-001     2.05803110973407e-001     2.05955507713175e-001     2.06136239063786e-001     2.06434781532294e-001     2.06949388360784e-001     2.07670147785861e-001     2.08639431521923e-001     2.10083333055340e-001     2.12008488977333e-001     2.14175254791646e-001     2.16037453636036e-001     2.17411801147088e-001     2.17973765286882e-001     2.17967166040349e-001     2.17562953263208e-001     2.16723097424402e-001
    3.91045400273772e-001     3.91641965424907e-001     3.92171525561887e-001     3.92669185917181e-001     3.93215558760792e-001     3.93668207834264e-001     3.94006997716361e-001     3.93957667952208e-001     3.93509895217852e-001     3.93106778088162e-001     3.92640260275829e-001     3.92284977745564e-001     3.91900462628812e-001     3.91516835867469e-001     3.90964149595636e-001     3.90301716790524e-001     3.89696351629532e-001     3.89336763221167e-001     3.89214256335389e-001     3.89129678711269e-001     3.88799268590892e-001     3.88084907504737e-001     3.87081549801764e-001     3.86077212653352e-001     3.85214494798048e-001     3.84447014597583e-001     3.83795673310967e-001     3.83311023175077e-001     3.82852177481620e-001     3.82245742129927e-001     3.82049404327243e-001     3.82231135438472e-001     3.82951132099288e-001     3.84223259963991e-001     3.85752868129373e-001     3.87411942743447e-001     3.88957658836964e-001     3.90264911075264e-001     3.91045400273772e-001
    4.99103266767208e-001     4.99732077970439e-001     5.00383254452930e-001     5.00821417852465e-001     5.00768152438759e-001     4.99954257018819e-001     4.99082799697908e-001     4.99092703989295e-001     4.99997361763399e-001     5.00584534378631e-001     5.00345494409039e-001     5.00108835484335e-001     5.00041348054931e-001     5.00312361200702e-001     5.00908380306761e-001     5.01860287292393e-001     5.03190568901714e-001     5.04860624620182e-001     5.06743412247774e-001     5.08590426973296e-001     5.10054559470660e-001     5.11402676598936e-001     5.12380900642652e-001     5.12866984556604e-001     5.12516423181386e-001     5.11379853627186e-001     5.10194258082420e-001     5.09489354471054e-001     5.08629269030864e-001     5.06555320211729e-001     5.03985810773709e-001     5.01674796448241e-001     4.99820436370296e-001     4.98455282191417e-001     4.97684009736461e-001     4.97562416141272e-001     4.97989602494458e-001     4.98633609394000e-001     4.99103266767208e-001
    5.74589171038597e-001     5.73362681431634e-001     5.72707403034411e-001     5.72307887396226e-001     5.72094710349454e-001     5.71714894999519e-001     5.71065852788550e-001     5.70209273843223e-001     5.69131409370264e-001     5.68059748329399e-001     5.66941739832665e-001     5.67157516948389e-001     5.68503579472798e-001     5.69605231439634e-001     5.71035574129594e-001     5.72269949664525e-001     5.72620673232532e-001     5.72570215954139e-001     5.72900508224675e-001     5.73537522828492e-001     5.74309624895277e-001     5.75459308212476e-001     5.76769436513212e-001     5.78029317312204e-001     5.79023852800088e-001     5.79627087503587e-001     5.80028134163042e-001     5.80148331811100e-001     5.80095287238126e-001     5.79767783609408e-001     5.79311011095510e-001     5.79461552719503e-001     5.80249867905261e-001     5.80438684987515e-001     5.80608961319297e-001     5.80140880750456e-001     5.78091989660120e-001     5.76094075036034e-001     5.74589171038597e-001
    6.32878170404037e-001     6.32905648396817e-001     6.31490420240130e-001     6.29093789943100e-001     6.27172727711145e-001     6.25640320705692e-001     6.24517214613264e-001     6.23573079920443e-001     6.22827569761777e-001     6.21795995420161e-001     6.20572042271936e-001     6.19364070092014e-001     6.18372695700113e-001     6.17562925770070e-001     6.18014001704917e-001     6.19317691116692e-001     6.20789953114321e-001     6.22599802138730e-001     6.24240513570776e-001     6.25794940583244e-001     6.26409224000929e-001     6.26291260434712e-001     6.26308303042818e-001     6.26549766462124e-001     6.27042022662765e-001     6.27650454743467e-001     6.28222072338731e-001     6.28758321935831e-001     6.29076609902291e-001     6.29095567915555e-001     6.29034524764193e-001     6.28927967954766e-001     6.28672842893270e-001     6.28501411531445e-001     6.29225496640144e-001     6.30466016294214e-001     6.31495027815324e-001     6.32602334919408e-001     6.32878170404037e-001
   -1.63494686759161e-001    -1.57747642884470e-001    -1.52191899083510e-001    -1.47101845722489e-001    -1.42956202619632e-001    -1.39729070079295e-001    -1.37094620559902e-001    -1.35023034006541e-001    -1.33435171532790e-001    -1.32243196547530e-001    -1.31274268125657e-001    -1.30529773541805e-001    -1.30207840733300e-001    -1.30493803551891e-001    -1.31446596591778e-001    -1.32667704612068e-001    -1.33810322561019e-001    -1.35042118701182e-001    -1.36687435415984e-001    -1.38966544440166e-001    -1.41397084253294e-001    -1.43450806861096e-001    -1.45545388115811e-001    -1.48062791435678e-001    -1.51147156163821e-001    -1.54686049374619e-001    -1.58494494655812e-001    -1.61958767091423e-001    -1.64997221433131e-001    -1.67914010583810e-001    -1.70687562829978e-001    -1.73668883201653e-001    -1.76821452894328e-001    -1.79322121564475e-001    -1.79220134895572e-001    -1.77062221776330e-001    -1.73514908726545e-001    -1.68668121628147e-001    -1.63494686759161e-001
   -2.73376632893279e-003    -4.12523186367224e-003    -5.80908503594372e-003    -7.99116594252067e-003    -1.06073671489897e-002    -1.26089148570582e-002    -1.23186304646896e-002    -1.04321033810691e-002    -7.99237993720586e-003    -4.77345314806504e-003    -6.26743857027035e-004     3.83053843601539e-003     8.07186763776228e-003     1.14587924431752e-002     1.40581349556508e-002     1.63173543338395e-002     1.84852261556135e-002     2.08946670114886e-002     2.34363541506528e-002     2.58102056933358e-002     2.77757351311641e-002     2.92041545854766e-002     2.98934808860178e-002     2.97878209717087e-002     2.89320103764957e-002     2.73291610273880e-002     2.53657484346258e-002     2.28658863790883e-002     1.97980258422402e-002     1.65741628542614e-002     1.35663808131246e-002     1.10286871534508e-002     8.72153879221616e-003     6.43586489951040e-003     4.15176558360773e-003     1.96700812007008e-003     2.92937460403843e-004    -1.24118217236329e-003    -2.73376632893279e-003
    1.91780008206442e-001     1.89382523310051e-001     1.86036465368586e-001     1.82294743683377e-001     1.78330644496404e-001     1.74281635581113e-001     1.70466749187227e-001     1.66930129803174e-001     1.63876535561611e-001     1.61121511633771e-001     1.58800468990843e-001     1.57303942356481e-001     1.56911697627634e-001     1.57508269577603e-001     1.58340480294484e-001     1.59134797079954e-001     1.60169593033386e-001     1.61713290980752e-001     1.63950988643719e-001     1.67348962631876e-001     1.71043573889753e-001     1.74107479531093e-001     1.76140246541049e-001     1.77408733796462e-001     1.78231490794591e-001     1.78906173081821e-001     1.79754118636340e-001     1.80630868781979e-001     1.81556063051611e-001     1.82642009205547e-001     1.84073000340031e-001     1.85776867323419e-001     1.87823469000875e-001     1.89874923929501e-001     1.91208733420871e-001     1.92136534340399e-001     1.92723461681958e-001     1.92820832656454e-001     1.91780008206442e-001
    3.30277073139714e-001     3.33027797574940e-001     3.35719962561538e-001     3.38025101514233e-001     3.39204325429152e-001     3.39682414053430e-001     3.39777379235615e-001     3.38608814567680e-001     3.37020713452894e-001     3.35039616350534e-001     3.32143357755618e-001     3.27807254947888e-001     3.23345405038372e-001     3.20050205616780e-001     3.17895056151300e-001     3.16461502173347e-001     3.15500751877751e-001     3.14914401031992e-001     3.14824740048405e-001     3.15424742912267e-001     3.16132178196521e-001     3.16581055951090e-001     3.16854058538930e-001     3.16923605135776e-001     3.16493708747149e-001     3.15802612967841e-001     3.14992554759105e-001     3.13909503760041e-001     3.13366068035297e-001     3.14119055223420e-001     3.15391180160053e-001     3.16279620976351e-001     3.17084941838778e-001     3.18343254696883e-001     3.20095961306553e-001     3.22440873777423e-001     3.24931270996724e-001     3.27552264984016e-001     3.30277073139714e-001
    4.31526870957863e-001     4.33775202637696e-001     4.35141027895312e-001     4.36297664490452e-001     4.37650366984156e-001     4.39057654139048e-001     4.40201411083934e-001     4.41110455596108e-001     4.41809657297223e-001     4.42323079954842e-001     4.42842171723572e-001     4.43147339770270e-001     4.43342002490758e-001     4.43464656328754e-001     4.43632040935940e-001     4.43907724753660e-001     4.44491200463729e-001     4.44380176438966e-001     4.44491006375305e-001     4.44863654585744e-001     4.44262640232055e-001     4.42330219919884e-001     4.40228383154403e-001     4.38483680856918e-001     4.36730207737733e-001     4.35111349378428e-001     4.33397550530898e-001     4.31757979957872e-001     4.30254796353105e-001     4.28618582112506e-001     4.27199625892639e-001     4.25791465484946e-001     4.24956850357269e-001     4.24425856202543e-001     4.24484208858967e-001     4.25418740554297e-001     4.26995038778460e-001     4.29233570785236e-001     4.31526870957863e-001
    5.10239040422839e-001     5.10139908589860e-001     5.09996256227914e-001     5.10700917981278e-001     5.12313207912066e-001     5.13849451716849e-001     5.15630707961633e-001     5.17432093913113e-001     5.18179998830229e-001     5.18000515599899e-001     5.17859366531553e-001     5.17868142524818e-001     5.18037721417252e-001     5.18370362008504e-001     5.19049985055471e-001     5.20172796726382e-001     5.21426496225780e-001     5.22892129553625e-001     5.24316171164818e-001     5.25747582096931e-001     5.26891865113429e-001     5.27505814459640e-001     5.27634399765719e-001     5.27792635414954e-001     5.28518295729119e-001     5.28365745801083e-001     5.28322365376616e-001     5.26638070502046e-001     5.23509884899450e-001     5.20496185777548e-001     5.17804082061240e-001     5.15336232101488e-001     5.13225860038010e-001     5.11831167902863e-001     5.10752145740947e-001     5.10097123304590e-001     5.09936073490434e-001     5.10122177764592e-001     5.10239040422839e-001
    5.75514692599410e-001     5.75006220307932e-001     5.74227784794712e-001     5.73310250514996e-001     5.72224897571020e-001     5.70813779154084e-001     5.70462238346515e-001     5.71749625484426e-001     5.73552340905050e-001     5.75712996078985e-001     5.77942367478142e-001     5.79973988933878e-001     5.80950470725527e-001     5.80371123806612e-001     5.79787365220477e-001     5.79579063651300e-001     5.79699889589419e-001     5.80187386561767e-001     5.81148939523414e-001     5.82405834342110e-001     5.83651384866233e-001     5.84777457423680e-001     5.85574881770064e-001     5.86098285799778e-001     5.86237731466670e-001     5.85908579595382e-001     5.86505616983911e-001     5.87978636322508e-001     5.89264263306426e-001     5.90318360892675e-001     5.90713675746429e-001     5.90463191365161e-001     5.88006473603608e-001     5.84395639888694e-001     5.81361832911976e-001     5.78896067011810e-001     5.77104442861174e-001     5.76081508532611e-001     5.75514692599410e-001
   -1.45755797759645e-001    -1.41957775602299e-001    -1.37591095247088e-001    -1.32455156695770e-001    -1.27187314913695e-001    -1.22266903469995e-001    -1.17952337554030e-001    -1.14459764936922e-001    -1.11621232810079e-001    -1.09251953311517e-001    -1.07016287934688e-001    -1.04950956279297e-001    -1.03205197741026e-001    -1.01863343298449e-001    -1.00839566508132e-001    -1.00473564761280e-001    -1.00494005724863e-001    -1.00852154159536e-001    -1.01452938233906e-001    -1.02962205640402e-001    -1.05361697977122e-001    -1.08143094127753e-001    -1.10030257890606e-001    -1.11984139391159e-001    -1.14692929990395e-001    -1.17397147901425e-001    -1.20466686857890e-001    -1.23220527448293e-001    -1.26081949520445e-001    -1.28668961128614e-001    -1.31298691553077e-001    -1.34081587489212e-001    -1.37004707314117e-001    -1.40241266272345e-001    -1.43626113578266e-001    -1.47047715153615e-001    -1.49094280807016e-001    -1.48173501824382e-001    -1.45755797759645e-001
    3.03434180481546e-003     1.31354425585284e-003    -8.04486437953503e-004    -3.30628235389180e-003    -6.29681136400410e-003    -9.57126331327950e-003    -1.18429045834601e-002    -1.13439964985258e-002    -9.51992005632755e-003    -6.47370745246692e-003    -2.46597808756024e-003     2.27388847536620e-003     7.39626519788269e-003     1.20995285124681e-002     1.55482616702269e-002     1.81035716115934e-002     2.05176297956655e-002     2.28443359200527e-002     2.54049580500372e-002     2.80108061479075e-002     3.03261566199666e-002     3.23259167769582e-002     3.36648971046005e-002     3.43289896612992e-002     3.39826422102542e-002     3.28113199064190e-002     3.06909117606236e-002     2.79688721511243e-002     2.48060396372271e-002     2.26728582292819e-002     2.14414572450532e-002     1.95447153828436e-002     1.69922613011994e-002     1.43198938038976e-002     1.16410651936037e-002     8.96074986714859e-003     6.46469510266318e-003     4.73954608379949e-003     3.03434180481546e-003
    1.62672367757053e-001     1.59491000770391e-001     1.56016102725267e-001     1.52536355740720e-001     1.49150899262171e-001     1.46021747832843e-001     1.42910388027553e-001     1.40239585233601e-001     1.37505764037902e-001     1.34739014658898e-001     1.32257383270348e-001     1.30382821770152e-001     1.29495916851911e-001     1.29360568205894e-001     1.29656376221966e-001     1.31086027451867e-001     1.33621109454496e-001     1.36817929856118e-001     1.39920740109942e-001     1.43830326717004e-001     1.47377175288313e-001     1.50049039098592e-001     1.51874349944098e-001     1.53697479435950e-001     1.55313994473408e-001     1.56837298835534e-001     1.58307804031486e-001     1.59619219976869e-001     1.60807568218528e-001     1.62017385076865e-001     1.63193701830090e-001     1.64761359789123e-001     1.66335287907170e-001     1.67537696420256e-001     1.68169596106768e-001     1.68017876188417e-001     1.66520183325532e-001     1.64861900246122e-001     1.62672367757053e-001
    2.92450084863715e-001     2.94892881448819e-001     2.96713791810458e-001     2.97310968805863e-001     2.96820202789627e-001     2.94928014615477e-001     2.91842980444338e-001     2.88891443193426e-001     2.85012473675878e-001     2.79906139627861e-001     2.75289805967066e-001     2.71561767663158e-001     2.68743544618174e-001     2.67006227745107e-001     2.66182274314491e-001     2.66001492753975e-001     2.66052306543817e-001     2.65961800400680e-001     2.65918922012925e-001     2.66160790089783e-001     2.66485674399894e-001     2.66474234109028e-001     2.65945765017551e-001     2.65501516555391e-001     2.66465403417478e-001     2.67585489055955e-001     2.68944765465844e-001     2.70490888633173e-001     2.71332167712454e-001     2.71662820077552e-001     2.72500403959873e-001     2.73893262545614e-001     2.75994145629236e-001     2.78544642802291e-001     2.81375160609372e-001     2.84357441784545e-001     2.87233244237083e-001     2.89908544080206e-001     2.92450084863715e-001
    3.82882829796492e-001     3.85299656821686e-001     3.88034532729177e-001     3.90763094378363e-001     3.93327960771086e-001     3.95558702375042e-001     3.96944176004971e-001     3.97717016595263e-001     3.98055200315614e-001     3.97925517258595e-001     3.96925275782305e-001     3.94779952811586e-001     3.92804173211545e-001     3.91176361637531e-001     3.90306127696970e-001     3.88433710864277e-001     3.85520984688315e-001     3.82831164049298e-001     3.81090044964790e-001     3.79862991889126e-001     3.79301813509944e-001     3.79175104712952e-001     3.79330462166148e-001     3.79289852196190e-001     3.78481771180672e-001     3.77240885702193e-001     3.75715944984663e-001     3.74041004843304e-001     3.71979572559980e-001     3.70045524904544e-001     3.69647116017995e-001     3.70696357235001e-001     3.71975751585533e-001     3.74149706637139e-001     3.76346124556295e-001     3.77784986601373e-001     3.79149829648189e-001     3.80848314834011e-001     3.82882829796492e-001
    4.61877600250713e-001     4.64479572080394e-001     4.66655985016340e-001     4.67655565456765e-001     4.68697681818956e-001     4.69847343583456e-001     4.70969197847902e-001     4.72010046496876e-001     4.73058006380232e-001     4.74120529523339e-001     4.75049031381690e-001     4.75698253786983e-001     4.75946035837743e-001     4.76024003939009e-001     4.76181074384733e-001     4.76767420693756e-001     4.77260234884595e-001     4.77914712086785e-001     4.78623749634432e-001     4.78821357428018e-001     4.78637528803208e-001     4.77599967177494e-001     4.75063816421204e-001     4.72816475874278e-001     4.70814338096215e-001     4.68887148577326e-001     4.67177410095561e-001     4.65762085010500e-001     4.64373697257883e-001     4.62723998626863e-001     4.60596772782715e-001     4.58415612496697e-001     4.56503359801628e-001     4.55096699459706e-001     4.54534401098446e-001     4.55576330637280e-001     4.57435181015971e-001     4.59719992880361e-001     4.61877600250713e-001
    5.25068892234502e-001     5.25772836277440e-001     5.27303315239031e-001     5.29595063771725e-001     5.32245520161540e-001     5.34849925961222e-001     5.37025284304899e-001     5.37884297888454e-001     5.37616959428781e-001     5.37299015132537e-001     5.37166980878576e-001     5.37323668996451e-001     5.37747513360581e-001     5.38297308183981e-001     5.39022084295559e-001     5.39795477155579e-001     5.40820890585987e-001     5.42072318340481e-001     5.43163522770403e-001     5.44071026457882e-001     5.44579512667270e-001     5.45659537534552e-001     5.47211269500074e-001     5.48451178662049e-001     5.49305969757414e-001     5.49241630272294e-001     5.48055861591091e-001     5.44559120370946e-001     5.40925545581322e-001     5.37699370675124e-001     5.35084424098035e-001     5.32902990381930e-001     5.31132847363539e-001     5.29543670731192e-001     5.28131242153497e-001     5.27169989931348e-001     5.26394393033140e-001     5.25736220295072e-001     5.25068892234502e-001
