# Table format: T1D
# table_unit = barA
# axis1_unit = m**3/kg
# axis2_unit = degC
# This file was automatically generated by generate_data_files.py
-180	120
0.0014845332001565807	799.9999999999992
0.0015028138140108873	512.7849974072559
0.001515774345258739	328.68556695744843
0.0015246997919613576	210.68128450009723
0.0015307124952249034	135.04275240767427
0.0015346988695808098	86.55987180404753
0.0015373123716841432	55.48325454826359
0.0015390127171508769	35.563725674596796
0.001540113277249389	22.79568122230062
0.0015408231956497564	14.61160417059253
0.001541280107054637	9.365764258416434
0.001541573752922684	6.003279251211296
0.0015417622944307247	3.8479894190842687
0.0015418832779923882	2.4664890553603454
0.0015419608805515375	1.5809732298224708
0.001542010644708772	1.0133741919443215
0.0015420425518015452	0.6495538529859357
0.0015420630074325405	0.41635183852408236
0.0015420761206632872	0.26687372054759695
0.0015420845266372895	0.17106105012383047
0.0015420899149715737	0.10964692518028851
0.001542093368900699	0.07028162280535973
0.00154209558284883	0.04504920221003011
0.001542097001966279	0.02887569379808652
0.0015420979116014348	0.018508778211730623
0.001542098494663586	0.011863779734142193
0.0015420988683967538	0.0076044603252654564
0.0015420991079532253	0.00487431646021853
0.001542099261504644	0.0031243454417691266
0.0015420993599283119	0.00200264683657119
0.0015420994230160726	0.0012836590661235076
0.0015420994634541595	0.00082280138861743
0.0015420994893742212	0.0005274002599110936
0.0015420995059884951	0.0003380536761388701
0.0015420995166379361	0.00021668606680297958
0.0015420995234640277	0.00013889170525469282
0.0015420995278394244	8.902697839864618e-05
0.0015420995306439725	5.7064623609157065e-05
0.0015420995324416356	3.657735358683458e-05
0.001542099533593903	2.3445397705236507e-05
0.00154209953857531	2.320635714172866e-05
0.0023117167573170057	2.320635714172866e-05
0.0034654276409403586	2.320635714172866e-05
0.005194922213797249	2.320635714172866e-05
0.007787557439831876	2.320635714172866e-05
0.011674101821507608	2.320635714172866e-05
0.017500307945320204	2.320635714172866e-05
0.02623420481195415	2.320635714172866e-05
0.03932693666111173	2.320635714172866e-05
0.0589538717957386	2.320635714172866e-05
0.08837604183763373	2.320635714172866e-05
0.13248196484784153	2.320635714172866e-05
0.19859987667461534	2.320635714172866e-05
0.29771532344400453	2.320635714172866e-05
0.4462964191996273	2.320635714172866e-05
0.6690300367689066	2.320635714172866e-05
1.0029235522474438	2.320635714172866e-05
1.5034536513643397	2.320635714172866e-05
2.2537838270280055	2.320635714172866e-05
3.3785820629478462	2.320635714172866e-05
5.064734522975647	2.320635714172866e-05
7.5923968429052024	2.320635714172866e-05
11.3815422227283	2.320635714172866e-05
17.061740323649758	2.320635714172866e-05
25.576760791726436	2.320635714172866e-05
38.34138137071694	2.320635714172866e-05
57.4764544027128	2.320635714172866e-05
86.16128821144149	2.320635714172866e-05
129.16189182860734	2.320635714172866e-05
193.6228513645822	2.320635714172866e-05
290.25440894206287	2.320635714172866e-05
435.1119783463578	2.320635714172866e-05
652.2637653999332	2.320635714172866e-05
977.7897204085547	2.320635714172866e-05
1465.7762519590938	2.320635714172866e-05
2197.3027287600553	2.320635714172866e-05
3293.9128842913788	2.320635714172866e-05
4937.809409367712	2.320635714172866e-05
7402.127080991582	2.320635714172866e-05
11096.314333072858	2.320635714172866e-05
11207.886569519982	2.2981132404142692e-05
11410.640944373836	2.257278591521426e-05
11617.06318832016	2.217169524171249e-05
11827.21965390982	2.1777731456711517e-05
12041.177894024722	2.1390767924158555e-05
12259.00668359204	2.1010680258167884e-05
12480.776041691335	2.0637346283038172e-05
12706.557254061516	2.027064599398019e-05
12936.42289601505	1.9910461518542378e-05
13170.446855766602	1.9556677078721828e-05
13408.704358183766	1.920917895374851e-05
13651.27198896739	1.8867855443530747e-05
13898.227719269378	1.8532596832750273e-05
14149.650930755808	1.820329535559523e-05
14405.622441123458	1.7879845161119843e-05
14666.224530077903	1.7562142279219594e-05
14931.540965781604	1.725008458721099e-05
15201.657031780409	1.6943571777005154e-05
15476.659554417187	1.6642505322864727e-05
15756.636930741359	1.634678844973364e-05
16041.679156923348	1.6056326102129685e-05
16331.877857182995	1.577102491358979e-05
16627.32631324137	1.5490793176658223e-05
16928.119494305305	1.5215540813408068e-05
17234.35408759441	1.4945179346486514e-05
17546.128529420264	1.4679621870674602e-05
17863.543036827916	1.4418783024952342e-05
18186.69963980971	1.4162578965060199e-05
18515.70221410191	1.391092733654813e-05
18850.6565145746	1.366374724830348e-05
19191.670209225653	1.3420959246549289e-05
19538.85291378958	1.3182485289304601e-05
19892.31622697255	1.2948248721298586e-05
20252.173766324777	1.2718174249330387e-05
20618.5412047618	1.2492187918066838e-05
20991.536307746544	1.2270217086270175e-05
21371.278971143936	1.2052190403448188e-05
21757.891259760305	1.1838037786919253e-05
22151.497446580044	1.16276903992849e-05
22552.224052712005	1.1421080626302655e-05
-160	120
0.0015242956337042513	799.9999999999992
0.0015419990925672692	568.0104099564578
0.0015558721726239553	403.29478227362955
0.0015665171757282838	286.3445432656812
0.001574540065524192	203.3083517614187
0.0015804987603364616	144.3515752894691
0.0015848734409652265	102.49149682253989
0.0015880567651509142	72.77029640902741
0.00159035773294218	51.66785736993081
0.0015920126968646412	36.68485105783277
0.0015931987144703135	26.046721610689055
0.001594046429930106	18.493511275136544
0.0015946511912598273	13.130633651155867
0.001595082040550188	9.322920753976407
0.0015953886902778103	6.61939504932214
0.001595606790876021	4.699856619536525
0.0015957618349426083	3.336959356499395
0.0015958720141494359	2.369284565116576
0.0015959502912444134	1.6822228714192196
0.001596005893440212	1.1944001285412038
0.0015960453840533865	0.8480396333309212
0.0015960734291223268	0.6021191747345266
0.0015960933446229784	0.4275124491045035
0.0015961074864693572	0.3035394018466732
0.0015961175281618708	0.21551692510108375
0.0015961246582963484	0.1530198212240274
0.0015961297209873481	0.1086460642311549
0.00159613331566605	0.07714011935511751
0.0015961358679862333	0.05477048852373803
0.0015961376801927531	0.03888775954985492
0.0015961389668960606	0.027610815305251588
0.0015961398804787543	0.019604038150960047
0.0015961405291376836	0.013919122183661084
0.0015961409896956419	0.009882757872219225
0.0015961413166986308	0.007016886688124573
0.001596141548875434	0.004982080855424568
0.0015961417137242005	0.0035373422364074147
0.0015961418307690787	0.0025115590173225926
0.0015961419138725192	0.0017832395838240573
0.0015961419728770716	0.0012661233088231087
0.0015961419774748568	0.0012533223528118287
0.002168966314739515	0.0012533223528118287
0.0029473661747291637	0.0012533223528118287
0.004005118617520299	0.0012533223528118287
0.005442477856312413	0.0012533223528118287
0.007395677393142992	0.0012533223528118287
0.010049842286451852	0.0012533223528118287
0.013656535380545233	0.0012533223528118287
0.018557600535831765	0.0012533223528118287
0.02521756273103538	0.0012533223528118287
0.034267655932448474	0.0012533223528118287
0.04656565170984938	0.0012533223528118287
0.06327715917999956	0.0012533223528118287
0.08598610191992849	0.0012533223528118287
0.11684484289745556	0.0012533223528118287
0.1587781863218392	0.0012533223528118287
0.2157605917941772	0.0012533223528118287
0.2931928752291743	0.0012533223528118287
0.3984141004171554	0.0012533223528118287
0.5413971785198965	0.0012533223528118287
0.7356941047076552	0.0012533223528118287
0.9997204218560725	0.0012533223528118287
1.358500653302413	0.0012533223528118287
1.8460401374983406	0.0012533223528118287
2.508548068026784	0.0012533223528118287
3.408817220046261	0.0012533223528118287
4.632175475443128	0.0012533223528118287
6.294573234702679	0.0012533223528118287
8.553573243734911	0.0012533223528118287
11.623284455978453	0.0012533223528118287
15.794655367398116	0.0012533223528118287
21.463050235044488	0.0012533223528118287
29.165721864555675	0.0012533223528118287
39.63273265286918	0.0012533223528118287
53.85615020359572	0.0012533223528118287
73.18407590404404	0.0012533223528118287
99.44841853124662	0.0012533223528118287
135.1385233221137	0.0012533223528118287
183.63711314266334	0.0012533223528118287
249.54090435775186	0.0012533223528118287
252.0573291745097	0.0012410515601335415
284.2603343930973	0.0011004810740513652
320.5766822656326	0.0009758326190854904
361.5318185361308	0.0008653027507011903
407.7183015369271	0.0007672922955503816
459.80437601387735	0.0006803832142379018
518.5436418841318	0.0006033180847784268
584.7859578416654	0.0005349819099056075
659.4897375863612	0.0004743859850171121
743.7358165970145	0.0004206535933530207
838.7430900882923	0.0003730073214418962
945.8861484150037	0.00033075781129128187
1066.7151650845396	0.0002932937865865475
1202.9783251280242	0.00026007320859467386
1356.647118333995	0.00023061543381441358
1529.9448632969693	0.00020449425990778255
1725.3788749767104	0.00018133175929970256
1945.7767411785976	0.0001607928112288001
2194.327232813911	0.00014258025313772457
2474.626439841126	0.00012643058125210777
2790.729800395486	0.0001121101381430814
3147.2107758779243	9.941173211407076e-05
3549.2270209296757	8.8151639500318e-05
4002.5950056565657	7.816694650966817e-05
4513.874169756133	6.931319214571479e-05
5090.461826110502	6.146227811053805e-05
5740.700186933833	5.450061544699287e-05
6473.997060955221	4.8327481105711225e-05
7300.961967913712	4.2853560659226305e-05
8233.559639703615	3.79996560788467e-05
9285.283129062593	3.3695539878078856e-05
10471.349030381676	2.9878939044062586e-05
11808.917637140039	2.6494634056289437e-05
13317.34122125652	2.3493659956985118e-05
15018.444026524787	2.0832597914045193e-05
16936.83802714604	1.847294702668258e-05
19100.279019831443	1.6380567284916137e-05
21540.068201502698	1.4525185623500983e-05
24291.505042715584	1.2879957923767338e-05
27394.39800909081	1.1421080626302653e-05
-140	120
0.0015654243343991418	799.9999999999992
0.0015827989243997484	608.5589074932274
0.0015973470835586392	462.92992986168855
0.001609345759459827	352.15016545318224
0.0016191055895540874	267.88014995218504
0.0016269471692393256	203.77606424252977
0.0016331808190466319	155.01217378587967
0.001638091968035801	117.91754890910664
0.001641932620587136	89.6997184230065
0.0016449181065259651	68.23445330744376
0.001647227699017555	51.905855447719645
0.001649007627566323	39.48471335470703
0.0016503752732678237	30.035967527279723
0.0016514236934910326	22.84831947987931
0.0016522259542908308	17.380685425914493
0.0016528390001734363	13.221463667847464
0.0016533069583298864	10.057549356458344
0.001653663874105287	7.650764060531884
0.001653935926477405	5.819925772707169
0.0016541431940929753	4.427209587412944
0.001654301046685676	3.367772287199463
0.0016544212318781457	2.5618597797300886
0.001654512718576319	1.9488032358792302
0.001654582348297665	1.4824519601824147
0.0016546353363344445	1.1276991816247557
0.001654675656308382	0.8578392274382105
0.0016547063346323994	0.6525571288182912
0.0016547296756294274	0.4963993167382212
0.0016547474334313004	0.37761028234324584
0.0016547609431197818	0.28724762610126875
0.0016547712207043504	0.2185088769002638
0.0016547790393020478	0.16621940425499626
0.0016547849871608896	0.12644287382199462
0.0016547895118407545	0.0961849214417714
0.0016547929538463764	0.07316773838740795
0.0016547955722261778	0.05565859867098912
0.0016547975640535278	0.04233941999977645
0.0016547990792508923	0.03220753897370111
0.001654800231869308	0.02450023091360138
0.0016548011086702618	0.01863729219764133
0.0016548011381031453	0.01845191441441896
0.0021055953670930023	0.01845191441441896
0.002679193135560421	0.01845191441441896
0.0034090480867386063	0.01845191441441896
0.004337727169962011	0.01845191441441896
0.005519393250632486	0.01845191441441896
0.007022964022745169	0.01845191441441896
0.008936131459580466	0.01845191441441896
0.01137047622688657	0.01845191441441896
0.01446797534380302	0.01845191441441896
0.018409282634436166	0.01845191441441896
0.023424264906541516	0.01845191441441896
0.02980540835336236	0.01845191441441896
0.037924877073200976	0.01845191441441896
0.048256218601854875	0.01845191441441896
0.06140198237835602	0.01845191441441896
0.07812886192137365	0.01845191441441896
0.09941241029509092	0.01845191441441896
0.12649393678133006	0.01845191441441896
0.16095290311283442	0.01845191441441896
0.20479904159543122	0.01845191441441896
0.260589567676227	0.01845191441441896
0.3315783230852671	0.01845191441441896
0.42190554794825585	0.01845191441441896
0.5368393498502116	0.01845191441441896
0.6830829529242016	0.01845191441441896
0.8691656464933822	0.01845191441441896
1.1059402343599238	0.01845191441441896
1.4072159972160092	0.01845191441441896
1.7905640841132309	0.01845191441441896
2.278342305416606	0.01845191441441896
2.8989990957077634	0.01845191441441896
3.688732696985004	0.01845191441441896
4.693602329835951	0.01845191441441896
5.9722144813170255	0.01845191441441896
7.599140980505568	0.01845191441441896
9.669268212360745	0.01845191441441896
12.303331126822897	0.01845191441441896
15.65495480027566	0.01845191441441896
19.91961423068357	0.01845191441441896
20.121100852734294	0.01826823690659894
24.318422884832014	0.01511969601554491
29.389577349161147	0.012513807915415572
35.51659765981667	0.010357046092918659
42.91940389445264	0.008572003381856248
51.86369871198214	0.007094613784599678
62.67050547374862	0.005871853114193726
75.72769121705002	0.004859835932085493
91.50388825623205	0.004022240479704557
110.56531420304586	0.003329005073969918
133.59609417703678	0.002755249179763488
161.42281464130448	0.002280380436168707
195.0441901536217	0.0018873555872385246
235.66690781421286	0.0015620687917605653
284.7489359027577	0.001292845358177824
344.05185108421887	0.001070022734580148
415.7040622395354	0.0008856037153059849
502.2772000592448	0.0007329694175811157
606.8784140614646	0.0006066417267948981
733.2618896190847	0.0005020866844665707
885.9635873950535	0.0004155517624059914
1070.4640410468762	0.00034393118276416433
1293.3850560851072	0.00028465445024870265
1562.7273694982596	0.00023559409587455945
1888.1577998569414	0.00019498932113113537
2281.3561938457915	0.00016138280212007097
2756.4346212928085	0.0001335683855353826
3330.443863797133	0.00011054779927079829
4023.9853750633483	9.149482397823398e-05
4861.950676478162	7.572563967828655e-05
5874.414725174143	6.26742831490648e-05
7097.715317968138	5.187233524783922e-05
8575.757271474442	4.293210913421302e-05
10361.588186012114	3.553273601247319e-05
12519.302348192488	2.9408649004060932e-05
15126.341104119587	2.4340051831090493e-05
18276.272264647483	2.014503022761653e-05
22082.148296818144	1.6673022953599942e-05
26680.563828503007	1.3799418083283786e-05
32236.558091941526	1.1421080626302653e-05
-120	120
0.0016079506626898703	799.9999999999992
0.001625244248911649	639.2204530008825
0.0016404219650613294	510.75348441831716
0.0016535979380436097	408.10509210207016
0.0016649166723794867	326.08640230681544
0.001674544314812273	260.55137224998845
0.0016826592387037534	208.1872077495484
0.0016894430311086238	166.3469015583191
0.0016950727639670209	132.91542721175253
0.0016997150788839032	106.20282449137794
0.0017035222378211333	84.85877197668985
0.0017066299904213913	67.80432833004791
0.0017091569277678182	54.17739183819228
0.0017112049269921137	43.28912119151952
0.0017128603088207228	34.58911457256654
0.0017141953932015897	27.63758685746923
0.0017152702163698735	22.083138488603417
0.0017161342471373553	17.644992235457888
0.0017168280017226263	14.098799912433043
0.0017173845026347355	11.265301583492827
0.0017178305591849022	9.00126397673981
0.0017181878678351364	7.1922400459901885
0.0017184739427521408	5.746783675361176
0.0017187028932190778	4.591827080328062
0.0017188860670087388	3.6689872329862823
0.0017190325789288956	2.9316146014049296
0.0017191497425397854	2.342435016917582
0.0017192434211869348	1.8716654657989813
0.0017193183124083365	1.4955085586426669
0.0017193781777090733	1.194949572902827
0.0017194260277808258	0.9547952591301958
0.0017194642715392785	0.7629058225803741
0.0017194948358771743	0.6095812568835475
0.0017195192617782246	0.48707100895743605
0.0017195387813887181	0.38918218873671184
0.0017195543797751001	0.3109665187301951
0.001719566844382044	0.24847019871352816
0.0017195768046224308	0.19853404122360147
0.0017195847635566063	0.15863377470880785
0.0017195911232342003	0.12675244166325522
0.0017195913709135257	0.12551084046188743
0.002088217857742591	0.12549985621959991
0.0025358663082139556	0.12549985621959991
0.003079476554274042	0.12549985621959991
0.003739619796834891	0.12549985621959991
0.004541277057449856	0.12549985621959991
0.005514784505626835	0.12549985621959991
0.006696981434684821	0.12549985621959991
0.008132604327649133	0.12549985621959991
0.009875979767175523	0.12549985621959991
0.011993080252295313	0.12549985621959991
0.014564020717828146	0.12549985621959991
0.017686090229299716	0.12549985621959991
0.021477433578217037	0.12549985621959991
0.026081522095965766	0.12549985621959991
0.03167258287006289	0.12549985621959991
0.03846219181418734	0.12549985621959991
0.046707280085755844	0.12549985621959991
0.05671985682845409	0.12549985621959991
0.06887881616599312	0.12549985621959991
0.08364427524521983	0.12549985621959991
0.10157498590622338	0.12549985621959991
0.12334947886871797	0.12549985621959991
0.14979174056919153	0.12549985621959991
0.18190239430706065	0.12549985621959991
0.22089656565114285	0.12549985621959991
0.26824986500233	0.12549985621959991
0.3257542273763097	0.12549985621959991
0.3955857224853209	0.12549985621959991
0.48038690117583355	0.12549985621959991
0.583366794361198	0.12549985621959991
0.7084223485908401	0.12549985621959991
0.8602858935989229	0.12549985621959991
1.044704222272847	0.12549985621959991
1.2686560597534837	0.12549985621959991
1.5406161510936078	0.12549985621959991
1.8708759610320893	0.12549985621959991
2.271933121746865	0.12549985621959991
2.7589643659983545	0.12549985621959991
3.350399842314022	0.12549766656559783
3.3844980220241143	0.12424249232338894
4.301943956166922	0.09789681002818963
5.466209977325425	0.0771377427679892
6.943738773960185	0.06078064604584241
8.818847774660735	0.047892079819621694
11.19854221842021	0.037736540472424036
14.218622090228218	0.029734488295149294
18.05143191332167	0.02342927526227412
22.9156958646764	0.01846108578922339
29.088999558985932	0.014546403365102876
36.92363082793592	0.011461831296174148
46.86668348395704	0.009031344268723153
59.48557132109259	0.007116243224363652
75.50040834455484	0.0056072403090289035
95.82510305010732	0.004418222212466614
121.61951185337401	0.003481335994696132
154.35562787480328	0.002743116965409645
195.90158223294796	0.002161437648472368
248.6282514940069	0.0017031037200180383
315.54455497687394	0.0013419597290670422
400.4691628387974	0.0010573965010296704
508.2484136976982	0.0008331750470389346
645.0328775575022	0.0006564998638943409
818.6283464771125	0.0005172887412135228
1038.9412827443984	0.0004075974063405705
1318.5441446629993	0.0003211661735877292
1673.3928510392866	0.0002530627267308904
2123.737327459341	0.00019940064965459381
2695.277095921562	0.00015711764271376057
3420.6278531240264	0.00012380076842623367
4341.182729697512	9.754875390313891e-05
5509.474445681872	7.686349211737814e-05
6992.173161870938	6.0564550382105334e-05
8873.891103503209	4.772180734886564e-05
11262.011072340285	3.7602374363785025e-05
14292.814392762835	2.9628772176581206e-05
18139.257991489132	2.3345976299231425e-05
23020.844420581165	1.839545041272671e-05
29216.148070068248	1.4494686002839255e-05
37078.71239560169	1.1421080626302653e-05
-100	120
0.001651961938658415	799.9999999999992
0.0016693751751054753	663.0459373550553
0.0016852029557305965	549.5373938038034
0.0016994770464789685	455.4606704828716
0.0017122497863071397	377.4891839858473
0.00172359190034545	312.8658372966141
0.0017335894153148207	259.30552794588397
0.001742339940643029	214.91434604778283
0.001749948649623973	178.12260503287624
0.0017565243073094543	147.62933702268427
0.0017621756472458814	122.35629018413894
0.0017670083145420001	101.40980139553703
0.0017711224921971394	84.04919602911707
0.001774611233499558	69.66059745633096
0.0017775594503642784	57.73522017143273
0.0017800434613843565	47.851378971210096
0.0017821309825399177	39.65957802962244
0.0017838814422672829	32.87015261219624
0.0017853465140453364	27.243026437196693
0.0017865707776055456	22.579222500549523
0.0017875924396718458	18.71382718453153
0.0017884440638266193	15.510158858835268
0.0017891532751298101	12.854934773852795
0.0017897434179435382	10.654265345959162
0.001790234155107373	8.83033419142621
0.0017906420035630158	7.318646513890727
0.0017909808062543827	6.065748547466235
0.0017912621431436313	5.027337414268524
0.0017914956859396074	4.166694560304762
0.0017916895020043692	3.4533873755118485
0.0017918503131745768	2.8621930868079626
0.0017919837151224923	2.372206872667179
0.001792094362540196	1.9661026618596404
0.0017921861249673595	1.6295204779612447
0.0017922622175690617	1.3505586659363378
0.0017923253106515448	1.119353045760939
0.0017923776212082445	0.9277281118222483
0.0017924209893315506	0.7689079443922734
0.001792456941914419	0.6372766109116528
0.0017924867457025648	0.5281795847954626
0.001792488171460567	0.5229610859636963
0.0021021580856704094	0.5229530687669556
0.002465326515124898	0.5229530687669556
0.0028912358531016794	0.5229530687669556
0.003390725206976121	0.5229530687669556
0.003976506246243941	0.5229530687669556
0.00466348670599553	0.5229530687669556
0.005469149778788725	0.5229530687669556
0.006413999050189087	0.5229530687669556
0.007522080301289144	0.5229530687669556
0.008821593457731192	0.5229530687669556
0.01034561025892648	0.5229530687669556
0.012132915911671609	0.5229530687669556
0.014228996147682936	0.5229530687669556
0.016687194805002272	0.5229530687669556
0.01957007139294502	0.5229530687669556
0.02295099318970964	0.5229530687669556
0.026916002390465998	0.5229530687669556
0.03156600582359097	0.5229530687669556
0.03701934296186276	0.5229530687669556
0.043414797582778775	0.5229530687669556
0.05091512972273485	0.5229530687669556
0.0597112178109341	0.5229530687669556
0.07002691639755877	0.5229530687669556
0.0821247531021336	0.5229530687669556
0.09631260976560044	0.5229530687669556
0.11295155783694928	0.5229530687669556
0.13246504739974813	0.5229530687669556
0.15534968369314045	0.5229530687669556
0.1821878653825527	0.5229530687669556
0.21366260621563637	0.5229530687669556
0.2505749172646597	0.5229530687669556
0.29386419212177556	0.5229530687669556
0.344632113836732	0.5229530687669556
0.4041706920125742	0.5229530687669556
0.4739951435846497	0.5229530687669556
0.5558824540767126	0.5229530687669556
0.6519166006922671	0.5229530687669556
0.7645415881385448	0.5229530687669556
0.8966236469092899	0.5229503313635717
0.9058786548178701	0.5177205831163444
1.1986634419348645	0.3932790947472969
1.5840096815106985	0.29874888387525306
2.091221555331997	0.22694035052653416
2.758870679727611	0.17239201709825125
3.6377318714665794	0.13095514962522725
4.794645133464567	0.09947822121944179
6.317598999516441	0.07556721919912848
8.322422300507517	0.05740356580052222
10.961593417033976	0.043605804230161235
14.435837027489372	0.03312453043712926
19.009390339766068	0.0251625795247085
25.030099878810148	0.019114396490510725
32.95587729935384	0.01451998006951879
43.38952634023663	0.011029896827968816
57.12458971662198	0.008378704616201901
75.20570288238551	0.0063647640717316755
99.00804493257783	0.004834902714015211
130.34192937098177	0.003672765241655157
171.59048950867617	0.0027899640009732447
225.8909303087137	0.0021193565650329343
297.37313198657966	0.0016099391419320582
391.47375262758476	0.0012229674248724896
515.3497192438355	0.0009290098509589294
678.4225557914134	0.0007057091510583101
893.094947618457	0.000536081942913066
1175.694041447533	0.00040722704117762324
1547.713224618082	0.00030934424346610396
2037.4468284857141	0.00023498896509644286
2682.1420851574394	0.0001785060329501424
3530.8320070177565	0.00013559957501204235
4648.06464683814	0.00010300629306227544
6118.812371481519	7.824726891281962e-05
8054.934529454972	5.943942753685451e-05
10603.685037655518	4.515231771022408e-05
13958.911941249138	3.4299317457943727e-05
18375.80074162456	2.6054989815382545e-05
24190.282812572037	1.9792303304929572e-05
31844.58503329351	1.5034942361906066e-05
41920.863843904575	1.1421080626302653e-05
-80	119
0.001697596105015737	799.9999999999992
0.0017152831140273507	682.0480104490604
0.001731800514516243	581.4868606969025
0.0017471404634051054	495.75244555074073
0.0017613067391572537	422.65871145392396
0.0017743148454976306	360.341916557642
0.0017861916810652093	307.2131090869266
0.0017969747681578915	261.91761229576076
0.0018067110746492168	223.30048295986518
0.0018154555019564227	190.37706266886312
0.0018232691419358597	162.30787103554286
0.0018302174218476994	138.37720065001847
0.001836368257177906	117.9748679935695
0.0018417903185549357	100.58065499750585
0.0018465514952352262	85.75104453839049
0.0018507176088378107	73.10791165167257
0.0018543514021707138	62.328882112636244
0.0018575118029092522	53.13911254804711
0.0018602534427504072	45.304282488030324
0.0018626264001393635	38.62461966972915
0.001864676128254834	32.929806250113046
0.0018664435284852176	28.07463604670332
0.0018679651317169892	23.935312074669362
0.0018692733540358814	20.406289975007066
0.001870396798786117	17.397586847625234
0.0018713605825121569	14.832486870046926
0.001872186667574068	12.64558519965918
0.0018728941888721828	10.781120282989544
0.0018734997660062216	9.191552049281295
0.0018740177953148437	7.83634973518912
0.0018744607186515147	6.680958432585957
0.0018748392675456513	5.69591800854766
0.001875162682680343	4.856111931763637
0.0018754389094932742	4.140126851971676
0.0018756747712686667	3.5297066029925195
0.0018758761214142598	3.009286707549952
0.0018760479767730392	2.565597514694062
0.0018761946338552843	2.18732585063768
0.0018763197698318116	1.8648265557890364
0.0018764265300331227	1.5898765527606091
0.001876432648522172	1.5741316534273395
0.0021413326532800066	1.5741316534273395
0.002443629157494388	1.5741316534273395
0.0027886015048666515	1.5741316534273395
0.0031822743353243084	1.5741316534273395
0.003631522800081123	1.5741316534273395
0.004144192630131945	1.5741316534273395
0.0047292371550734244	1.5741316534273395
0.005396873665164282	1.5741316534273395
0.006158761847351578	1.5741316534273395
0.007028207411491967	1.5741316534273395
0.00802039446292148	1.5741316534273395
0.009152650679557282	1.5741316534273395
0.01044474992461733	1.5741316534273395
0.011919257579823934	1.5741316534273395
0.013601924630033228	1.5741316534273395
0.015522137381633602	1.5741316534273395
0.017713430668650786	1.5741316534273395
0.020214073509255102	1.5741316534273395
0.023067737440648613	1.5741316534273395
0.02632425920421571	1.5741316534273395
0.03004051110056553	1.5741316534273395
0.034281394214454496	1.5741316534273395
0.03912097185539262	1.5741316534273395
0.044643763008481115	1.5741316534273395
0.05094621838446718	1.5741316534273395
0.05813840484693779	1.5741316534273395
0.06634592763369815	1.5741316534273395
0.0757121239422474	1.5741316534273395
0.08640056618840149	1.5741316534273395
0.09859791865528206	1.5741316534273395
0.11251719742154481	1.5741316534273395
0.1284014905006382	1.5741316534273395
0.1465282031600669	1.5741316534273395
0.16721390256144356	1.5741316534273395
0.19081984632872365	1.5741316534273395
0.21775829159622556	1.5741316534273395
0.24849969471843655	1.5741316534273395
0.2835809273782279	1.5741316534273395
0.32705301748851123	1.558393848745547
0.44870595143183334	1.1508304041980653
0.6132637168380264	0.8498561645971503
0.8359761251688976	0.627595080794783
1.1374706683841478	0.46346146777027397
1.5456700332002393	0.34225337113184434
2.098380000590932	0.2527445714412098
2.8467912686901826	0.1866448186667905
3.8602206311973672	0.13783199431945942
5.2325309381645075	0.10178508459961742
7.090824522422863	0.07516544687686204
9.60721527802521	0.05550758666088092
13.014769705684742	0.04099080501660204
17.629093366723332	0.030270566547495815
23.877562063542303	0.022353969353254982
32.33890511667731	0.016507783065844245
43.796806914873024	0.012190537503322389
59.31249127943252	0.009002372034279536
80.3230113612815	0.006648000731837381
108.77434862017961	0.004909363172530495
147.30164843150672	0.0036254278138650856
199.4732856316475	0.0026772773517938246
270.1213652027547	0.00197709467307984
365.78926886720427	0.0014600292882250851
495.3376990823223	0.0010781909189782972
670.7653518577927	0.0007962139301879883
908.3202286078583	0.0005879817864039749
1230.0045160592456	0.00043420815441044043
1665.6124152672655	0.00032065061489334307
2255.48966221148	0.00023679153831434035
3054.270325072994	0.00017486394852516427
4135.936978061282	0.00012913215020893127
5600.672921981273	9.536049230400576e-05
7584.14109999956	7.042106460512864e-05
10270.049116086753	5.200399264204927e-05
13907.164120424164	3.840349852531705e-05
18832.3534700067	2.8359912846220824e-05
25501.785176270427	2.094300487011694e-05
34533.177906034565	1.5465825137336003e-05
46763.01370488463	1.1421080626302653e-05
-60	118
0.0017450117605060259	799.9999999999992
0.001763083705791944	697.5778264493354
0.0017803256700630733	608.2685299422224
0.001796714241322765	530.3932987682854
0.0018122312629306173	462.48825564759227
0.0018268643714984222	403.27694016623894
0.0018406074272704774	351.6463142228799
0.0018534608033063014	306.62583944314594
0.0018654315055611247	267.36923326494014
0.0018765331051632992	233.13856075047806
0.0018867854761245616	203.2903630873055
0.0018962143451732598	177.26356202567362
0.0019048506737803493	154.56891288317058
0.0019127299040704595	134.77980785709818
0.001919891108740805	117.52425676776708
0.0019263760894465123	102.4778944889158
0.00193222846812674	89.35788362085253
0.0019374928118715117	77.91759779043379
0.0019422138250884558	67.94198563600537
0.0019464356341036587	59.243528330770694
0.0019502011801222775	51.65871465521085
0.0019535517277116535	45.04496735793548
0.001956526488398322	39.27796302753733
0.001959162353018684	34.2492950951336
0.0019614937222696073	29.864436037356445
0.0019635524223828534	26.04096047384287
0.001965367691762151	22.706995757495477
0.0019669662244668237	19.79987093213495
0.0019683722572801394	17.26493866102008
0.0019696076884689294	15.054547981169344
0.001970692217977405	13.127148573601666
0.0019716435005135776	11.446509711813189
0.0019724773046477396	9.981039206497309
0.0019732076725643057	8.703189544217482
0.001973847076444592	7.588940056789774
0.001974406568591452	6.617345387337127
0.001974895923339076	5.770141765203956
0.0019753237695373732	5.031403688594388
0.0019756977129812324	4.387244561348549
0.001976024448594555	3.8255556565089828
0.0022050501320919334	3.7876758912532176
0.0024605929378857163	3.7876758912532176
0.002745750546827314	3.7876758912532176
0.0030639550123559064	3.7876758912532176
0.0034190361278770977	3.7876758912532176
0.003815267520765719	3.7876758912532176
0.004257418088193142	3.7876758912532176
0.004750809393842028	3.7876758912532176
0.005301379716314515	3.7876758912532176
0.005915755520097274	3.7876758912532176
0.0066013312092819635	3.7876758912532176
0.00736635812392794	3.7876758912532176
0.00822004385019509	3.7876758912532176
0.009172663039507565	3.7876758912532176
0.010235681070527537	3.7876758912532176
0.011421892042289637	3.7876758912532176
0.01274557275933135	3.7876758912532176
0.014222654562128467	3.7876758912532176
0.01587091507092425	3.7876758912532176
0.017710192150711627	3.7876758912532176
0.019762622672572977	3.7876758912532176
0.022052908945022497	3.7876758912532176
0.02460861602202193	3.7876758912532176
0.027460503465961073	3.7876758912532176
0.03064289555858178	3.7876758912532176
0.03419409441556965	3.7876758912532176
0.038156840976910834	3.7876758912532176
0.04257882942132617	3.7876758912532176
0.047513281196088324	3.7876758912532176
0.053019585571036316	3.7876758912532176
0.05916401442626257	3.7876758912532176
0.0660205198763984	3.7876758912532176
0.07367162433141297	3.7876758912532176
0.0822094137063758	3.7876758912532176
0.09173664573409343	3.7876758912532176
0.10236798671986977	3.7876758912532176
0.11423139162352097	3.7876758912532176
0.12746964407881084	3.7876758912532176
0.14382966419838103	3.7498020791523676
0.2047442279341825	2.707476690622424
0.28881762785223053	1.9548845180438863
0.40507415360523824	1.4114889676147646
0.5659617353078529	1.0191400501200696
0.7886990688614387	0.7358516188149279
1.0971221223463554	0.5313083367185473
1.5242359413251032	0.38362156370770556
2.115746880160639	0.2769870035363358
2.934953810671831	0.19999345028084817
4.069521887120776	0.14440164933583657
5.640863789015417	0.10426259610816228
7.817132361903289	0.07528091955467679
10.831215030627057	0.05435522479335296
15.005655608020486	0.03924620580903067
20.787170437839787	0.028337012242347543
28.794452522218716	0.020460226568912936
39.88437926139539	0.014772936104592313
55.243708845813934	0.010666531009092465
76.51607793922045	0.0077015755678089565
105.97789096255504	0.00556078318022145
146.78192328945772	0.00401506280178342
203.29470688334206	0.002899003392112647
281.5638027775881	0.002093172904729565
389.96496428581696	0.0015113375931240572
540.0984453438878	0.0010912339421310852
748.0303699703711	0.000787905708080408
1036.0120046044792	0.0005688930492881568
1434.8609165502935	0.0004107589248424994
1987.2588316882327	0.00029658104374607076
2752.319102680623	0.00021414097220951654
3811.912562794093	0.00015461661136407216
5279.428709291222	0.00011163812447025976
7311.909770479225	8.060628625400879e-05
10126.856150427324	5.8200309387982314e-05
14025.501640073742	4.2022479514597515e-05
19425.049127806073	3.0341570399270137e-05
26903.316425951773	2.1907581488000236e-05
37260.569864241676	1.5817972515519986e-05
51605.16260320082	1.1421080626302653e-05
-40	118
0.0017943695451318874	799.9999999999992
0.0018128952923625004	710.5590585998534
0.001830876584140588	631.1177196978879
0.0018482883802138394	560.5580159677722
0.0018651071471449667	497.8869701458278
0.0018813112059228555	442.2226209949412
0.0018968810893652953	392.78161158215687
0.0019117998978744836	348.8681652014386
0.001926053640397651	309.86429380124076
0.001939631546299267	275.22110112139774
0.0019525263334538897	244.4510581495445
0.0019647344183991193	217.12114219059814
0.001976256055971098	192.84674299634557
0.001987095398501708	171.28625019691415
0.0019972604682721913	152.13624586377296
0.002006763041236251	135.12723454984805
0.002015618444677763	120.01985071617715
0.002023845276023847	106.60149017272731
0.0020314650540682014	94.68331812809339
0.0020385018170145253	84.09761174276066
0.0020449816837826034	74.69539978804005
0.0020509323958267096	66.34436619391184
0.0020563828563327576	58.92698798268748
0.0020613626822409583	52.33888138387906
0.002065901782322215	46.48733285537317
0.002070029971799719	41.28999433816503
0.0020737766310370653	36.67372438314987
0.0020771704128674817	32.5735588413018
0.002080239000422384	28.931796631902944
0.0020830089149768824	25.697187722959228
0.0020855053714488162	22.824211896362048
0.0020877521777931543	20.272438147953256
0.0020897716736080346	18.005955707416792
0.002091584702762403	15.992868670815932
0.0020932106147001223	14.204847133807585
0.0020946672891952235	12.61672850869144
0.0020959711796528844	11.20616341468216
0.0020971373705023447	9.953301158065853
0.002098179644753713	8.840510376045136
0.002099110558344217	7.852130912931092
0.0022976965784493805	7.774384509130148
0.0025149818087253015	7.774384509130148
0.002752814952828871	7.774384509130148
0.003013139156008078	7.774384509130148
0.0032980813200463115	7.774384509130148
0.0036099694804833187	7.774384509130148
0.003951351827139908	7.774384509130148
0.00432501752334802	7.774384509130148
0.004734019493983449	7.774384509130148
0.005181699368484142	7.774384509130148
0.0056717147826436136	7.774384509130148
0.0062080692622406355	7.774384509130148
0.0067951449326606045	7.774384509130148
0.007437738321752839	7.774384509130148
0.00814109954844046	7.774384509130148
0.008910975217261747	7.774384509130148
0.009753655369300116	7.774384509130148
0.010676024873101438	7.774384509130148
0.011685619675452933	7.774384509130148
0.012790688371603923	7.774384509130148
0.01400025959796973	7.774384509130148
0.015324215797930855	7.774384509130148
0.01677337396340909	7.774384509130148
0.01835957401189552	7.774384509130148
0.020095775520988922	7.774384509130148
0.021996163610785397	7.774384509130148
0.0240762648391999	7.774384509130148
0.026353074057108086	7.774384509130148
0.02884519325974079	7.774384509130148
0.03157298356877542	7.774384509130148
0.03455873158684882	7.774384509130148
0.0378268314836419	7.774384509130148
0.041403984301216466	7.774384509130148
0.045319416106969435	7.774384509130148
0.04960511677655858	7.774384509130148
0.054296101357704823	7.774384509130148
0.059430696150266825	7.774384509130148
0.06505085183992007	7.774384509130148
0.07206243721681453	7.696643172080982
0.10703480122917843	5.45569672299979
0.155912757624866	3.8672218612550058
0.2246096641615557	2.741245652662575
0.3213613636179751	1.9431074807285185
0.45774590004370685	1.3773543709940117
0.6500768935290633	0.9763253356345675
0.9213572517078945	0.6920594881577465
1.3040311450002546	0.49056018282867636
1.8438645231538293	0.34772920116666506
2.605418627653935	0.24648473638194912
3.6797712318127367	0.17471850240198689
5.195409076658531	0.12384764886329325
7.333594199078237	0.08778829899580921
10.350041890146512	0.06222795112634357
14.605502853259189	0.044109726987277255
20.608907023309758	0.03126678573976793
29.07822881336071	0.022163181621562358
41.02635294093436	0.015710173206758438
57.8822099188688	0.011136015866342582
81.66166835519759	0.007893665317584467
115.20862184958037	0.005595354109934501
162.53510316487933	0.0039662167517815995
229.30110147474664	0.0028114172960354658
323.4914662144021	0.001992848022967203
456.3708515451386	0.0014126125097987565
643.8309075848103	0.0010013177522031173
908.2908351315047	0.0007097751392701013
1281.378599864804	0.0005031177637842384
1807.713464626996	0.0003566305301923605
2550.2422100252425	0.00025279436390528127
3597.7672262493124	0.00017919102547896457
5075.566794848298	0.0001270179568727798
7160.377688272145	9.003554349338387e-05
10101.531924408491	6.382089030347361e-05
14250.775516734047	4.523886768593025e-05
20104.335380047232	3.206716703219847e-05
28362.26536438769	2.2730524747212656e-05
40012.16887928528	1.6112329310688864e-05
56447.31087780025	1.1421080626302653e-05
-20	120
0.0018458207168268227	799.9999999999992
0.0018648232762582262	721.6398738582463
0.0018835247905798751	650.9551344276829
0.0019019064826546876	587.1939763697142
0.0019199494515094262	529.6782337972038
0.0019376347744607747	477.79616727859155
0.0019549436267075216	430.99595735609586
0.0019718574179374967	388.7798353748343
0.0019883579449286805	350.69878919815807
0.0020044275585295816	316.3477874989985
0.002020049342772261	285.36147183264103
0.002035207303201718	257.4102706716385
0.0020498865608151212	232.196894071623
0.002064073547331528	209.4531716851535
0.0020777561969122994	188.9372004926049
0.0020909241289899204	170.4307719132672
0.0021035688166034096	153.73705093131724
0.0021156837346364993	138.67848255176835
0.0021272644826444147	125.09490331938903
0.002138308877544692	112.84183781464189
0.0021488170123174	101.7889620081137
0.002158791277965377	91.81871712962133
0.0021682363472605446	82.82505930905766
0.0021771591201703642	74.71233169011275
0.0021855686322364595	67.39424702063559
0.002193475928485361	60.792969898428765
0.002200893906617236	54.83828891121303
0.002207837134183498	49.46686986561235
0.0022143216451846782	44.62158216247852
0.0022203647219699576	40.250891153858014
0.002225984668490861	36.30831001869016
0.002231200580862783	32.75190532736712
0.0022360321208439895	29.543851036323073
0.002240499297290127	26.650026168923777
0.0022446222599305965	24.039651903576424
0.0022484211089940365	21.684964209116323
0.002251915723337838	19.56091854560913
0.00225512560886192	17.644923489756057
0.002258069768154572	15.916600451732476
0.0022607665915636934	14.357566927800427
0.0022610144697125445	14.215415092312805
0.0024317020351359206	14.215413485466634
0.0026152750753673645	14.215413485466634
0.002812706335320176	14.215413485466634
0.0030250419939627073	14.215413485466634
0.0032534072079715383	14.215413485466634
0.00349901207388384	14.215413485466634
0.003763158040342056	14.215413485466634
0.004047244804409094	14.215413485466634
0.00435277772849729	14.215413485466634
0.004681375817213079	14.215413485466634
0.005034780296386339	14.215413485466634
0.005414863839744212	14.215413485466634
0.005823640492121195	14.215413485466634
0.006263276341788063	14.215413485466634
0.006736100998451819	14.215413485466634
0.007244619937748076	14.215413485466634
0.007791527777638672	14.215413485466634
0.008379722557065638	14.215413485466634
0.009012321092523364	14.215413485466634
0.009692675493922715	14.215413485466634
0.010424390927263936	14.215413485466634
0.01121134471824184	14.215413485466634
0.012057706898012508	14.215413485466634
0.012967962299992334	14.215413485466634
0.013946934324779609	14.215413485466634
0.014999810499127561	14.215413485466634
0.016132169964404926	14.215413485466634
0.017350013040203754	14.215413485466634
0.018659793019751035	14.215413485466634
0.020068450365606207	14.215413485466634
0.021583449486846085	14.215413485466634
0.023212818292617832	14.215413485466634
0.024965190731652185	14.215413485466634
0.02684985254315209	14.215413485466634
0.028876790461488337	14.215413485466634
0.031056745135435652	14.215413485466634
0.03340126804236587	14.215413485466634
0.03592278269898364	14.215413485466634
0.03863465049295756	14.215412575933552
0.03916603711105665	14.073258671804373
0.06150695314641354	9.822526215354147
0.09277323945406162	6.855698704992906
0.13721594467783105	4.784981348298375
0.2006878924375247	3.339710143167236
0.29150060189900123	2.330973315985982
0.4215301524301607	1.6269186147651278
0.6077752497864459	1.135518867125976
0.8745811520889757	0.7925430847597784
1.2568226368498827	0.5531608143071559
1.8044628249164558	0.38608233718637813
2.589084019346278	0.2694687823720765
3.71324431325688	0.18807756190627312
5.323883015583442	0.13127000827786248
7.631527140735202	0.09162079143634057
10.9378094560938	0.0639473519774056
15.674894982484915	0.04463248746070348
22.46196939759509	0.031151546941829648
32.186172957069864	0.021742433193386687
46.1185588275118	0.01517527851992825
66.08023277532892	0.010591688432895452
94.6803903732991	0.007392540684654371
135.65736562983008	0.005159673844307987
194.36726959561813	0.00360122930874078
278.4840890265696	0.0025135023890009056
399.0027551805825	0.0017543160176385234
571.6762941304536	0.001224436747389135
819.0749088826044	0.000854603921575664
1173.5361364587575	0.0005964765957325469
1681.3916957369395	0.00041631488023213754
2409.0235184280323	0.00029056979057131877
3451.540548565649	0.00020280515350683958
4945.210457218318	0.00014154923059297696
7085.271225074301	9.879524427759712e-05
10151.450749472915	6.895480993419375e-05
14544.530150327979	4.8127476659713756e-05
20838.729974132137	3.359089832662563e-05
29856.7667103382	2.3444995015377842e-05
42777.390276816564	1.6363593075907675e-05
61289.45872696935	1.1421080626302653e-05
0	118
0.0018994991332479398	799.9999999999992
0.0019189471411631008	731.2920759293127
0.0019383007251589607	668.4851253962551
0.00195755118743621	611.0723438486204
0.0019766895301903333	558.590453595061
0.0019957064546049434	510.6159655047862
0.002014592364356025	466.76176177080714
0.0020333373738132036	426.673972162248
0.002051931321015452	390.0291185594204
0.0020703637854210233	356.5315047302485
0.0020886241103833824	325.9108302854815
0.002106701430279739	297.92000955914597
0.0021245847022060395	272.33317781423585
0.0021422627421395163	248.9438686852492
0.0021597242654450527	227.56334815088783
0.002176957931554856	208.01909159335975
0.002193952392576492	190.1533916552982
0.002210696345481317	173.8220856607535
0.002227178587398146	158.89339233151915
0.002243388073394431	145.24684841195935
0.0022593139759816763	132.7723366217155
0.0022749457454475297	121.3691970925999
0.0022902731700081566	110.9454151196517
0.0023052864347041474	101.41687867211189
0.002319976177941559	92.70669967300002
0.0023343335446137587	84.74459357052976
0.0023483502348328605	77.4663121949733
0.0023620185474514466	70.81312532456288
0.0023753314177619275	64.73134677705289
0.0023882824490150875	59.171901202864085
0.0024008659376895183	54.08992808415849
0.002413076892755202	49.4444197444144
0.0024249110494876896	45.1978904475165
0.002436364878681656	41.31607391623753
0.0024474355923578407	37.76764682931793
0.0024581211472282853	34.523976065971326
0.002468420247255251	31.558887658272617
0.0024783323465874733	28.848455587047763
0.002487857653969713	26.37080871700849
0.0024969971393960957	24.105954313244965
0.002640342618517713	23.867280891593627
0.002790811714865867	23.867280891593627
0.002949855815380919	23.867280891593627
0.0031179635964638515	23.867280891593627
0.003295651583437959	23.867280891593627
0.0034834657376164317	23.867280891593627
0.0036819831338144897	23.867280891593627
0.0038918137334603945	23.867280891593627
0.004113602258753325	23.867280891593627
0.0043480301736266705	23.867280891593627
0.004595817777603386	23.867280891593627
0.004857726418976975	23.867280891593627
0.005134560834118283	23.867280891593627
0.005427171620095798	23.867280891593627
0.005736457848206833	23.867280891593627
0.006063369826449845	23.867280891593627
0.006408912019425836	23.867280891593627
0.006774146134640478	23.867280891593627
0.007160194384689907	23.867280891593627
0.007568242935353479	23.867280891593627
0.007999545550188083	23.867280891593627
0.00845542744282232	23.867280891593627
0.00893728934878705	23.867280891593627
0.009446611829393348	23.867280891593627
0.009984959820881885	23.867280891593627
0.010553987442821412	23.867280891593627
0.011155443080530516	23.867280891593627
0.011791174757138844	23.867280891593627
0.012463135811793908	23.867280891593627
0.013173390901460164	23.867280891593627
0.013924122344751603	23.867280891593627
0.014717636827289526	23.867280891593627
0.015556372489188513	23.867280891593627
0.016442906416447384	23.867280891593627
0.017379962559263076	23.867280891593627
0.018370420101597184	23.867280891593627
0.019417322307711284	23.867280891593627
0.020523885872852855	23.867280891593627
0.022071826328832485	23.628608683279705
0.037735165056810495	16.27407565631963
0.059229616529144276	11.208681053448027
0.08996958067536288	7.7199180838967
0.13435867587201014	5.317051572606026
0.198665632630378	3.6620903380728866
0.291945209148866	2.522244793204767
0.4273220198491581	1.7371823766085237
0.6238400022050921	1.196474909068921
0.9091424160206475	0.8240655830427441
1.323360695513262	0.5675706861951932
1.9247596189016818	0.39091122169990367
2.797933023749007	0.26923797681538036
4.065702959191223	0.18543619148208582
5.9063960584243995	0.12771816783841014
8.57892726729732	0.08796519312453718
12.459219253505466	0.06058554810484858
18.09308031338449	0.0417279665829668
26.272978671419384	0.02873990992267432
38.14951237310327	0.01979445657197676
55.39325431107989	0.013633324253071066
80.42973777401093	0.00938987789402163
116.78063597455728	0.006467227304798735
169.55912643374	0.0044542676149775745
246.18911899609375	0.0030678525820665315
357.4495152789307	0.002112966772280401
518.9903868186614	0.0014552943667696249
753.5343400423247	0.0010023260761766216
1094.072715705634	0.0006903466308425982
1588.5062055019325	0.0004754724854945794
2306.382642656972	0.0003274790871166552
3348.6797152891613	0.00022554943928502173
4862.008655192227	0.00015534594898777704
7059.236816419068	0.00010699367705551002
10249.429949711748	7.369131286944275e-05
14881.325902669454	5.075449074999757e-05
21606.454828292233	3.495687932518528e-05
31370.78449493152	2.407636041852369e-05
45547.78167866757	1.658246222754273e-05
66131.60627385258	1.1421080626302653e-05
20	120
0.0019555149228951013	799.9999999999992
0.0019753028894255193	739.8917853232074
0.0019951669354353317	684.2998174859546
0.0020151092204336763	632.8847670700331
0.0020351322006182254	585.332800264137
0.0020552386644953047	541.3536632445812
0.0020754317754837245	500.67891048661494
0.0020957151224385326	463.0602661920236
0.0021160927791162077	428.26810883132043
0.0021365693737373363	396.0900695502495
0.002157150170002912	366.32973588540966
0.002177841161204993	338.80545287654377
0.0021986491794627546	313.3492142575789
0.0022195820226370375	289.8056369583306
0.0022406486021625573	268.0310126572859
0.0022618591159291883	247.8924305962333
0.0022832252514994964	229.2669663024456
0.002304760426448267	212.04093126643954
0.002326480074563578	196.109178995402
0.002348401989219727	181.37446320647072
0.0023705467386547605	167.74684424234266
0.002392938172505827	155.1431400860007
0.002415604045288981	143.48641862359955
0.002438576791335039	132.70552805631033
0.002461894498203078	122.73466259480317
0.0024856021436516222	113.51296078538768
0.0025097531878236767	104.98413401602974
0.002534411652237384	97.09612293466398
0.0025596548785766083	89.80077968261277
0.002585577257130737	83.05357400348039
0.0026122953719976507	76.81332143363535
0.0026399552741212056	71.04193191517226
0.002668743053613096	65.70417729690824
0.002698900722763112	60.76747630425254
0.002730751038019216	56.20169566542384
0.0027647382105769566	51.97896618010255
0.002801498850628717	48.07351260781333
0.0028419957465139656	44.46149633769094
0.002887798807817251	41.12086987929428
0.0029417759165780966	38.03124228629291
0.0029494908799314033	37.65469741584517
0.0030549213238513094	37.6546954681773
0.0031641204108888376	37.6546954681773
0.003277222852332496	37.6546954681773
0.0033943681747665502	37.6546954681773
0.0035157008921952487	37.6546954681773
0.003641370684319636	37.6546954681773
0.0037715325811869594	37.6546954681773
0.0039063471544404215	37.6546954681773
0.004045980715405186	37.6546954681773
0.004190605520255052	37.6546954681773
0.004340399982512882	37.6546954681773
0.004495548893146881	37.6546954681773
0.004656243648534341	37.6546954681773
0.004822682486573954	37.6546954681773
0.004995070731238085	37.6546954681773
0.005173621045866625	37.6546954681773
0.0053585536955148795	37.6546954681773
0.005550096818679216	37.6546954681773
0.005748486708735569	37.6546954681773
0.005953968105438092	37.6546954681773
0.006166794496837512	37.6546954681773
0.0063872284319916135	37.6546954681773
0.0066155418448536904	37.6546954681773
0.006852016389738488	37.6546954681773
0.007096943788779437	37.6546954681773
0.007350626191805896	37.6546954681773
0.007613376549084304	37.6546954681773
0.007885518997383047	37.6546954681773
0.008167389259837387	37.6546954681773
0.008459335060107613	37.6546954681773
0.008761716551341489	37.6546954681773
0.009074906760469991	37.6546954681773
0.009399292048384607	37.6546954681773
0.009735272586563821	37.6546954681773
0.010083262850736662	37.6546954681773
0.010443692132192506	37.6546954681773
0.010817005067367777	37.6546954681773
0.011203662186362822	37.6546954681773
0.011604140481065795	37.654694614022866
0.011968737962576968	37.27814837963363
0.0241544368280365	25.376701740576113
0.039744478230170056	17.274918932990442
0.06205948325099723	11.759716735143224
0.09456577531405629	8.005301687796022
0.1421651141718992	5.449523705032443
0.2119965882841329	3.709705114172485
0.31452076676176677	2.5253421728230805
0.4650905734247299	1.7190997380020505
0.6862517209026814	1.1702588033426728
1.0111191258563812	0.7966411933682634
1.4883354817461705	0.5423049919884924
2.1893546618161466	0.36916833674164284
3.2191405861054028	0.25130740610162583
4.73188353392008	0.17107483517939348
6.954087126863316	0.11645736862932549
10.218482812434413	0.0792771110598751
15.01384988054947	0.05396704744380746
22.058200585586413	0.036737491703027605
32.40628841253805	0.02500865547694312
47.607536743796366	0.017024375366184664
69.93803464994936	0.011589161875414098
102.74133662838584	0.00788919828690616
150.92909437265126	0.005370487553734267
221.71648037019364	0.0036559020975153486
325.70251860171123	0.0024887163433278178
478.45708069534356	0.0016941670953815775
702.8521691127613	0.0011532861729174487
1032.4865513429747	0.0007850872563092744
1516.716516968997	0.0005344397726195093
2228.0460149008723	0.0003638141725804219
3272.982699016601	0.00024766261597938854
4807.985362322541	0.00016859368319466813
7062.890575410142	0.00011476835089034882
10375.326209275228	7.812733025638514e-05
15241.264593211903	5.318434643033251e-05
22389.28465259138	3.620467633975565e-05
32889.662326497906	2.4645947103693166e-05
48314.623417646704	1.677746551130027e-05
70973.75359871727	1.1421080626302653e-05
40	89
0.00201394926732707	799.9999999999985
0.002054582754362591	697.5578342599867
0.002096036063573107	608.3992936886891
0.0021383257357097942	530.9274061608763
0.002181468645250412	463.71827720031115
0.0022254820071325723	405.5052636192639
0.0022703833836228695	355.16423776419043
0.002316190691324589	311.6998436349359
0.0023629222083268227	274.23269468601666
0.0024105965814978153	241.98749718277296
0.002459232833925447	214.2820951424902
0.002508850372507867	190.51742351893589
0.002559468995697251	170.16833385811438
0.0026111089013997977	152.77523510428026
0.0026637906950351346	137.93648501421717
0.0027175353977583108	125.30148035417288
0.0027723644548476884	114.56442022454218
0.0028282997442620563	105.45874061248541
0.0028853635853704116	97.7522234726679
0.0029435787478578578	91.24276387405872
0.0030029684608111847	85.75474159167055
0.0030635564219877822	81.13590625986535
0.003125366807271543	77.25466516892496
0.0031884242803195432	73.99766843204823
0.003252754002403384	71.26761394678876
0.0033183816424490614	68.98123193369233
0.0033853333872794207	67.06744162108063
0.003453635952063241	65.46569113277826
0.0035233165909751753	64.12449355566673
0.0035944031080707307	63.00016179570701
0.003666923868380685	62.055729688673836
0.003740907809229326	61.260034014160965
0.003816384451781074	60.58692582903521
0.0038933839128200464	60.01458066604882
0.003971936916767283	59.52488372416792
0.004052074807940468	59.10287507980162
0.004133829563060959	58.736248217745405
0.004217233804013179	58.41490090590792
0.004302320810861451	58.130539992445726
0.004389124535129451	57.87634150995489
0.004477679613347569	57.64666553379504
0.004568021380873646	57.43682268009503
0.004660185885992521	57.24288684593765
0.00475420990430005	57.0615473222382
0.0048501309533773755	56.889992911268656
0.0070673015124427955	53.56796784477513
0.01029802105301837	47.546164339045006
0.015005619531259225	39.17692743267798
0.021865231810815827	30.454168169137795
0.031860621358869856	22.73474009887761
0.046425265561152056	16.515588272374796
0.06764793624539478	11.78014940157266
0.09857225850939076	8.299525169440518
0.14363320874114055	5.798713073024566
0.20929315169653573	4.028537492065611
0.3049686331662557	2.7879495884306085
0.44438084314458565	1.924315257366587
0.6475234246344231	1.3258169023248145
0.9435298391426611	0.912334494223606
1.3748515088163644	0.6272733581304558
2.0033459387062753	0.431029956776896
2.9191479402645655	0.29606370062284243
4.253596212471348	0.2033032272638493
6.198069131470873	0.13957962247161357
9.031431061993608	0.09581730289515618
13.16002537199619	0.06576995736861602
19.175949703075513	0.04514242595318986
27.941970978062336	0.0309830516773093
40.715258134707085	0.021264300979609317
59.327677574260676	0.014593838499264978
86.44850819096385	0.010015719006147429
125.9672529585996	0.006873702432257664
183.55144756094757	0.0047173334661385295
267.45946355432676	0.0032374311677016844
389.7248733002532	0.0022217910683982175
567.8822310134755	0.0015247723303015838
827.4817708450142	0.0010464203553355682
1205.7536645561133	0.0007181363962354901
1756.9473441159325	0.0004928416581253167
2560.1116220803146	0.0003382265418862505
3730.4313868374074	0.00023211746849994245
5435.746711931881	0.00015929710123227035
7920.6234486805315	0.00010932207260306406
11541.42735865103	7.502530971559428e-05
16817.431902687953	5.1488199734504e-05
24505.289251727692	3.533520349904106e-05
35707.54469443463	2.4249761541203824e-05
52030.75691159822	1.6642069762179043e-05
75815.90075600395	1.1421080626302661e-05
60	89
0.0020748502424900585	799.9999999999989
0.002115279777392045	711.3594949628714
0.0021564971027855664	633.4271920950797
0.002198517569177623	564.9684495913735
0.0022413568261878186	504.8794998579278
0.0022850308283767265	452.1754660290241
0.0023295558411878213	405.97923341058134
0.002374948447005194	365.5111184008184
0.0024212255513293016	330.079296960947
0.002468404389073067	299.070965196704
0.0025165025309806396	271.94420510065214
0.0025655378901712476	248.22052174355173
0.002615528728810555	227.47800998620258
0.002666493664912011	209.34510565460755
0.002718451679270729	193.4948820436341
0.002771422122532476	179.63986638631783
0.0028254247224004047	167.527366244694
0.0028804795909822137	156.93530436668414
0.0029366072322804674	147.6685566996382
0.0029938285498288734	139.5557720489505
0.003052164854477353	132.44662928146627
0.0031116378723288094	126.20946784175027
0.003172269752830549	120.7292172419871
0.0032340830770233625	115.90555431286059
0.003297100865951359	111.65123150781395
0.0033613465892356463	107.89054004210747
0.0034268441738150926	104.55789179300912
0.003493618012857403	101.59651877863658
0.0035616929748438246	98.95729642663147
0.0036310944128308846	96.59769715829542
0.0037018481738925876	94.4808762565279
0.0037739806087466	92.5748853871176
0.0038475185815680167	90.8520029750913
0.003922489479994336	89.28816646496131
0.003998921225325407	87.86248986530788
0.004076842282922105	86.55685063660883
0.004156281672807655	85.35553220820641
0.004237268980475505	84.2449113644366
0.004319834367907829	83.21318269972208
0.004404008584808676	82.25011482856655
0.00448982298005606	81.34683482988945
0.0045773095133771705	80.49563849860841
0.0046665007672510835	79.68982449723653
0.004757429959043407	78.92355063024942
0.0048501309533773755	78.19171038646189
0.007077252613369176	66.74743919735236
0.010327041689165635	55.63557863058716
0.015069094728695094	44.12109222115537
0.02198864135317856	33.50352780396867
0.032085560364685725	24.640780250936356
0.04681886285653001	17.72278023883876
0.06831752022605	12.553443939294093
0.09968810186909076	8.79942376405347
0.14546367639487137	6.124160290662602
0.21225884286670924	4.241525553305034
0.30972554449134543	2.9278623632490857
0.4519477804309939	2.0164592215208783
0.6594767524646633	1.3865988013184505
0.9623005264603632	0.9524636116875808
1.4041773265927397	0.6537750171738078
2.048958626022688	0.44852913789383236
2.989815724585056	0.30761246733726766
4.362703059713754	0.2109186912766177
6.366003707428245	0.14459597941045174
9.289195860524398	0.09911728777539489
13.55468260794386	0.06793752771917794
19.778829444524558	0.04656370692805027
28.8610294693528	0.03191316829639948
42.113666249417086	0.021871658768834717
61.451754063403015	0.01498946984572673
89.66965865911119	0.010272729604939468
130.8448848465018	0.007040152020009245
190.92727848534872	0.004824761883691964
278.59878292213244	0.00330649700165487
406.52798521741676	0.0022659967694374666
593.2007348758722	0.0015529221649059283
865.5913606269445	0.001064239996104405
1263.0604777466874	0.0007293384532012674
1843.0426215093048	0.0004998254954500574
2689.3455733488136	0.00034253703412839116
3924.260637536404	0.0002347451063522481
5726.233810904974	0.00016087386062510245
8355.651340665347	0.00011024892598676608
12192.465699497627	7.555500074181048e-05
17791.098954781086	5.177880652298871e-05
25960.55710305213	3.548467570261982e-05
37881.331940977034	2.4318099627743816e-05
55275.982866090904	1.666550269443616e-05
80658.04778388079	1.1421080626302643e-05
80	89
0.0021382298970867544	800.0000000000003
0.0021784042084117827	723.0455864343634
0.002219333338146487	654.7164671396016
0.002261031468259712	594.0635064367639
0.0023035130471794115	540.2354422676389
0.002346792794799036	492.46998865568406
0.002390885707577984	450.08559393787993
0.0024358070637378925	412.4738128170297
0.0024815724285565375	379.09225683798024
0.0025281976597612216	349.4580907438498
0.002575698913023482	323.1420423556986
0.0026240926475570446	299.7628933511712
0.002673395631820947	278.9824200167309
0.002723624949329825	260.50075805018065
0.002774798004573356	244.0521731043435
0.0028269325290469307	229.40122635146597
0.0028800465873956215	216.33932853660278
0.0029341585836735956	204.68167439431525
0.002989287267721139	194.26454182227945
0.0030454517416614734	184.94292915957269
0.0031026714665196627	176.58849304277044
0.003160966268965868	169.0877421876044
0.0032203563481853037	162.34044115120383
0.003280862282877264	156.25818270757415
0.003342505038385657	150.76309622211085
0.0034053059739635083	145.7866697796312
0.003469286850173957	141.26867334092944
0.003534469836430304	137.15617719568056
0.003600877518677725	133.40266380756316
0.0036685329072193153	129.96723209104826
0.003737459444689182	126.81389206989627
0.003807681014175318	123.91094577748986
0.003879221947495115	121.23044807602768
0.003952107033626351	118.74773940925748
0.0040263615272965875	116.44104164675446
0.004102011157733948	114.29110813784865
0.0041790821375823125	112.28091970532566
0.004257601171984012	110.3954193318991
0.0043375954678331755	108.6212794866993
0.004419092743202949	106.94669721379718
0.004502121236949806	105.36121313625699
0.004586709718498338	103.85555135832546
0.004672887497809881	102.42147786682821
0.004760684435538429	101.05167546516037
0.0048501309533773755	99.73963356004867
0.007086636199138241	79.54600572199786
0.010354444674110428	63.43330095994451
0.015129113657937083	48.89955745495477
0.022105490664031488	36.46329441106487
0.03229883313363996	26.498053168005267
0.04719255671135879	18.902644950477953
0.06895411359722475	13.310838134238583
0.10075041729694151	9.28970366981016
0.14720871686930642	6.443575889252129
0.21508999072865828	4.450613934075551
0.3142728575830723	3.0651920257546146
0.45919119099329764	2.106861145377065
0.6709346505690758	1.4461911467082804
0.9803178156804352	0.9917739219002994
1.4323645662440232	0.679710481702348
2.0928603130683463	0.4656359959792251
3.057925610029593	0.31888931721530783
4.4680043756792776	0.21834587886044973
6.528302400690495	0.14948221636061648
9.538650514052348	0.10232756767421121
13.937138331644647	0.07004343474889532
20.36386851465394	0.04794273687320461
29.75410956068045	0.03281443540454663
43.4744034568827	0.022459390428126703
63.52143565504158	0.01537180177805199
92.81260849684581	0.010520765258135412
135.61060462752752	0.007200571599533029
198.14372621655792	0.0049281579915606355
289.5122866446736	0.003372880133413174
423.01295992900054	0.0023084276022512285
618.073817666719	0.0015799049901094586
903.0816553450975	0.0010812976164505089
1319.513062856531	0.0007400468615553351
1927.9704252033396	0.0005064924685135536
2817.0012598525514	0.0003466463425045904
4115.984350316964	0.0002372466871492028
6013.957967821729	0.00016237292926506435
8787.130212470624	0.00011112890867388989
12839.0749958768	7.605721916924698e-05
18759.46330188742	5.2053964862495976e-05
27409.876761984586	3.562600891273638e-05
40049.19181411739	2.438262840460424e-05
58516.781337320775	1.668759922374313e-05
85500.19470986609	1.142108062630266e-05
