# Table format: T1D
# table_unit = barA
# axis1_unit = kJ/kg
# axis2_unit = null
# This file was automatically generated by generate_data_files.py
0.1	92
540.1340933523926	45.69125396442617
537.6087967322264	45.6285304666358
534.9507828542719	45.524131080787654
532.1569567597032	45.3782664774656
529.2247446226618	45.19123355678424
526.1520315976167	44.963417287344534
522.9371983376361	44.695292882510685
519.5791692190695	44.38742815335237
516.0774569338046	44.04048582368748
512.4321938350311	43.655225534933486
508.6441399156564	43.23250521359912
504.71465720426875	42.77328143424597
500.6456426595623	42.278608401928146
496.43941710901373	41.74963521843581
492.09857593106256	41.18760119980729
487.6258160719771	40.593829179826265
483.0237606838911	39.96971694739391
478.2948044982495	39.31672718702082
473.44099903430913	38.636376472427855
468.46398821852546	37.930223960862925
463.3649949464619	37.19986042945843
458.14485068764367	36.44689819351897
452.8040553531431	35.67296228243338
447.3428535963509	34.8796830641055
441.76131553832363	34.06869034069905
436.059413180233	33.24160881038747
430.23708725049806	32.400054709481616
424.2943021699458	31.545633412730457
418.23108890860664	30.67993776636186
412.0475767723775	29.804546946666456
405.74401577003255	28.921025666290642
399.32079137897074	28.03092358322576
392.7784334336808	27.135774799016815
386.1176201619165	26.23709735687973
379.3391799459648	25.336392684915765
372.4440910055387	24.435144938396103
365.43347871015914	23.53482019927768
358.3086124479817	22.6368655214688
351.07090200311524	21.742707806094078
343.7218937169874	20.853752498512645
336.2632666193074	19.971382102523314
328.6968286474089	19.09695450975813
321.02451302403887	18.23180114403056
313.24837482840843	17.37722492171589
305.3705877707416	16.534498030244528
297.393441162965	15.704859527667905
289.31933706649176	14.889512767113526
281.15078759004274	14.089622650901552
272.8904123052848	13.306312720176727
264.54093574476644	12.540662087193297
256.1051849447584	11.793702218951626
247.58608699434626	11.066413582701504
238.98666655170814	10.359722165992702
230.3102640456374	9.674590067303738
221.55942921925856	9.011540909609272
212.73812588643835	8.371597895597343
203.8495213431347	7.755338201005858
194.89708691035202	7.163360064317689
185.8843736563887	6.596184809757129
176.8150085589352	6.054253108751773
167.69269030447737	5.537921344102001
158.5211846781428	5.047458128086123
149.30431949396805	4.583041032189441
140.04597901205108	4.144753593014852
130.75009778458988	3.7325826659171395
121.42065386739446	3.3464162049597337
112.06165498429414	2.9860415155126563
102.67713367925279	2.651144182225121
93.27114505781073	2.341307708287663
83.84775121642687	2.056013879015713
74.4110096357889	1.7946440679207332
64.96496024975704	1.5564815534745453
55.5136110120468	1.340714947339379
46.06092175328571	1.1464428275334644
36.60981971338233	0.9727385243720836
27.16701108366524	0.8183630564993912
17.73329438990052	0.6823624532907139
8.313198419118258	0.563489139943088
-1.0898788042390346	0.4605076805668765
-10.47273661336114	0.3721485980413662
-19.832408981461583	0.2971221959387144
-29.166206631397635	0.23413331111310326
-38.47176446088704	0.1818967222940505
-47.74709468109521	0.13915286810814695
-56.99064587612104	0.10468345817843665
-66.2013678579845	0.07732649901657775
-75.37878166077033	0.0559902098354891
-84.52305323257505	0.03966528033816096
-93.6350683063797	0.02743493177571365
-102.71650454890612	0.01848229244886718
-111.76989549562595	0.012094695215040611
-183.7854968405783	8.854271195252197e-05
0.2	92
540.7169241719249	45.69125396442617
538.7756373864507	45.6285304666358
536.7033524849599	45.524131080787654
534.4978683141929	45.3782664774656
532.1574147027096	45.19123355678424
529.680597378047	44.963417287344534
527.0664141986391	44.695292882510685
524.3142772369999	44.38742815335237
521.4240291810705	44.04048582368748
518.3959470735865	43.655225534933486
515.2307264428297	43.23250521359912
511.9294393780484	42.77328143424597
508.49346250267007	42.278608401928146
504.92437553956586	41.74963521843581
501.22383764688783	41.18760119980729
497.39345519044224	40.593829179826265
493.434658723918	39.96971694739391
489.3486067257984	39.31672718702082
485.1361287242037	38.636376472427855
480.79771238688704	37.930223960862925
476.3335307149556	37.19986042945843
471.7434992304339	36.44689819351897
467.0273503067649	35.67296228243338
462.1847123818681	34.8796830641055
457.21518455942186	34.06869034069905
452.11840066307457	33.24160881038747
446.89408009753964	32.400054709481616
441.54206533668315	31.545633412730457
436.06234738507095	30.67993776636186
430.455081287327	29.804546946666456
424.7205939261604	28.921025666290642
418.85938618362667	28.03092358322576
412.8721312170388	27.135774799016815
406.75966981796944	26.23709735687973
400.52300504126356	25.336392684915765
394.16329625780645	24.435144938396103
387.6818521922727	23.53482019927768
381.0801244748713	22.6368655214688
374.3597015411475	21.742707806094078
367.52230299282564	20.853752498512645
360.5697744683193	19.971382102523314
353.5040830285209	19.09695450975813
346.3273130358046	18.23180114403056
339.04166248699687	17.37722492171589
331.6494397516666	16.534498030244528
324.15306066207677	15.704859527667905
316.55504589970764	14.889512767113526
308.85801862360455	14.089622650901552
301.0647022873546	13.306312720176727
293.1779185936043	12.540662087193297
285.2005855375069	11.793702218951626
277.1357154927223	11.066413582701504
268.9864132960225	10.359722165992702
260.7560609281388	9.674590067303738
252.44738227239742	9.011540909609272
244.0643073471416	8.371597895597343
235.61010358274677	7.755338201005858
227.08830649784798	7.163360064317689
218.50253030331763	6.596184809757129
209.85646487591552	6.054253108751773
201.15387242483644	5.537921344102001
192.39858381358943	5.047458128086123
183.59449449792882	4.583041032189441
174.74556003862696	4.144753593014852
165.8557911450321	3.7325826659171395
156.92924820166155	3.3464162049597337
147.97002734880354	2.9860415155126563
138.98225775334532	2.651144182225121
129.97010275439015	2.341307708287663
120.93774495373441	2.056013879015713
111.88937656425179	1.7946440679207332
102.82918859810702	1.5564815534745453
93.7613587153277	1.340714947339379
84.69003751559518	1.1464428275334644
75.61800256252522	0.9727385243720836
66.55329296618218	0.8183630564993912
57.495884727477545	0.6823624532907139
48.450972104184935	0.563489139943088
39.422288784290544	0.4605076805668765
30.413407707511993	0.3721485980413662
21.42770575520595	0.2971221959387144
12.468323088055822	0.23413331111310326
3.538116474534185	0.1818967222940505
-5.360393956535615	0.13915286810814695
-14.225084899184134	0.10468345817843665
-23.05429697896181	0.07732649901657775
-31.846908179108343	0.0559902098354891
-40.60241208756773	0.03966528033816096
-49.32099824086546	0.02743493177571365
-58.003630231418704	0.01848229244886718
-66.65211531242547	0.012094695215040611
-135.11219660205356	8.854271195252197e-05
0.3	92
541.2997549914571	45.69125396442617
539.9424780406753	45.6285304666358
538.4559221156478	45.524131080787654
536.8387798686828	45.3782664774656
535.0900847827575	45.19123355678424
533.2091631584772	44.963417287344534
531.1956300596421	44.695292882510685
529.0493852549304	44.38742815335237
526.7706014283365	44.04048582368748
524.3597003121417	43.655225534933486
521.817312970003	43.23250521359912
519.1442215518281	42.77328143424597
516.3412823457778	42.278608401928146
513.4093339701179	41.74963521843581
510.349099362713	41.18760119980729
507.1610943089073	40.593829179826265
503.84555676394484	39.96971694739391
500.4024089533473	39.31672718702082
496.8312584140983	38.636376472427855
493.1314365552487	37.930223960862925
489.3020664834494	37.19986042945843
485.3421477732241	36.44689819351897
481.25064526038676	35.67296228243338
477.02657116738527	34.8796830641055
472.6690535805201	34.06869034069905
468.1773881459162	33.24160881038747
463.5510729445813	32.400054709481616
458.7898285034205	31.545633412730457
453.8936058615352	30.67993776636186
448.86258580227656	29.804546946666456
443.6971720822882	28.921025666290642
438.3979809882826	28.03092358322576
432.9658290003969	27.135774799016815
427.4017194740224	26.23709735687973
421.70683013656225	25.336392684915765
415.8825015100742	24.435144938396103
409.9302256743862	23.53482019927768
403.8516365017608	22.6368655214688
397.6485010791797	21.742707806094078
391.3227122686638	20.853752498512645
384.8762823173312	19.971382102523314
378.3113374096328	19.09695450975813
371.6301130475703	18.23180114403056
364.8349501455852	17.37722492171589
357.92829173259156	16.534498030244528
350.9126801611886	15.704859527667905
343.79075473292346	14.889512767113526
336.5652496571663	14.089622650901552
329.2389922694244	13.306312720176727
321.81490144244214	12.540662087193297
314.29598613025547	11.793702218951626
306.6853439910983	11.066413582701504
298.98616004033676	10.359722165992702
291.20185781064026	9.674590067303738
283.33533532553633	9.011540909609272
275.39048880784486	8.371597895597343
267.37068582235884	7.755338201005858
259.27952608534395	7.163360064317689
251.12068695024652	6.596184809757129
242.89792119289584	6.054253108751773
234.6150545451955	5.537921344102001
226.275982949036	5.047458128086123
217.88466950188956	4.583041032189441
209.44514106520288	4.144753593014852
200.96148450547426	3.7325826659171395
192.43784253592855	3.3464162049597337
183.87839971331286	2.9860415155126563
175.28738182743788	2.651144182225121
166.66906045096954	2.341307708287663
158.02773869104198	2.056013879015713
149.36774349271462	1.7946440679207332
140.693416946457	1.5564815534745453
132.00910641860864	1.340714947339379
123.31915327790463	1.1464428275334644
114.62618541166809	0.9727385243720836
105.9395748486991	0.8183630564993912
97.25847506505457	0.6823624532907139
88.5887457892516	0.563489139943088
79.93445637282012	0.4605076805668765
71.29955202838511	0.3721485980413662
62.6878204918735	0.2971221959387144
54.10285280750928	0.23413331111310326
45.547997409955364	0.1818967222940505
37.026306768023964	0.13915286810814695
28.54047607775278	0.10468345817843665
20.092773900060834	0.07732649901657775
11.684965302553623	0.0559902098354891
3.318229057439612	0.03966528033816096
-5.006928175351242	0.02743493177571365
-13.290755913931289	0.01848229244886718
-21.534335129225052	0.012094695215040611
-86.43889636352884	8.854271195252197e-05
0.4	92
541.8825858109893	45.69125396442617
541.1093186948997	45.6285304666358
540.2084917463358	45.524131080787654
539.1796914231724	45.3782664774656
538.0227548628054	45.19123355678424
536.7377289389074	44.963417287344534
535.3248459206453	44.695292882510685
533.7844932728609	44.38742815335237
532.1171736756024	44.04048582368748
530.3234535506973	43.655225534933486
528.4038994971763	43.23250521359912
526.3590037256076	42.77328143424597
524.1891021888856	42.278608401928146
521.8942924006702	41.74963521843581
519.4743610785382	41.18760119980729
516.9287334273724	40.593829179826265
514.2564548039717	39.96971694739391
511.45621118089616	39.31672718702082
508.5263881039929	38.636376472427855
505.4651607236102	37.930223960862925
502.27060225194316	37.19986042945843
498.94079631601437	36.44689819351897
495.47394021400856	35.67296228243338
491.8684299529025	34.8796830641055
488.12292260161826	34.06869034069905
484.2363756287578	33.24160881038747
480.2080657916229	32.400054709481616
476.0375916701579	31.545633412730457
471.72486433799963	30.67993776636186
467.270090317226	29.804546946666456
462.673750238416	28.921025666290642
457.9365757929386	28.03092358322576
453.05952678375513	27.135774799016815
448.04376913007536	26.23709735687973
442.890655231861	25.336392684915765
437.6017067623419	24.435144938396103
432.1785991564996	23.53482019927768
426.6231485286504	22.6368655214688
420.9373006172119	21.742707806094078
415.12312154450206	20.853752498512645
409.1827901663431	19.971382102523314
403.1185917907448	19.09695450975813
396.9329130593361	18.23180114403056
390.6282378041737	17.37722492171589
384.2071437135166	16.534498030244528
377.6722996603003	15.704859527667905
371.02646356613934	14.889512767113526
364.2724806907282	14.089622650901552
357.4132822514942	13.306312720176727
350.45188429127995	12.540662087193297
343.3913867230039	11.793702218951626
336.2349724894742	11.066413582701504
328.98590678465115	10.359722165992702
321.6476546931417	9.674590067303738
314.22328837867525	9.011540909609272
306.71667026854806	8.371597895597343
299.1312680619709	7.755338201005858
291.47074567284	7.163360064317689
283.73884359717545	6.596184809757129
275.9393775098762	6.054253108751773
268.0762366655546	5.537921344102001
260.1533820844826	5.047458128086123
252.1748445058504	4.583041032189441
244.14472209177885	4.144753593014852
236.06717786591642	3.7325826659171395
227.94643687019564	3.3464162049597337
219.7867720778223	2.9860415155126563
211.59250590153042	2.651144182225121
203.3680181475489	2.341307708287663
195.1177324283495	2.056013879015713
186.8461104211775	1.7946440679207332
178.55764529480697	1.5564815534745453
170.25685412188957	1.340714947339379
161.94826904021411	1.1464428275334644
153.6343682608109	0.9727385243720836
145.32585673121608	0.8183630564993912
137.02106540263162	0.6823624532907139
128.72651947431828	0.563489139943088
120.4466239613497	0.4605076805668765
112.18569634925828	0.3721485980413662
103.94793522854107	0.2971221959387144
95.7373825269628	0.23413331111310326
87.55787834537666	0.1818967222940505
79.41300749258356	0.13915286810814695
71.30603705468968	0.10468345817843665
63.23984477908353	0.07732649901657775
55.21683878421561	0.0559902098354891
47.23887020244697	0.03966528033816096
39.30714189016301	0.02743493177571365
31.422118403556087	0.01848229244886718
23.583445053975456	0.012094695215040611
-37.76559612500412	8.854271195252197e-05
0.5	92
542.4654166305216	45.69125396442617
542.2761593491241	45.6285304666358
541.9610613770237	45.524131080787654
541.5206029776621	45.3782664774656
540.9554249428531	45.19123355678424
540.2662947193377	44.963417287344534
539.4540617816483	44.695292882510685
538.5196012907913	44.38742815335237
537.4637459228684	44.04048582368748
536.2872067892527	43.655225534933486
534.9904860243496	43.23250521359912
533.5737858993873	42.77328143424597
532.0369220319933	42.278608401928146
530.3792508312223	41.74963521843581
528.5996227943633	41.18760119980729
526.6963725458374	40.593829179826265
524.6673528439986	39.96971694739391
522.510013408445	39.31672718702082
520.2215177938874	38.636376472427855
517.7988848919719	37.930223960862925
515.2391380204368	37.19986042945843
512.5394448588046	36.44689819351897
509.69723516763037	35.67296228243338
506.71028873841965	34.8796830641055
503.57679162271654	34.06869034069905
500.29536311159944	33.24160881038747
496.8650586386645	32.400054709481616
493.2853548368953	31.545633412730457
489.5561228144638	30.67993776636186
485.6775948321755	29.804546946666456
481.65032839454386	28.921025666290642
477.4751705975945	28.03092358322576
473.15322456711317	27.135774799016815
468.6858187861283	26.23709735687973
464.0744803271597	25.336392684915765
459.3209120146097	24.435144938396103
454.42697263861317	23.53482019927768
449.39466055554	22.6368655214688
444.2261001552441	21.742707806094078
438.9235308203402	20.853752498512645
433.48929801535496	19.971382102523314
427.9258461718568	19.09695450975813
422.2357130711019	18.23180114403056
416.421525462762	17.37722492171589
410.48599569444167	16.534498030244528
404.43191915941213	15.704859527667905
398.2621723993552	14.889512767113526
391.97971172429	14.089622650901552
385.587572233564	13.306312720176727
379.0888671401178	12.540662087193297
372.48678731575245	11.793702218951626
365.7846009878502	11.066413582701504
358.9856535289655	10.359722165992702
352.09345157564314	9.674590067303738
345.11124143181405	9.011540909609272
338.04285172925137	8.371597895597343
330.89185030158296	7.755338201005858
323.6619652603359	7.163360064317689
316.3570002441043	6.596184809757129
308.9808338268564	6.054253108751773
301.5374187859136	5.537921344102001
294.0307812199292	5.047458128086123
286.46501950981104	4.583041032189441
278.84430311835473	4.144753593014852
271.1728712263586	3.7325826659171395
263.45503120446267	3.3464162049597337
255.69514444233167	2.9860415155126563
247.89762997562295	2.651144182225121
240.06697584412828	2.341307708287663
232.2077261656571	2.056013879015713
224.32447734964043	1.7946440679207332
216.42187364315694	1.5564815534745453
208.50460182517043	1.340714947339379
200.57738480252362	1.1464428275334644
192.6425511099538	0.9727385243720836
184.71213861373298	0.8183630564993912
176.78365574020862	0.6823624532907139
168.8642931593849	0.563489139943088
160.95879154987927	0.4605076805668765
153.0718406701314	0.3721485980413662
145.20804996520863	0.2971221959387144
137.3719122464162	0.23413331111310326
129.56775928079784	0.1818967222940505
121.7997082171431	0.13915286810814695
114.0715980316266	0.10468345817843665
106.3869156581062	0.07732649901657775
98.7487122658776	0.0559902098354891
91.15951134745431	0.03966528033816096
83.62121195567717	0.02743493177571365
76.13499272104355	0.01848229244886718
68.70122523717593	0.012094695215040611
10.907704113520623	8.854271195252197e-05
0.6	92
543.0482474500539	45.69125396442617
543.4430000033485	45.6285304666358
543.7136310077117	45.524131080787654
543.8615145321519	45.3782664774656
543.8880950229011	45.19123355678424
543.7948604997681	44.963417287344534
543.5832776426513	44.695292882510685
543.2547093087217	44.38742815335237
542.8103181701342	44.04048582368748
542.2509600278081	43.655225534933486
541.5770725515229	43.23250521359912
540.788568073167	42.77328143424597
539.884741875101	42.278608401928146
538.8642092617745	41.74963521843581
537.7248845101885	41.18760119980729
536.4640116643027	40.593829179826265
535.0782508840254	39.96971694739391
533.5638156359939	39.31672718702082
531.9166474837821	38.636376472427855
530.1326090603334	37.930223960862925
528.2076737889306	37.19986042945843
526.1380934015949	36.44689819351897
523.9205301212522	35.67296228243338
521.5521475239368	34.8796830641055
519.0306606438147	34.06869034069905
516.354350594441	33.24160881038747
513.522051485706	32.400054709481616
510.53311800363275	31.545633412730457
507.3873812909281	30.67993776636186
504.08509934712504	29.804546946666456
500.62690655067166	28.921025666290642
497.01376540225044	28.03092358322576
493.24692235047127	27.135774799016815
489.3278684421813	26.23709735687973
485.25830542245836	25.336392684915765
481.04011726687736	24.435144938396103
476.67534612072666	23.53482019927768
472.16617258242957	22.6368655214688
467.5148996932763	21.742707806094078
462.7239400961784	20.853752498512645
457.79580586436686	19.971382102523314
452.7331005529688	19.09695450975813
447.53851308286755	18.23180114403056
442.21481312135046	17.37722492171589
436.7648476753667	16.534498030244528
431.19153865852394	15.704859527667905
425.4978812325711	14.889512767113526
419.68694275785174	14.089622650901552
413.76186221563376	13.306312720176727
407.72584998895564	12.540662087193297
401.582187908501	11.793702218951626
395.3342294862262	11.066413582701504
388.98540027327977	10.359722165992702
382.53924845814447	9.674590067303738
375.99919448495297	9.011540909609272
369.3690331899546	8.371597895597343
362.652432541195	7.755338201005858
355.8531848478319	7.163360064317689
348.9751568910332	6.596184809757129
342.02229014383676	6.054253108751773
334.99860090627266	5.537921344102001
327.9081803553758	5.047458128086123
320.75519451377187	4.583041032189441
313.5438841449307	4.144753593014852
306.2785645868007	3.7325826659171395
298.96362553872973	3.3464162049597337
291.603516806841	2.9860415155126563
284.20275404971545	2.651144182225121
276.76593354070764	2.341307708287663
269.2977199029646	2.056013879015713
261.80284427810324	1.7946440679207332
254.28610199150694	1.5564815534745453
246.7523495284513	1.340714947339379
239.20650056483302	1.1464428275334644
231.6507339590967	0.9727385243720836
224.09842049624993	0.8183630564993912
216.5462460777857	0.6823624532907139
209.00206684445155	0.563489139943088
201.47095913840883	0.4605076805668765
193.95798499100457	0.3721485980413662
186.4681647018762	0.2971221959387144
179.00644196586973	0.23413331111310326
171.57764021621904	0.1818967222940505
164.18640894170267	0.13915286810814695
156.83715900856356	0.10468345817843665
149.53398653712887	0.07732649901657775
142.28058574753956	0.0559902098354891
135.0801524924617	0.03966528033816096
127.93528202119144	0.02743493177571365
120.84786703853096	0.01848229244886718
113.81900542037631	0.012094695215040611
59.58100435204528	8.854271195252197e-05
0.7	92
543.631078269586	45.69125396442617
544.6098406575729	45.6285304666358
545.4662006383995	45.524131080787654
546.2024260866415	45.3782664774656
546.8207651029488	45.19123355678424
547.3234262801983	44.963417287344534
547.7124935036546	44.695292882510685
547.9898173266521	44.38742815335237
548.1568904174002	44.04048582368748
548.2147132663634	43.655225534933486
548.1636590786961	43.23250521359912
548.0033502469465	42.77328143424597
547.7325617182087	42.278608401928146
547.3491676923264	41.74963521843581
546.8501462260136	41.18760119980729
546.2316507827677	40.593829179826265
545.4891489240523	39.96971694739391
544.6176178635428	39.31672718702082
543.6117771736765	38.636376472427855
542.466333228695	37.930223960862925
541.1762095574244	37.19986042945843
539.7367419443851	36.44689819351897
538.143825074874	35.67296228243338
536.3940063094541	34.8796830641055
534.4845296649129	34.06869034069905
532.4133380772827	33.24160881038747
530.1790443327478	32.400054709481616
527.78088117037	31.545633412730457
525.2186397673926	30.67993776636186
522.4926038620746	29.804546946666456
519.6034847067996	28.921025666290642
516.5523602069064	28.03092358322576
513.3406201338295	27.135774799016815
509.96991809823425	26.23709735687973
506.4421305177572	25.336392684915765
502.7593225191451	24.435144938396103
498.92371960284015	23.53482019927768
494.9376846093191	22.6368655214688
490.8036992313085	21.742707806094078
486.5243493720167	20.853752498512645
482.1023137133788	19.971382102523314
477.5403549340807	19.09695450975813
472.8413130946333	18.23180114403056
468.00810077993884	17.37722492171589
463.0436996562916	16.534498030244528
457.95115815763563	15.704859527667905
452.733590065787	14.889512767113526
447.39417379141355	14.089622650901552
441.93615219770356	13.306312720176727
436.3628328377935	12.540662087193297
430.6775885012495	11.793702218951626
424.88385798460223	11.066413582701504
418.9851470175941	10.359722165992702
412.98504534064597	9.674590067303738
406.88714753809177	9.011540909609272
400.69521465065776	8.371597895597343
394.41301478080703	7.755338201005858
388.0444044353279	7.163360064317689
381.59331353796216	6.596184809757129
375.0637464608171	6.054253108751773
368.45978302663167	5.537921344102001
361.78557949082233	5.047458128086123
355.04536951773264	4.583041032189441
348.24346517150656	4.144753593014852
341.38425794724293	3.7325826659171395
334.47221987299673	3.3464162049597337
327.51188917135033	2.9860415155126563
320.5078781238081	2.651144182225121
313.4648912372871	2.341307708287663
306.3877136402721	2.056013879015713
299.2812112065661	1.7946440679207332
292.1503303398569	1.5564815534745453
285.00009723173224	1.340714947339379
277.83561632714253	1.1464428275334644
270.65891680823955	0.9727385243720836
263.4847023787668	0.8183630564993912
256.30883641536263	0.6823624532907139
249.13984052951832	0.563489139943088
241.98312672693837	0.4605076805668765
234.8441293118776	0.3721485980413662
227.72827943854364	0.2971221959387144
220.64097168532314	0.23413331111310326
213.58752115164023	0.1818967222940505
206.57310966626235	0.13915286810814695
199.6027199855004	0.10468345817843665
192.68105741615153	0.07732649901657775
185.81245922920152	0.0559902098354891
179.000793637469	0.03966528033816096
172.24935208670564	0.02743493177571365
165.56074135601835	0.01848229244886718
158.93678560357682	0.012094695215040611
108.25430459057006	8.854271195252197e-05
0.8	92
544.2139090891184	45.69125396442617
545.7766813117975	45.6285304666358
547.2187702690875	45.524131080787654
548.5433376411314	45.3782664774656
549.7534351829967	45.19123355678424
550.8519920606286	44.963417287344534
551.8417093646576	44.695292882510685
552.7249253445825	44.38742815335237
553.5034626646661	44.04048582368748
554.178466504919	43.655225534933486
554.7502456058696	43.23250521359912
555.2181324207262	42.77328143424597
555.5803815613165	42.278608401928146
555.8341261228786	41.74963521843581
555.9754079418389	41.18760119980729
555.9992899012328	40.593829179826265
555.9000469640791	39.96971694739391
555.6714200910918	39.31672718702082
555.3069068635713	38.636376472427855
554.8000573970565	37.930223960862925
554.1447453259182	37.19986042945843
553.3353904871753	36.44689819351897
552.3671200284958	35.67296228243338
551.2358650949712	34.8796830641055
549.9383986860112	34.06869034069905
548.4723255601243	33.24160881038747
546.8360371797894	32.400054709481616
545.0286443371074	31.545633412730457
543.0498982438569	30.67993776636186
540.900108377024	29.804546946666456
538.5800628629274	28.921025666290642
536.0909550115624	28.03092358322576
533.4343179171875	27.135774799016815
530.6119677542873	26.23709735687973
527.625955613056	25.336392684915765
524.4785277714128	24.435144938396103
521.1720930849536	23.53482019927768
517.7091966362087	22.6368655214688
514.0924987693408	21.742707806094078
510.3247586478548	20.853752498512645
506.4088215623907	19.971382102523314
502.34760931519276	19.09695450975813
498.1441131063991	18.23180114403056
493.8013884385273	17.37722492171589
489.3225516372167	16.534498030244528
484.71077765674744	15.704859527667905
479.9692988990028	14.889512767113526
475.10140482497536	14.089622650901552
470.1104421797734	13.306312720176727
464.9998156866313	12.540662087193297
459.77298909399804	11.793702218951626
454.43348648297814	11.066413582701504
448.98489376190844	10.359722165992702
443.43084222314747	9.674590067303738
437.7751005912307	9.011540909609272
432.0213961113612	8.371597895597343
426.1735970204192	7.755338201005858
420.23562402282386	7.163360064317689
414.211470184891	6.596184809757129
408.1052027777974	6.054253108751773
401.92096514699085	5.537921344102001
395.66297862626897	5.047458128086123
389.3355445216934	4.583041032189441
382.94304619808264	4.144753593014852
376.4899513076851	3.7325826659171395
369.98081420726385	3.3464162049597337
363.4202615358598	2.9860415155126563
356.8130021979006	2.651144182225121
350.1638489338664	2.341307708287663
343.4777073775798	2.056013879015713
336.7595781350291	1.7946440679207332
330.0145586882069	1.5564815534745453
323.24784493501323	1.340714947339379
316.46473208945196	1.1464428275334644
309.66709965738244	0.9727385243720836
302.8709842612838	0.8183630564993912
296.0714267529397	0.6823624532907139
289.277614214585	0.563489139943088
282.49529431546796	0.4605076805668765
275.7302736327508	0.3721485980413662
268.9883941752112	0.2971221959387144
262.27550140477666	0.23413331111310326
255.5974020870615	0.1818967222940505
248.95981039082196	0.13915286810814695
242.36828096243732	0.10468345817843665
235.82812829517434	0.07732649901657775
229.34433271086357	0.0559902098354891
222.9214347824765	0.03966528033816096
216.56342215221994	0.02743493177571365
210.27361567350582	0.01848229244886718
204.05456578677723	0.012094695215040611
156.92760482909483	8.854271195252197e-05
0.9	92
544.7967399086505	45.69125396442617
546.943521966022	45.6285304666358
548.9713398997753	45.524131080787654
550.884249195621	45.3782664774656
552.6861052630447	45.19123355678424
554.3805578410588	44.963417287344534
555.9709252256607	44.695292882510685
557.460033362513	44.38742815335237
558.8500349119322	44.04048582368748
560.1422197434744	43.655225534933486
561.3368321330429	43.23250521359912
562.4329145945059	42.77328143424597
563.4282014044243	42.278608401928146
564.3190845534308	41.74963521843581
565.1006696576641	41.18760119980729
565.766929019698	40.593829179826265
566.3109450041061	39.96971694739391
566.7252223186406	39.31672718702082
567.0020365534658	38.636376472427855
567.133781565418	37.930223960862925
567.1132810944118	37.19986042945843
566.9340390299657	36.44689819351897
566.5904149821177	35.67296228243338
566.0777238804885	34.8796830641055
565.3922677071093	34.06869034069905
564.531313042966	33.24160881038747
563.493030026831	32.400054709481616
562.2764075038449	31.545633412730457
560.8811567203211	30.67993776636186
559.3076128919735	29.804546946666456
557.5566410190553	28.921025666290642
555.6295498162183	28.03092358322576
553.5280157005457	27.135774799016815
551.2540174103401	26.23709735687973
548.8097807083547	25.336392684915765
546.1977330236806	24.435144938396103
543.420466567067	23.53482019927768
540.4807086630983	22.6368655214688
537.381298307373	21.742707806094078
534.1251679236931	20.853752498512645
530.7153294114025	19.971382102523314
527.1548636963047	19.09695450975813
523.4469131181648	18.23180114403056
519.5946760971158	17.37722492171589
515.6014036181417	16.534498030244528
511.4703971558593	15.704859527667905
507.2050077322186	14.889512767113526
502.8086358585371	14.089622650901552
498.2847321618431	13.306312720176727
493.63679853546915	12.540662087193297
488.8683896867465	11.793702218951626
483.9831149813542	11.066413582701504
478.98464050622283	10.359722165992702
473.8766391056488	9.674590067303738
468.6630536443695	9.011540909609272
463.3475775720644	8.371597895597343
457.9341792600312	7.755338201005858
452.42684361031985	7.163360064317689
446.82962683181995	6.596184809757129
441.1466590947776	6.054253108751773
435.3821472673499	5.537921344102001
429.54037776171566	5.047458128086123
423.62571952565423	4.583041032189441
417.64262722465855	4.144753593014852
411.59564466812725	3.7325826659171395
405.48940854153096	3.3464162049597337
399.32863390036914	2.9860415155126563
393.11812627199316	2.651144182225121
386.86280663044585	2.341307708287663
380.56770111488726	2.056013879015713
374.2379450634919	1.7946440679207332
367.8787870365568	1.5564815534745453
361.4955926382941	1.340714947339379
355.09384785176155	1.1464428275334644
348.6752825065254	0.9727385243720836
342.2572661438008	0.8183630564993912
335.83401709051674	0.6823624532907139
329.4153878996516	0.563489139943088
323.0074619039976	0.4605076805668765
316.61641795362397	0.3721485980413662
310.2485089118788	0.2971221959387144
303.9100311242301	0.23413331111310326
297.60728302248265	0.1818967222940505
291.3465111153814	0.13915286810814695
285.1338419393743	0.10468345817843665
278.97519917419686	0.07732649901657775
272.87620619252556	0.0559902098354891
266.8420759274838	0.03966528033816096
260.87749221773413	0.02743493177571365
254.9864899909932	0.01848229244886718
249.17234596997767	0.012094695215040611
205.60090506761955	8.854271195252197e-05
