# Table format: T1D
# table_unit = barA
# axis1_unit = m**3/kg
# axis2_unit = null
# This file was automatically generated by generate_data_files.py
0.1	92
0.003660926827373655	45.69125396442617
0.00359302992068352	45.6285304666358
0.0035287644551454896	45.524131080787654
0.0034679262686752375	45.3782664774656
0.0034103510724469263	45.19123355678424
0.0033559097449433256	44.963417287344534
0.0033045066999094746	44.695292882510685
0.003256078462967972	44.38742815335237
0.0032105918954855135	44.04048582368748
0.003168041741212867	43.655225534933486
0.0031284472404838667	43.23250521359912
0.003091847660405839	42.77328143424597
0.003058296767756639	42.278608401928146
0.0030278565146998897	41.74963521843581
0.0030005904650252345	41.18760119980729
0.002976557678906126	40.593829179826265
0.002955807815979723	39.96971694739391
0.0029383780707983318	39.31672718702082
0.002924292252450638	38.636376472427855
0.0029135619541922598	37.930223960862925
0.0029061894414066976	37.19986042945843
0.002902171698354304	36.44689819351897
0.0029015050387009235	35.67296228243338
0.002904189771561329	34.8796830641055
0.0029102345674018146	34.06869034069905
0.0029196603321357166	33.24160881038747
0.002932503536710625	32.400054709481616
0.002948819047969498	31.545633412730457
0.002968682564789934	30.67993776636186
0.0029921927899123745	29.804546946666456
0.003019473473173014	28.921025666290642
0.003050675455608816	28.03092358322576
0.003085978833172225	27.135774799016815
0.0031255953557136743	26.23709735687973
0.003169771140623896	25.336392684915765
0.003218789808015925	24.435144938396103
0.0032729761524186696	23.53482019927768
0.003332700431766026	22.6368655214688
0.003398383393301236	21.742707806094078
0.003470502164961607	20.853752498512645
0.0035495971618850135	19.971382102523314
0.0036362801849382674	19.09695450975813
0.0037312439225887753	18.23180114403056
0.0038352731104015375	17.37722492171589
0.00394925765578953	16.534498030244528
0.004074208101816119	15.704859527667905
0.004211273886020688	14.889512767113526
0.004361764952542803	14.089622650901552
0.004527177403614757	13.306312720176727
0.004709224036748266	12.540662087193297
0.004909870815745268	11.793702218951626
0.005131380578930628	11.066413582701504
0.005376365612393369	10.359722165992702
0.00564780021243041	9.674590067303738
0.005949352235709408	9.011540909609272
0.0062849676221396105	8.371597895597343
0.006659494163880591	7.755338201005858
0.007078567705864239	7.163360064317689
0.0075488368845174954	6.596184809757129
0.008078178821664925	6.054253108751773
0.008675968202786025	5.537921344102001
0.009353414820270925	5.047458128086123
0.010123989467421875	4.583041032189441
0.011003964583998556	4.144753593014852
0.012013104953552064	3.7325826659171395
0.013175556004096842	3.3464162049597337
0.01452099445629774	2.9860415155126563
0.016086129287757957	2.651144182225121
0.017916675028904865	2.341307708287663
0.02006996778652059	2.056013879015713
0.022618462389528676	1.7946440679207332
0.025654449956563664	1.5564815534745453
0.029296482529036633	1.340714947339379
0.03369821069400432	1.1464428275334644
0.03905869633113226	0.9727385243720836
0.04564955566458189	0.8183630564993912
0.0538197988256399	0.6823624532907139
0.06405097976002287	0.563489139943088
0.07699904016459208	0.4605076805668765
0.09357288573961405	0.3721485980413662
0.11504959732778122	0.2971221959387144
0.1432505465394734	0.23413331111310326
0.18081532625958746	0.1818967222940505
0.23163581790761964	0.13915286810814695
0.3015578673727265	0.10468345817843665
0.3995401392476156	0.07732649901657775
0.5396127481696966	0.0559902098354891
0.7442712144753436	0.03966528033816096
1.0505184188629464	0.02743493177571365
1.5209399829745567	0.01848229244886718
2.264662837061263	0.012094695215040611
240.60381117749324	8.854271195252197e-05
0.2	92
0.003679373011271901	45.69125396442617
0.003630003943426819	45.6285304666358
0.003584410204904845	45.524131080787654
0.003542462633812345	45.3782664774656
0.0035040714466740247	45.19123355678424
0.003469182514669962	44.963417287344534
0.003437775809240466	44.695292882510685
0.00340986380335343	44.38742815335237
0.0033854893485652155	44.04048582368748
0.0033647227393173206	43.655225534933486
0.003347657758801578	43.23250521359912
0.00333440662895672	42.77328143424597
0.0033250939876589476	42.278608401928146
0.0033198502703657767	41.74963521843581
0.003318805123775398	41.18760119980729
0.0033220816417754433	40.593829179826265
0.0033297922119079133	39.96971694739391
0.0033420365642019213	39.31672718702082
0.003358902266577733	38.636376472427855
0.003380467515201051	37.930223960862925
0.003406805741721033	37.19986042945843
0.0034379913828650912	36.44689819351897
0.003474106148634396	35.67296228243338
0.0035152452452686727	34.8796830641055
0.0035615231943086985	34.06869034069905
0.0036130790796816254	33.24160881038747
0.003670081212008549	32.400054709481616
0.003732731308041137	31.545633412730457
0.0038012683453057562	30.67993776636186
0.0038759722785043204	29.804546946666456
0.003957167807948157	28.921025666290642
0.00404522838257209	28.03092358322576
0.004140580609123407	27.135774799016815
0.004243709247550486	26.23709735687973
0.004355162902350409	25.336392684915765
0.00447556059912034	24.435144938396103
0.00460559945681585	23.53482019927768
0.004746063594607592	22.6368655214688
0.004897834504757196	21.742707806094078
0.0050619031419724516	20.853752498512645
0.005239384024616765	19.971382102523314
0.005431531699612253	19.09695450975813
0.005639759993054308	18.23180114403056
0.005865664555364599	17.37722492171589
0.00611104931706602	16.534498030244528
0.006377957603939956	15.704859527667905
0.006668708824848055	14.889512767113526
0.006985941850177378	14.089622650901552
0.007332666454453575	13.306312720176727
0.0077123245171295774	12.540662087193297
0.00812886307908919	11.793702218951626
0.008586821862848983	11.066413582701504
0.009091438513121549	10.359722165992702
0.009648673012582713	9.674590067303738
0.010265874832522582	9.011540909609272
0.010950944103904285	8.371597895597343
0.01171358716516905	7.755338201005858
0.012565085049415716	7.163360064317689
0.013518743810153484	6.596184809757129
0.014590325958335483	6.054253108751773
0.015798588664002147	5.537921344102001
0.01716595888421221	5.047458128086123
0.018719385189099665	4.583041032189441
0.020491419087954953	4.144753593014852
0.022521596456085355	3.7325826659171395
0.024858214165786454	3.3464162049597337
0.027560631410184343	2.9860415155126563
0.030702271656666	2.651144182225121
0.03437456926154795	2.341307708287663
0.03869220153855442	2.056013879015713
0.04380008306984229	1.7946440679207332
0.04988280085896343	1.5564815534745453
0.05717746361329812	1.340714947339379
0.0659913770046732	1.1464428275334644
0.07672266884973024	0.9727385243720836
0.08991457686153356	0.8183630564993912
0.10626512451488848	0.6823624532907139
0.1267374241420297	0.563489139943088
0.15264336317946114	0.4605076805668765
0.18580075700747745	0.3721485980413662
0.22876377123503713	0.2971221959387144
0.28517515295600104	0.23413331111310326
0.3603140917672894	0.1818967222940505
0.4619643542921727	0.13915286810814695
0.6018176360519584	0.10468345817843665
0.7977912699335811	0.07732649901657775
1.0779454888698339	0.0559902098354891
1.4872713371440327	0.03966528033816096
2.0997745797109806	0.02743493177571365
3.0406264633551205	0.01848229244886718
4.52808085201861	0.012094695215040611
481.2064446952621	8.854271195252197e-05
0.3	92
0.0036978191951701463	45.69125396442617
0.0036669779661701175	45.6285304666358
0.0036400559546642015	45.524131080787654
0.003616998998949453	45.3782664774656
0.003597791820901122	45.19123355678424
0.0035824552843965983	44.963417287344534
0.0035710449185714574	44.695292882510685
0.0035636491437388887	44.38742815335237
0.0035603868016449176	44.04048582368748
0.0035614037374217746	43.655225534933486
0.003566868277119289	43.23250521359912
0.0035769655975076016	42.77328143424597
0.0035918912075612558	42.278608401928146
0.003611844026031663	41.74963521843581
0.0036370197825255626	41.18760119980729
0.003667605604644761	40.593829179826265
0.003703776607836104	39.96971694739391
0.003745695057605511	39.31672718702082
0.0037935122807048268	38.636376472427855
0.0038473730762098417	37.930223960862925
0.003907422042035369	37.19986042945843
0.003973811067375879	36.44689819351897
0.004046707258567869	35.67296228243338
0.004126300718976015	34.8796830641055
0.004212811821215582	34.06869034069905
0.004306497827227534	33.24160881038747
0.004407658887306471	32.400054709481616
0.004516643568112775	31.545633412730457
0.004633854125821579	30.67993776636186
0.004759751767096266	29.804546946666456
0.004894862142723299	28.921025666290642
0.005039781309535363	28.03092358322576
0.005195182385074587	27.135774799016815
0.005361823139387298	26.23709735687973
0.0055405546640769215	25.336392684915765
0.005732331390224754	24.435144938396103
0.00593822276121303	23.53482019927768
0.006159426757449158	22.6368655214688
0.006397285616213157	21.742707806094078
0.006653304118983296	20.853752498512645
0.006929170887348518	19.971382102523314
0.00722678321428624	19.09695450975813
0.007548276063519839	18.23180114403056
0.00789605600032766	17.37722492171589
0.00827284097834251	16.534498030244528
0.008681707106063793	15.704859527667905
0.00912614376367542	14.889512767113526
0.009610118747811952	14.089622650901552
0.010138155505292392	13.306312720176727
0.010715424997510888	12.540662087193297
0.011347855342433112	11.793702218951626
0.012042263146767339	11.066413582701504
0.012806511413849728	10.359722165992702
0.013649545812735017	9.674590067303738
0.014582397429335755	9.011540909609272
0.015616920585668955	8.371597895597343
0.016767680166457504	7.755338201005858
0.01805160239296719	7.163360064317689
0.01948865073578947	6.596184809757129
0.021102473095006038	6.054253108751773
0.022921209125218268	5.537921344102001
0.024978502948153493	5.047458128086123
0.02731478091077745	4.583041032189441
0.029978873591911342	4.144753593014852
0.03303008795861865	3.7325826659171395
0.03654087232747606	3.3464162049597337
0.040600268364070935	2.9860415155126563
0.04531841402557403	2.651144182225121
0.05083246349419103	2.341307708287663
0.05731443529058825	2.056013879015713
0.0649817037501559	1.7946440679207332
0.07411115176136321	1.5564815534745453
0.0850584446975596	1.340714947339379
0.09828454331534207	1.1464428275334644
0.11438664136832821	0.9727385243720836
0.13417959805848523	0.8183630564993912
0.15871045020413707	0.6823624532907139
0.1894238685240365	0.563489139943088
0.2282876861943302	0.4605076805668765
0.27802862827534086	0.3721485980413662
0.342477945142293	0.2971221959387144
0.42709975937252864	0.23413331111310326
0.5398128572749912	0.1818967222940505
0.6922928906767256	0.13915286810814695
0.9020774047311902	0.10468345817843665
1.1960424006195463	0.07732649901657775
1.6162782295699714	0.0559902098354891
2.2302714598127213	0.03966528033816096
3.1490307405590143	0.02743493177571365
4.560312943735683	0.01848229244886718
6.791498866975957	0.012094695215040611
721.809078213031	8.854271195252197e-05
0.4	92
0.003716265379068392	45.69125396442617
0.0037039519889134156	45.6285304666358
0.003695701704423558	45.524131080787654
0.0036915353640865596	45.3782664774656
0.0036915121951282205	45.19123355678424
0.003695728054123235	44.963417287344534
0.003704314027902449	44.695292882510685
0.0037174344841243477	44.38742815335237
0.003735284254724621	44.04048582368748
0.0037580847355262277	43.655225534933486
0.003786078795437	43.23250521359912
0.0038195245660584826	42.77328143424597
0.0038586884274635644	42.278608401928146
0.0039038377816975494	41.74963521843581
0.003955234441275726	41.18760119980729
0.004013129567514079	40.593829179826265
0.0040777610037642945	39.96971694739391
0.0041493535510091	39.31672718702082
0.004228122294831922	38.636376472427855
0.004314278637218632	37.930223960862925
0.004408038342349705	37.19986042945843
0.004509630751886667	36.44689819351897
0.0046193083685013405	35.67296228243338
0.004737356192683359	34.8796830641055
0.004864100448122467	34.06869034069905
0.004999916574773444	33.24160881038747
0.0051452365626043954	32.400054709481616
0.0053005558281844145	31.545633412730457
0.005466439906337401	30.67993776636186
0.005643531255688211	29.804546946666456
0.005832556477498444	28.921025666290642
0.006034334236498637	28.03092358322576
0.00624978416102577	27.135774799016815
0.00647993703122411	26.23709735687973
0.006725946425803434	25.336392684915765
0.006989102181329168	24.435144938396103
0.00727084606561021	23.53482019927768
0.007572789920290725	22.6368655214688
0.007896736727669117	21.742707806094078
0.008244705095994141	20.853752498512645
0.008618957750080269	19.971382102523314
0.009022034728960229	19.09695450975813
0.009456792133985372	18.23180114403056
0.009926447445290722	17.37722492171589
0.010434632639619	16.534498030244528
0.01098545660818763	15.704859527667905
0.011583578702502787	14.889512767113526
0.012234295645446529	14.089622650901552
0.01294364455613121	13.306312720176727
0.013718525477892199	12.540662087193297
0.014566847605777034	11.793702218951626
0.015497704430685693	11.066413582701504
0.016521584314577908	10.359722165992702
0.017650418612887322	9.674590067303738
0.01889892002614893	9.011540909609272
0.020282897067433633	8.371597895597343
0.021821773167745966	7.755338201005858
0.023538119736518672	7.163360064317689
0.025458557661425456	6.596184809757129
0.027614620231676594	6.054253108751773
0.03004382958643439	5.537921344102001
0.03279104701209478	5.047458128086123
0.03591017663245525	4.583041032189441
0.03946632809586774	4.144753593014852
0.04353857946115194	3.7325826659171395
0.048223530489165674	3.3464162049597337
0.05363990531795755	2.9860415155126563
0.05993455639448208	2.651144182225121
0.0672903577268341	2.341307708287663
0.07593666904262208	2.056013879015713
0.08616332443046953	1.7946440679207332
0.098339502663763	1.5564815534745453
0.11293942578182109	1.340714947339379
0.13057770962601095	1.1464428275334644
0.15205061388692614	0.9727385243720836
0.17844461925543695	0.8183630564993912
0.21115577589338566	0.6823624532907139
0.25211031290604335	0.563489139943088
0.30393200920919927	0.4605076805668765
0.37025649954320433	0.3721485980413662
0.45619211904954904	0.2971221959387144
0.5690243657890564	0.23413331111310326
0.7193116227826932	0.1818967222940505
0.9226214270612786	0.13915286810814695
1.2023371734104222	0.10468345817843665
1.594293531305512	0.07732649901657775
2.1546109702701086	0.0559902098354891
2.9732715824814107	0.03966528033816096
4.198286901407049	0.02743493177571365
6.079999424116248	0.01848229244886718
9.054916881933305	0.012094695215040611
962.4117117307998	8.854271195252197e-05
0.5	92
0.003734711562966637	45.69125396442617
0.0037409260116567145	45.6285304666358
0.003751347454182914	45.524131080787654
0.0037660717292236686	45.3782664774656
0.003785232569355317	45.19123355678424
0.0038090008238498715	44.963417287344534
0.00383758313723344	44.695292882510685
0.003871219824509806	44.38742815335237
0.0039101817078043225	44.04048582368748
0.003954765733630682	43.655225534933486
0.004005289313754711	43.23250521359912
0.004062083534609364	42.77328143424597
0.004125485647365873	42.278608401928146
0.0041958315373634356	41.74963521843581
0.004273449100025891	41.18760119980729
0.004358653530383396	40.593829179826265
0.004451745399692487	39.96971694739391
0.00455301204441269	39.31672718702082
0.0046627323089590165	38.636376472427855
0.004781184198227424	37.930223960862925
0.00490865464266404	37.19986042945843
0.005045450436397456	36.44689819351897
0.005191909478434812	35.67296228243338
0.005348411666390702	34.8796830641055
0.005515389075029351	34.06869034069905
0.0056933353223193525	33.24160881038747
0.0058828142379023195	32.400054709481616
0.006084468088256053	31.545633412730457
0.006299025686853224	30.67993776636186
0.006527310744280157	29.804546946666456
0.006770250812273585	28.921025666290642
0.007028887163461911	28.03092358322576
0.007304385936976951	27.135774799016815
0.00759805092306092	26.23709735687973
0.007911338187529947	25.336392684915765
0.008245872972433583	24.435144938396103
0.008603469370007392	23.53482019927768
0.008986153083132291	22.6368655214688
0.009396187839125077	21.742707806094078
0.009836106073004985	20.853752498512645
0.01030874461281202	19.971382102523314
0.010817286243634214	19.09695450975813
0.011365308204450903	18.23180114403056
0.011956838890253783	17.37722492171589
0.01259642430089549	16.534498030244528
0.013289206110311466	15.704859527667905
0.014041013641330152	14.889512767113526
0.014858472543081104	14.089622650901552
0.015749133606970025	13.306312720176727
0.01672162595827351	12.540662087193297
0.017785839869120953	11.793702218951626
0.018953145714604047	11.066413582701504
0.020236657215306087	10.359722165992702
0.021651291413039626	9.674590067303738
0.023215442622962105	9.011540909609272
0.024948873549198308	8.371597895597343
0.02687586616903442	7.755338201005858
0.029024637080070144	7.163360064317689
0.031428464587061444	6.596184809757129
0.034126767368347154	6.054253108751773
0.03716645004765051	5.537921344102001
0.04060359107603606	5.047458128086123
0.044505572354133036	4.583041032189441
0.048953782599824136	4.144753593014852
0.054047070963685225	3.7325826659171395
0.059906188650855285	3.3464162049597337
0.06667954227184414	2.9860415155126563
0.07455069876339011	2.651144182225121
0.08374825195947719	2.341307708287663
0.09455890279465591	2.056013879015713
0.10734494511078314	1.7946440679207332
0.12256785356616275	1.5564815534745453
0.14082040686608255	1.340714947339379
0.16287087593667984	1.1464428275334644
0.18971458640552413	0.9727385243720836
0.2227096404523886	0.8183630564993912
0.2636011015826342	0.6823624532907139
0.3147967572880501	0.563489139943088
0.37957633222406834	0.4605076805668765
0.46248437081106775	0.3721485980413662
0.569906292956805	0.2971221959387144
0.7109489722055841	0.23413331111310326
0.8988103882903952	0.1818967222940505
1.1529499634458316	0.13915286810814695
1.502596942089654	0.10468345817843665
1.9925446619914768	0.07732649901657775
2.692943710970246	0.0559902098354891
3.7162717051500995	0.03966528033816096
5.247543062255082	0.02743493177571365
7.599685904496812	0.01848229244886718
11.318334896890653	0.012094695215040611
1203.0143452485686	8.854271195252197e-05
0.6	92
0.0037531577468648825	45.69125396442617
0.0037779000344000126	45.6285304666358
0.00380699320394227	45.524131080787654
0.0038406080943607754	45.3782664774656
0.0038789529435824155	45.19123355678424
0.003922273593576509	44.963417287344534
0.0039708522465644325	44.695292882510685
0.004025005164895265	44.38742815335237
0.004085079160884025	44.04048582368748
0.004151446731735136	43.655225534933486
0.004224499832072423	43.23250521359912
0.004304642503160245	42.77328143424597
0.004392282867268181	42.278608401928146
0.004487825293029322	41.74963521843581
0.004591663758776055	41.18760119980729
0.004704177493252714	40.593829179826265
0.004825729795620676	39.96971694739391
0.004956670537816279	39.31672718702082
0.005097342323086111	38.636376472427855
0.005248089759236214	37.930223960862925
0.005409270942978377	37.19986042945843
0.005581270120908243	36.44689819351897
0.005764510588368285	35.67296228243338
0.005959467140098045	34.8796830641055
0.006166677701936235	34.06869034069905
0.006386754069865262	33.24160881038747
0.006620391913200243	32.400054709481616
0.006868380348327692	31.545633412730457
0.007131611467369046	30.67993776636186
0.007411090232872103	29.804546946666456
0.007707945147048728	28.921025666290642
0.008023440090425183	28.03092358322576
0.008358987712928133	27.135774799016815
0.008716164814897733	26.23709735687973
0.00909672994925646	25.336392684915765
0.009502643763537997	24.435144938396103
0.009936092674404571	23.53482019927768
0.010399516245973857	22.6368655214688
0.010895638950581037	21.742707806094078
0.011427507050015828	20.853752498512645
0.011998531475543773	19.971382102523314
0.0126125377583082	19.09695450975813
0.013273824274916433	18.23180114403056
0.013987230335216844	17.37722492171589
0.014758215962171979	16.534498030244528
0.015592955612435302	15.704859527667905
0.016498448580157518	14.889512767113526
0.01748264944071568	14.089622650901552
0.018554622657808845	13.306312720176727
0.019724726438654822	12.540662087193297
0.02100483213246488	11.793702218951626
0.022408586998522405	11.066413582701504
0.023951730116034266	10.359722165992702
0.02565216421319193	9.674590067303738
0.027531965219775276	9.011540909609272
0.029614850030962984	8.371597895597343
0.031929959170322875	7.755338201005858
0.03451115442362162	7.163360064317689
0.037398371512697426	6.596184809757129
0.040638914505017706	6.054253108751773
0.044289070508866636	5.537921344102001
0.04841613513997734	5.047458128086123
0.05310096807581082	4.583041032189441
0.058441237103780526	4.144753593014852
0.06455556246621852	3.7325826659171395
0.07158884681254489	3.3464162049597337
0.07971917922573074	2.9860415155126563
0.08916684113229814	2.651144182225121
0.10020614619212026	2.341307708287663
0.11318113654668974	2.056013879015713
0.12852656579109675	1.7946440679207332
0.14679620446856254	1.5564815534745453
0.16870138795034403	1.340714947339379
0.1951640422473487	1.1464428275334644
0.2273785589241221	0.9727385243720836
0.26697466164934025	0.8183630564993912
0.31604642727188287	0.6823624532907139
0.37748320167005694	0.563489139943088
0.45522065523893734	0.4605076805668765
0.5547122420789311	0.3721485980413662
0.6836204668640609	0.2971221959387144
0.8528735786221117	0.23413331111310326
1.0783091537980969	0.1818967222940505
1.3832784998303844	0.13915286810814695
1.802856710768886	0.10468345817843665
2.3907957926774426	0.07732649901657775
3.2312764516703836	0.0559902098354891
4.459271827818788	0.03966528033816096
6.2967992231031165	0.02743493177571365
9.119372384877375	0.01848229244886718
13.581752911847998	0.012094695215040611
1443.6169787663373	8.854271195252197e-05
0.7	92
0.0037716039307631286	45.69125396442617
0.003814874057143312	45.6285304666358
0.0038626389537016253	45.524131080787654
0.003915144459497883	45.3782664774656
0.003972673317809514	45.19123355678424
0.0040355463633031455	44.963417287344534
0.004104121355895424	44.695292882510685
0.004178790505280723	44.38742815335237
0.004259976613963727	44.04048582368748
0.004348127729839589	43.655225534933486
0.0044437103503901345	43.23250521359912
0.004547201471711126	42.77328143424597
0.004659080087170489	42.278608401928146
0.004779819048695209	41.74963521843581
0.004909878417526219	41.18760119980729
0.005049701456122032	40.593829179826265
0.005199714191548867	39.96971694739391
0.005360329031219869	39.31672718702082
0.005531952337213205	38.636376472427855
0.005714995320245005	37.930223960862925
0.005909887243292712	37.19986042945843
0.006117089805419032	36.44689819351897
0.006337111698301758	35.67296228243338
0.006570522613805387	34.8796830641055
0.006817966328843119	34.06869034069905
0.007080172817411172	33.24160881038747
0.007357969588498167	32.400054709481616
0.00765229260839933	31.545633412730457
0.007964197247884868	30.67993776636186
0.008294869721464048	29.804546946666456
0.008645639481823873	28.921025666290642
0.009017993017388455	28.03092358322576
0.009413589488879315	27.135774799016815
0.009834278706734543	26.23709735687973
0.010282121710982972	25.336392684915765
0.010759414554642412	24.435144938396103
0.01126871597880175	23.53482019927768
0.011812879408815423	22.6368655214688
0.012395090062036995	21.742707806094078
0.013018908027026673	20.853752498512645
0.013688318338275525	19.971382102523314
0.014407789272982188	19.09695450975813
0.015182340345381967	18.23180114403056
0.016017621780179906	17.37722492171589
0.016920007623448467	16.534498030244528
0.01789670511455914	15.704859527667905
0.018955883518984886	14.889512767113526
0.020106826338350252	14.089622650901552
0.021360111708647662	13.306312720176727
0.022727826919036135	12.540662087193297
0.024223824395808797	11.793702218951626
0.025864028282440756	11.066413582701504
0.027666803016762446	10.359722165992702
0.029653037013344236	9.674590067303738
0.03184848781658845	9.011540909609272
0.03428082651272765	8.371597895597343
0.03698405217161133	7.755338201005858
0.039997671767173094	7.163360064317689
0.043368278438333414	6.596184809757129
0.04715106164168826	6.054253108751773
0.05141169097008275	5.537921344102001
0.05622867920391863	5.047458128086123
0.06169636379748861	4.583041032189441
0.06792869160773692	4.144753593014852
0.07506405396875179	3.7325826659171395
0.0832715049742345	3.3464162049597337
0.09275881617961734	2.9860415155126563
0.10378298350120618	2.651144182225121
0.11666404042476333	2.341307708287663
0.13180337029872358	2.056013879015713
0.14970818647141035	1.7946440679207332
0.17102455537096228	1.5564815534745453
0.19658236903460552	1.340714947339379
0.22745720855801757	1.1464428275334644
0.26504253144272005	0.9727385243720836
0.31123968284629194	0.8183630564993912
0.3684917529611314	0.6823624532907139
0.4401696460520638	0.563489139943088
0.5308649782538063	0.4605076805668765
0.6469401133467945	0.3721485980413662
0.7973346407713165	0.2971221959387144
0.9947981850386393	0.23413331111310326
1.2578079193057987	0.1818967222940505
1.6136070362149377	0.13915286810814695
2.1031164794481176	0.10468345817843665
2.7890469233634083	0.07732649901657775
3.769609192370521	0.0559902098354891
5.202271950487478	0.03966528033816096
7.3460553839511515	0.02743493177571365
10.639058865257939	0.01848229244886718
15.845170926805348	0.012094695215040611
1684.2196122841062	8.854271195252197e-05
0.8	92
0.0037900501146613734	45.69125396442617
0.0038518480798866105	45.6285304666358
0.0039182847034609815	45.524131080787654
0.00398968082463499	45.3782664774656
0.004066393692036612	45.19123355678424
0.004148819133029781	44.963417287344534
0.004237390465226415	44.695292882510685
0.004332575845666181	44.38742815335237
0.004434874067043429	44.04048582368748
0.004544808727944044	43.655225534933486
0.004662920868707845	43.23250521359912
0.004789760440262007	42.77328143424597
0.004925877307072798	42.278608401928146
0.005071812804361095	41.74963521843581
0.005228093076276382	41.18760119980729
0.0053952254189913494	40.593829179826265
0.005573698587477059	39.96971694739391
0.005763987524623459	39.31672718702082
0.0059665623513403005	38.636376472427855
0.006181900881253795	37.930223960862925
0.006410503543607048	37.19986042945843
0.006652909489929819	36.44689819351897
0.00690971280823523	35.67296228243338
0.007181578087512732	34.8796830641055
0.0074692549557500015	34.06869034069905
0.007773591564957081	33.24160881038747
0.00809554726379609	32.400054709481616
0.00843620486847097	31.545633412730457
0.00879678302840069	30.67993776636186
0.009178649210055992	29.804546946666456
0.009583333816599015	28.921025666290642
0.010012545944351732	28.03092358322576
0.010468191264830496	27.135774799016815
0.01095239259857136	26.23709735687973
0.011467513472709486	25.336392684915765
0.01201618534574683	24.435144938396103
0.012601339283198933	23.53482019927768
0.01322624257165699	22.6368655214688
0.013894541173492958	21.742707806094078
0.014610309004037519	20.853752498512645
0.015378105201007276	19.971382102523314
0.01620304078765618	19.09695450975813
0.0170908564158475	18.23180114403056
0.01804801322514297	17.37722492171589
0.019081799284724962	16.534498030244528
0.02020045461668298	15.704859527667905
0.021413318457812254	14.889512767113526
0.02273100323598483	14.089622650901552
0.024165600759486476	13.306312720176727
0.025730927399417444	12.540662087193297
0.02744281665915272	11.793702218951626
0.02931946956635911	11.066413582701504
0.03138187591749063	10.359722165992702
0.033653909813496544	9.674590067303738
0.03616501041340162	9.011540909609272
0.03894680299449233	8.371597895597343
0.0420381451728998	7.755338201005858
0.04548418911072458	7.163360064317689
0.0493381853639694	6.596184809757129
0.053663208778358826	6.054253108751773
0.05853431143129888	5.537921344102001
0.06404122326785991	5.047458128086123
0.0702917595191664	4.583041032189441
0.07741614611169333	4.144753593014852
0.0855725454712851	3.7325826659171395
0.09495416313592413	3.3464162049597337
0.10579845313350396	2.9860415155126563
0.11839912587011424	2.651144182225121
0.1331219346574064	2.341307708287663
0.15042560405075742	2.056013879015713
0.170889807151724	1.7946440679207332
0.19525290627336206	1.5564815534745453
0.22446335011886706	1.340714947339379
0.2597503748686864	1.1464428275334644
0.30270650396131804	0.9727385243720836
0.35550470404324364	0.8183630564993912
0.42093707865037994	0.6823624532907139
0.5028560904340706	0.563489139943088
0.6065093012686754	0.4605076805668765
0.7391679846146579	0.3721485980413662
0.9110488146785726	0.2971221959387144
1.136722791455167	0.23413331111310326
1.4373066848135008	0.1818967222940505
1.8439355725994908	0.13915286810814695
2.4033762481273495	0.10468345817843665
3.187298054049374	0.07732649901657775
4.3079419330706585	0.0559902098354891
5.945272073156168	0.03966528033816096
8.395311544799188	0.02743493177571365
12.158745345638504	0.01848229244886718
18.108588941762694	0.012094695215040611
1924.8222458018754	8.854271195252197e-05
0.9	92
0.003808496298559619	45.69125396442617
0.003888822102629908	45.6285304666358
0.003973930453220338	45.524131080787654
0.004064217189772098	45.3782664774656
0.004160114066263709	45.19123355678424
0.004262091902756418	44.963417287344534
0.0043706595745574076	44.695292882510685
0.00448636118605164	44.38742815335237
0.0046097715201231316	44.04048582368748
0.004741489726048497	43.655225534933486
0.004882131387025557	43.23250521359912
0.005032319408812888	42.77328143424597
0.005192674526975107	42.278608401928146
0.005363806560026981	41.74963521843581
0.005546307735026548	41.18760119980729
0.005740749381860668	40.593829179826265
0.005947682983405249	39.96971694739391
0.006167646018027048	39.31672718702082
0.006401172365467396	38.636376472427855
0.006648806442262586	37.930223960862925
0.006911119843921383	37.19986042945843
0.007188729174440607	36.44689819351897
0.0074823139181687025	35.67296228243338
0.007792633561220076	34.8796830641055
0.008120543582656887	34.06869034069905
0.008467010312502991	33.24160881038747
0.008833124939094014	32.400054709481616
0.009220117128542607	31.545633412730457
0.009629368808916513	30.67993776636186
0.01006242869864794	29.804546946666456
0.01052102815137416	28.921025666290642
0.011007098871315003	28.03092358322576
0.011522793040781678	27.135774799016815
0.012070506490408169	26.23709735687973
0.012652905234436	25.336392684915765
0.013272956136851241	24.435144938396103
0.013933962587596112	23.53482019927768
0.014639605734498557	22.6368655214688
0.015393992284948916	21.742707806094078
0.016201709981048366	20.853752498512645
0.01706789206373903	19.971382102523314
0.017998292302330163	19.09695450975813
0.018999372486313032	18.23180114403056
0.02007840467010603	17.37722492171589
0.02124359094600145	16.534498030244528
0.02250420411880682	15.704859527667905
0.023870753396639615	14.889512767113526
0.0253551801336194	14.089622650901552
0.026971089810325293	13.306312720176727
0.028734027879798757	12.540662087193297
0.03066180892249664	11.793702218951626
0.03277491085027747	11.066413582701504
0.03509694881821881	10.359722165992702
0.03765478261364884	9.674590067303738
0.04048153301021481	9.011540909609272
0.043612779476257	8.371597895597343
0.04709223817418825	7.755338201005858
0.05097070645427605	7.163360064317689
0.05530809228960539	6.596184809757129
0.06017535591502937	6.054253108751773
0.06565693189251501	5.537921344102001
0.07185376733180121	5.047458128086123
0.07888715524084418	4.583041032189441
0.08690360061564972	4.144753593014852
0.0960810369738184	3.7325826659171395
0.10663682129761375	3.3464162049597337
0.11883809008739056	2.9860415155126563
0.13301526823902227	2.651144182225121
0.1495798288900495	2.341307708287663
0.16904783780279126	2.056013879015713
0.1920714278320376	1.7946440679207332
0.21948125717576186	1.5564815534745453
0.25234433120312855	1.340714947339379
0.2920435411793553	1.1464428275334644
0.34037047647991603	0.9727385243720836
0.3997697252401953	0.8183630564993912
0.4733824043396286	0.6823624532907139
0.5655425348160774	0.563489139943088
0.6821536242835445	0.4605076805668765
0.8313958558825215	0.3721485980413662
1.0247629885858285	0.2971221959387144
1.2786473978716946	0.23413331111310326
1.6168054503212026	0.1818967222940505
2.0742641089840435	0.13915286810814695
2.7036360168065814	0.10468345817843665
3.585549184735339	0.07732649901657775
4.846274673770797	0.0559902098354891
6.688272195824856	0.03966528033816096
9.444567705647222	0.02743493177571365
13.678431826019066	0.01848229244886718
20.37200695672004	0.012094695215040611
2165.4248793196443	8.854271195252197e-05
