# Table format: T1D
# table_unit = barA
# axis1_unit = m**3/kg
# axis2_unit = null
# This file was automatically generated by generate_data_files.py
0.1	88
0.003241584335420847	99.6838589123842
0.0032026138372777003	99.51178341979923
0.0031650433787855222	99.22526531243018
0.0031287988125474975	98.82471668822915
0.0030938154442345027	98.3107155731058
0.0030600352961462824	97.68400708296247
0.003027406273999336	96.94550502821895
0.00299588172873702	96.09629405891148
0.0029654202322616416	95.13763249014345
0.002935985551238973	94.07095600623582
0.002907546853715857	92.89788252693052
0.002880079224873463	91.62021864536084
0.0028535646263425827	90.23996824085411
0.0028279935292375167	88.75934417375068
0.002803367619389047	87.18078446295699
0.0027797042831345553	85.50697517712253
0.002757044179868046	83.74088372348888
0.002735464423828959	81.8858088864527
0.0027151026374547106	79.94545914983769
0.0026962024340511912	77.92408161913451
0.002679209950043932	75.82668831538363
0.0026649919629676117	73.6594886568258
0.0026554213797333574	71.43082022288226
0.0026553419110552476	69.15354252610939
0.0026817058066454552	66.85314748461963
0.0027711855238596707	64.59165909570238
0.002846837136873569	62.401151478322454
0.002899049970006401	60.242572081949284
0.0029448237119287604	58.09725284171384
0.002991298932698213	55.959094031221206
0.0030418208311132826	53.82690551307093
0.0030980381919714205	51.70178790259012
0.0031608507479597703	49.586003172042744
0.0032308818023661524	47.482425211708545
0.003308700510120336	45.39425521546585
0.003394921919782444	43.324865026239536
0.003490253531670237	41.27770444402813
0.0035955207657887038	39.25624183443858
0.0037116857730441133	37.263922727606705
0.0038398658758057847	35.30413859872414
0.003981354557451788	33.38020167076425
0.004137646611979756	31.495323438855536
0.004310468643853324	29.652595601653196
0.004501816084880436	27.85497263093615
0.004713998072091648	26.10525552646881
0.004949691836612833	24.406076494400207
0.005212008672358878	22.759884408957078
0.00550457409675041	21.168930998317983
0.005831625513002474	19.635257752558083
0.006198131579818975	18.160683593905325
0.006609938652129911	16.746793382356035
0.007073951161021915	15.394927356380313
0.007598354767931557	14.106171630464292
0.00819289371530281	12.881349889813722
0.008869217219720974	11.721016437901133
0.00964131431294527	10.62545076462315
0.010526062646904085	9.594653811430657
0.011543925022638573	8.628346114518623
0.012719838601538072	7.725968006983056
0.014084357077389734	6.886682055599927
0.015675127202669014	6.109377896245957
0.017538810389346935	5.392679613616299
0.019733601166318712	4.734955784922927
0.02233255225347061	4.134332273276496
0.02542799859783441	3.588707814099312
0.029137491440797234	3.095772387290216
0.03361182730255354	2.653028181835506
0.03904600547696122	2.257813405790391
0.045694324235033036	1.9073284846520313
0.05389139160352923	1.5986641067894132
0.06408166969926735	1.328831144356376
0.07685899249690967	1.0948315316861736
0.09303943599370461	0.8934920999552407
0.11372443201190889	0.7218932805724844
0.14045550344550858	0.5770045777570468
0.17539608416345223	0.4559136190645348
0.22162895232371646	0.3558156148832001
0.28361109304703014	0.2740400389534693
0.36788696123606757	0.20807423299134767
0.4842269591335686	0.15558333597808652
0.647479365143526	0.11442602308664933
0.8806444221192606	0.08266565247969998
1.2200889437400106	0.05857655900043721
1.7245999057054635	0.040645398432247744
2.4915006552934313	0.027567629017856834
3.686120373922621	0.018239410767171914
5.59726423655134	0.011745396896947254
23742.29104343089	1.919051606653076e-06
0.2	88
0.003251885776323579	99.6838589123842
0.003223244756839714	99.51178341979923
0.0031960492075828397	99.22526531243018
0.003170249949611296	98.82471668822915
0.003145807733001693	98.3107155731058
0.0031226914652182397	97.68400708296247
0.003100877983476521	96.94550502821895
0.003080352268143172	96.09629405891148
0.0030611080058255565	95.13763249014345
0.003043148555885738	94.07095600623582
0.0030264884439672422	92.89788252693052
0.003011155587258807	91.62021864536084
0.0029971945803509616	90.23996824085411
0.0029846715765451054	88.75934417375068
0.0029736816575180033	87.18078446295699
0.002964360233753398	85.50697517712253
0.0029569012537509283	83.74088372348888
0.002951587484287874	81.8858088864527
0.0029488436677479473	79.94545914983769
0.0029493340313258187	77.92408161913451
0.0029541638462501026	75.82668831538363
0.002965326905804748	73.6594886568258
0.002986892670863931	71.43082022288226
0.0030289677872502954	69.15354252610939
0.003126087489389369	66.85314748461963
0.0033527331288679533	64.59165909570238
0.003554527316165694	62.401151478322454
0.003709556089563317	60.242572081949284
0.003849641079883573	58.09725284171384
0.00398767175951295	55.959094031221206
0.0041298251611963524	53.82690551307093
0.004279527555019749	51.70178790259012
0.004439005771287203	49.586003172042744
0.004610000657189896	47.482425211708545
0.004794106754428969	45.39425521546585
0.00499294066786121	43.324865026239536
0.005208233702881061	41.27770444402813
0.0054418925311657635	39.25624183443858
0.0056960482253324346	37.263922727606705
0.005973103333063247	35.30413859872414
0.006275782156470577	33.38020167076425
0.006607187561006667	31.495323438855536
0.006970867006858044	29.652595601653196
0.007370890458819848	27.85497263093615
0.007811943135068166	26.10525552646881
0.008299436608573798	24.406076494400207
0.008839642561171012	22.759884408957078
0.009439854536356183	21.168930998317983
0.010108584400733485	19.635257752558083
0.010855801993650065	18.160683593905325
0.011693228743233796	16.746793382356035
0.012634699023587728	15.394927356380313
0.01369660695250415	14.106171630464292
0.014898461496472132	12.881349889813722
0.016263579592255318	11.721016437901133
0.017819956109287913	10.62545076462315
0.01960136169550648	9.594653811430657
0.021648736034857223	8.628346114518623
0.024011966439727885	7.725968006983056
0.026752172340593065	6.886682055599927
0.029944658463943827	6.109377896245957
0.03368275814246744	5.392679613616299
0.03808287032446813	4.734955784922927
0.04329110980484279	4.134332273276496
0.04949215537039343	3.588707814099312
0.05692111799897675	3.095772387290216
0.06587959888644032	2.653028181835506
0.07675760448795828	2.257813405790391
0.09006373897180023	1.9073284846520313
0.10646722581974612	1.5986641067894132
0.12685699653530977	1.328831144356376
0.1524207260842394	1.0948315316861736
0.18479057391881787	0.8934920999552407
0.22616941029611418	0.7218932805724844
0.27964028812379316	0.5770045777570468
0.3495300821386833	0.4559136190645348
0.44200435569922675	0.3558156148832001
0.565977086166148	0.2740400389534693
0.7345371905756742	0.20807423299134767
0.9672254807930261	0.15558333597808652
1.2937385211953953	0.11442602308664933
1.7600768052931377	0.08266565247969998
2.438973968533737	0.05857655900043721
3.448003970748978	0.040645398432247744
4.98181351533764	0.027567629017856834
7.37106097447821	0.018239410767171914
11.19335670797873	0.011745396896947254
47484.581015320735	1.919051606653076e-06
0.3	88
0.0032621872172263118	99.6838589123842
0.0032438756764017265	99.51178341979923
0.0032270550363801566	99.22526531243018
0.0032117010866750937	98.82471668822915
0.0031978000217688833	98.3107155731058
0.0031853476342901966	97.68400708296247
0.0031743496929537048	96.94550502821895
0.003164822807549324	96.09629405891148
0.003156795779389472	95.13763249014345
0.0031503115605325035	94.07095600623582
0.0031454300342186273	92.89788252693052
0.0031422319496441516	91.62021864536084
0.003140824534359342	90.23996824085411
0.0031413496238526955	88.75934417375068
0.0031439956956469586	87.18078446295699
0.003149016184372242	85.50697517712253
0.00315675832763381	83.74088372348888
0.003167710544746789	81.8858088864527
0.003182584698041184	79.94545914983769
0.0032024656286004467	77.92408161913451
0.0032291177424562728	75.82668831538363
0.0032656618486418846	73.6594886568258
0.003318363961994504	71.43082022288226
0.003402593663445343	69.15354252610939
0.0035704691721332835	66.85314748461963
0.003934280733876236	64.59165909570238
0.004262217495457819	62.401151478322454
0.004520062209120233	60.242572081949284
0.004754458447838385	58.09725284171384
0.004984044586327687	55.959094031221206
0.005217829491279422	53.82690551307093
0.005461016918068078	51.70178790259012
0.005717160794614637	49.586003172042744
0.005989119512013639	47.482425211708545
0.0062795129987376005	45.39425521546585
0.006590959415939975	43.324865026239536
0.0069262138740918845	41.27770444402813
0.007288264296542822	39.25624183443858
0.007680410677620754	37.263922727606705
0.00810634079032071	35.30413859872414
0.008570209755489364	33.38020167076425
0.009076728510033575	31.495323438855536
0.009631265369862762	29.652595601653196
0.010239964832759258	27.85497263093615
0.010909888198044684	26.10525552646881
0.011649181380534761	24.406076494400207
0.012467276449983146	22.759884408957078
0.013375134975961952	21.168930998317983
0.014385543288464493	19.635257752558083
0.015513472407481152	18.160683593905325
0.01677651883433768	16.746793382356035
0.018195446886153537	15.394927356380313
0.019794859137076737	14.106171630464292
0.021604029277641452	12.881349889813722
0.023657941964789663	11.721016437901133
0.02599859790563055	10.62545076462315
0.02867666074410887	9.594653811430657
0.03175354704707587	8.628346114518623
0.0353040942779177	7.725968006983056
0.0394199876037964	6.886682055599927
0.04421418972521862	6.109377896245957
0.04982670589558795	5.392679613616299
0.056432139482617535	4.734955784922927
0.06424966735621498	4.134332273276496
0.07355631214295243	3.588707814099312
0.08470474455715624	3.095772387290216
0.09814737047032711	2.653028181835506
0.11446920349895537	2.257813405790391
0.13443315370856743	1.9073284846520313
0.159043060035963	1.5986641067894132
0.18963232337135222	1.328831144356376
0.2279824596715691	1.0948315316861736
0.27654171184393106	0.8934920999552407
0.3386143885803195	0.7218932805724844
0.41882507280207765	0.5770045777570468
0.5236640801139143	0.4559136190645348
0.662379759074737	0.3558156148832001
0.8483430792852658	0.2740400389534693
1.1011874199152807	0.20807423299134767
1.4502240024524835	0.15558333597808652
1.9399976772472645	0.11442602308664933
2.6395091884670148	0.08266565247969998
3.657858993327464	0.05857655900043721
5.171408035792491	0.040645398432247744
7.472126375381848	0.027567629017856834
11.056001575033799	0.018239410767171914
16.78944917940612	0.011745396896947254
71226.87098721058	1.919051606653076e-06
0.4	88
0.0032724886581290444	99.6838589123842
0.0032645065959637388	99.51178341979923
0.0032580608651774745	99.22526531243018
0.003253152223738892	98.82471668822915
0.0032497923105360743	98.3107155731058
0.0032480038033621535	97.68400708296247
0.00324782140243089	96.94550502821895
0.0032492933469554755	96.09629405891148
0.0032524835529533867	95.13763249014345
0.0032574745651792686	94.07095600623582
0.003264371624470013	92.89788252693052
0.0032733083120294955	91.62021864536084
0.003284454488367721	90.23996824085411
0.0032980276711602847	88.75934417375068
0.003314309733775915	87.18078446295699
0.0033336721349910853	85.50697517712253
0.003356615401516693	83.74088372348888
0.003383833605205704	81.8858088864527
0.0034163257283344206	79.94545914983769
0.0034555972258750738	77.92408161913451
0.0035040716386624433	75.82668831538363
0.003565996791479021	73.6594886568258
0.003649835253125078	71.43082022288226
0.003776219539640391	69.15354252610939
0.004014850854877198	66.85314748461963
0.004515828338884518	64.59165909570238
0.004969907674749943	62.401151478322454
0.005330568328677149	60.242572081949284
0.005659275815793197	58.09725284171384
0.005980417413142425	55.959094031221206
0.006305833821362493	53.82690551307093
0.006642506281116406	51.70178790259012
0.006995315817942069	49.586003172042744
0.007368238366837382	47.482425211708545
0.0077649192430462345	45.39425521546585
0.008188978164018743	43.324865026239536
0.008644194045302709	41.27770444402813
0.009134636061919884	39.25624183443858
0.009664773129909078	37.263922727606705
0.010239578247578172	35.30413859872414
0.010864637354508155	33.38020167076425
0.011546269459060487	31.495323438855536
0.012291663732867483	29.652595601653196
0.013109039206698671	27.85497263093615
0.014007833261021202	26.10525552646881
0.014998926152495724	24.406076494400207
0.016094910338795277	22.759884408957078
0.01731041541556772	21.168930998317983
0.018662502176195504	19.635257752558083
0.020171142821312243	18.160683593905325
0.021859808925441565	16.746793382356035
0.02375619474871935	15.394927356380313
0.025893111321649332	14.106171630464292
0.02830959705881079	12.881349889813722
0.03105230433732401	11.721016437901133
0.03417723970197319	10.62545076462315
0.03775195979271127	9.594653811430657
0.04185835805929452	8.628346114518623
0.0465962221161075	7.725968006983056
0.05208780286699973	6.886682055599927
0.05848372098649346	6.109377896245957
0.06597065364870845	5.392679613616299
0.07478140864076696	4.734955784922927
0.08520822490758717	4.134332273276496
0.09762046891551146	3.588707814099312
0.11248837111533574	3.095772387290216
0.1304151420542139	2.653028181835506
0.15218080250995242	2.257813405790391
0.17880256844533463	1.9073284846520313
0.2116188942521799	1.5986641067894132
0.25240765020739464	1.328831144356376
0.30354419325889886	1.0948315316861736
0.3682928497690444	0.8934920999552407
0.4510593668645248	0.7218932805724844
0.5580098574803622	0.5770045777570468
0.6977980780891456	0.4559136190645348
0.8827551624502472	0.3558156148832001
1.1307090724043836	0.2740400389534693
1.4678376492548875	0.20807423299134767
1.9332225241119414	0.15558333597808652
2.5862568332991347	0.11442602308664933
3.518941571640892	0.08266565247969998
4.876744018121191	0.05857655900043721
6.894812100836005	0.040645398432247744
9.962439235426057	0.027567629017856834
14.740942175589387	0.018239410767171914
22.385541650833513	0.011745396896947254
94969.16095910044	1.919051606653076e-06
0.5	88
0.003282790099031778	99.6838589123842
0.003285137515525752	99.51178341979923
0.003289066693974791	99.22526531243018
0.00329460336080269	98.82471668822915
0.0033017845993032644	98.3107155731058
0.0033106599724341108	97.68400708296247
0.0033212931119080747	96.94550502821895
0.003333763886361628	96.09629405891148
0.003348171326517302	95.13763249014345
0.0033646375698260333	94.07095600623582
0.0033833132147213976	92.89788252693052
0.00340438467441484	91.62021864536084
0.003428084442376101	90.23996824085411
0.0034547057184678735	88.75934417375068
0.003484623771904871	87.18078446295699
0.003518328085609929	85.50697517712253
0.003556472475399575	83.74088372348888
0.003599956665664618	81.8858088864527
0.0036500667586276568	79.94545914983769
0.003708728823149701	77.92408161913451
0.0037790255348686135	75.82668831538363
0.0038663317343161576	73.6594886568258
0.0039813065442556505	71.43082022288226
0.004149845415835438	69.15354252610939
0.004459232537621111	66.85314748461963
0.005097375943892801	64.59165909570238
0.005677597854042069	62.401151478322454
0.006141074448234066	60.242572081949284
0.006564093183748009	58.09725284171384
0.006976790239957161	55.959094031221206
0.0073938381514455625	53.82690551307093
0.007823995644164734	51.70178790259012
0.008273470841269503	49.586003172042744
0.008747357221661126	47.482425211708545
0.009250325487354865	45.39425521546585
0.009786996912097508	43.324865026239536
0.010362174216513533	41.27770444402813
0.010981007827296942	39.25624183443858
0.011649135582197396	37.263922727606705
0.012372815704835635	35.30413859872414
0.013159064953526943	33.38020167076425
0.014015810408087394	31.495323438855536
0.0149520620958722	29.652595601653196
0.01597811358063808	27.85497263093615
0.017105778323997716	26.10525552646881
0.01834867092445669	24.406076494400207
0.019722544227607414	22.759884408957078
0.021245695855173493	21.168930998317983
0.02293946106392651	19.635257752558083
0.024828813235143327	18.160683593905325
0.026943099016545447	16.746793382356035
0.02931694261128516	15.394927356380313
0.03199136350622193	14.106171630464292
0.0350151648399801	12.881349889813722
0.03844666670985835	11.721016437901133
0.042355881498315824	10.62545076462315
0.04682725884131367	9.594653811430657
0.05196316907151317	8.628346114518623
0.05788834995429731	7.725968006983056
0.06475561813020307	6.886682055599927
0.07275325224776825	6.109377896245957
0.08211460140182895	5.392679613616299
0.09313067779891636	4.734955784922927
0.10616678245895936	4.134332273276496
0.12168462568807047	3.588707814099312
0.14027199767351525	3.095772387290216
0.16268291363810067	2.653028181835506
0.18989240152094952	2.257813405790391
0.2231719831821018	1.9073284846520313
0.26419472846839676	1.5986641067894132
0.31518297704343706	1.328831144356376
0.37910592684622857	1.0948315316861736
0.4600439876941576	0.8934920999552407
0.56350434514873	0.7218932805724844
0.6971946421586468	0.5770045777570468
0.8719320760643765	0.4559136190645348
1.1031305658257575	0.3558156148832001
1.4130750655235014	0.2740400389534693
1.8344878785944938	0.20807423299134767
2.416221045771399	0.15558333597808652
3.2325159893510036	0.11442602308664933
4.398373954814769	0.08266565247969998
6.0956290429149185	0.05857655900043721
8.61821616587952	0.040645398432247744
12.452752095470265	0.027567629017856834
18.425882776144977	0.018239410767171914
27.9816341222609	0.011745396896947254
118711.45093099028	1.919051606653076e-06
0.6	88
0.0032930915399345105	99.6838589123842
0.0033057684350877655	99.51178341979923
0.0033200725227721085	99.22526531243018
0.0033360544978664882	98.82471668822915
0.0033537768880704546	98.3107155731058
0.0033733161415060685	97.68400708296247
0.0033947648213852595	96.94550502821895
0.0034182344257677804	96.09629405891148
0.0034438591000812177	95.13763249014345
0.003471800574472798	94.07095600623582
0.0035022548049727822	92.89788252693052
0.003535461036800184	91.62021864536084
0.00357171439638448	90.23996824085411
0.0036113837657754627	88.75934417375068
0.0036549378100338265	87.18078446295699
0.0037029840362287725	85.50697517712253
0.0037563295492824564	83.74088372348888
0.0038160797261235333	81.8858088864527
0.003883807788920893	79.94545914983769
0.0039618604204243275	77.92408161913451
0.004053979431074784	75.82668831538363
0.004166666677153294	73.6594886568258
0.004312777835386224	71.43082022288226
0.004523471292030487	69.15354252610939
0.004903614220365025	66.85314748461963
0.005678923548901084	64.59165909570238
0.006385288033334194	62.401151478322454
0.0069515805677909815	60.242572081949284
0.007468910551702821	58.09725284171384
0.007973163066771899	55.959094031221206
0.008481842481528631	53.82690551307093
0.009005485007213064	51.70178790259012
0.009551625864596935	49.586003172042744
0.01012647607648487	47.482425211708545
0.010735731731663497	45.39425521546585
0.011385015660176273	43.324865026239536
0.012080154387724357	41.27770444402813
0.012827379592674002	39.25624183443858
0.013633498034485715	37.263922727606705
0.014506053162093099	35.30413859872414
0.015453492552545732	33.38020167076425
0.016485351357114302	31.495323438855536
0.01761246045887692	29.652595601653196
0.01884718795457749	27.85497263093615
0.020203723386974234	26.10525552646881
0.021698415696417655	24.406076494400207
0.023350178116419547	22.759884408957078
0.02518097629477926	21.168930998317983
0.02721641995165752	19.635257752558083
0.02948648364897442	18.160683593905325
0.03202638910764933	16.746793382356035
0.034877690473850975	15.394927356380313
0.03808961569079451	14.106171630464292
0.04172073262114943	12.881349889813722
0.045841029082392695	11.721016437901133
0.05053452329465847	10.62545076462315
0.055902557889916056	9.594653811430657
0.06206798008373181	8.628346114518623
0.06918047779248712	7.725968006983056
0.0774234333934064	6.886682055599927
0.08702278350904305	6.109377896245957
0.09825854915494947	5.392679613616299
0.11147994695706577	4.734955784922927
0.12712534001033154	4.134332273276496
0.14574878246062947	3.588707814099312
0.16805562423169473	3.095772387290216
0.19495068522198747	2.653028181835506
0.2276040005319466	2.257813405790391
0.267541397918869	1.9073284846520313
0.3167705626846137	1.5986641067894132
0.3779583038794795	1.328831144356376
0.45466766043355833	1.0948315316861736
0.5517951256192709	0.8934920999552407
0.6759493234329355	0.7218932805724844
0.8363794268369313	0.5770045777570468
1.0460660740396075	0.4559136190645348
1.3235059692012676	0.3558156148832001
1.695441058642619	0.2740400389534693
2.2011381079341006	0.20807423299134767
2.8992195674308565	0.15558333597808652
3.8787751454028725	0.11442602308664933
5.277806337988646	0.08266565247969998
7.314514067708645	0.05857655900043721
10.341620230923033	0.040645398432247744
14.943064955514473	0.027567629017856834
22.11082337670057	0.018239410767171914
33.57772659368829	0.011745396896947254
142453.74090288012	1.919051606653076e-06
0.7	88
0.003303392980837243	99.6838589123842
0.003326399354649778	99.51178341979923
0.003351078351569426	99.22526531243018
0.003377505634930286	98.82471668822915
0.003405769176837645	98.3107155731058
0.003435972310578025	97.68400708296247
0.0034682365308624443	96.94550502821895
0.003502704965173932	96.09629405891148
0.0035395468736451326	95.13763249014345
0.003578963579119563	94.07095600623582
0.0036211963952241673	92.89788252693052
0.0036665373991855285	91.62021864536084
0.00371534435039286	90.23996824085411
0.0037680618130830523	88.75934417375068
0.003825251848162783	87.18078446295699
0.003887639986847616	85.50697517712253
0.003956186623165338	83.74088372348888
0.004032202786582449	81.8858088864527
0.004117548819214129	79.94545914983769
0.004214992017698955	77.92408161913451
0.004328933327280954	75.82668831538363
0.0044670016199904305	73.6594886568258
0.0046442491265167975	71.43082022288226
0.004897097168225534	69.15354252610939
0.00534799590310894	66.85314748461963
0.006260471153909366	64.59165909570238
0.007092978212626318	62.401151478322454
0.007762086687347897	60.242572081949284
0.008373727919657632	58.09725284171384
0.008969535893586636	55.959094031221206
0.009569846811611701	53.82690551307093
0.01018697437026139	51.70178790259012
0.010829780887924368	49.586003172042744
0.011505594931308613	47.482425211708545
0.01222113797597213	45.39425521546585
0.01298303440825504	43.324865026239536
0.013798134558935181	41.27770444402813
0.01467375135805106	39.25624183443858
0.015617860486774035	37.263922727606705
0.01663929061935056	35.30413859872414
0.01774792015156452	33.38020167076425
0.018954892306141214	31.495323438855536
0.020272858821881637	29.652595601653196
0.0217162623285169	27.85497263093615
0.02330166844995075	26.10525552646881
0.025048160468378617	24.406076494400207
0.02697781200523168	22.759884408957078
0.02911625673438503	21.168930998317983
0.031493378839388526	19.635257752558083
0.03414415406280551	18.160683593905325
0.037109679198753215	16.746793382356035
0.040438438336416783	15.394927356380313
0.044187867875367104	14.106171630464292
0.048426300402318746	12.881349889813722
0.053235391454927034	11.721016437901133
0.0587131650910011	10.62545076462315
0.06497785693851846	9.594653811430657
0.07217279109595046	8.628346114518623
0.08047260563067693	7.725968006983056
0.09009124865660972	6.886682055599927
0.10129231477031787	6.109377896245957
0.11440249690806996	5.392679613616299
0.12982921611521517	4.734955784922927
0.1480838975617037	4.134332273276496
0.1698129392331885	3.588707814099312
0.19583925078987421	3.095772387290216
0.22721845680587427	2.653028181835506
0.26531559954294365	2.257813405790391
0.3119108126556362	1.9073284846520313
0.36934639690083054	1.5986641067894132
0.44073363071552196	1.328831144356376
0.5302293940208881	1.0948315316861736
0.643546263544384	0.8934920999552407
0.7883943017171405	0.7218932805724844
0.9755642115152159	0.5770045777570468
1.2202000720148383	0.4559136190645348
1.5438813725767777	0.3558156148832001
1.9778070517617372	0.2740400389534693
2.567788337273707	0.20807423299134767
3.3822180890903137	0.15558333597808652
4.525034301454742	0.11442602308664933
6.157238721162523	0.08266565247969998
8.533399092502373	0.05857655900043721
12.065024295966547	0.040645398432247744
17.43337781555868	0.027567629017856834
25.795763977256158	0.018239410767171914
39.17381906511567	0.011745396896947254
166196.03087477	1.919051606653076e-06
0.8	88
0.003313694421739976	99.6838589123842
0.0033470302742117904	99.51178341979923
0.0033820841803667433	99.22526531243018
0.0034189567719940844	98.82471668822915
0.0034577614656048357	98.3107155731058
0.003498628479649983	97.68400708296247
0.003541708240339628	96.94550502821895
0.003587175504580084	96.09629405891148
0.0036352346472090483	95.13763249014345
0.0036861265837663283	94.07095600623582
0.0037401379854755524	92.89788252693052
0.003797613761570872	91.62021864536084
0.0038589743044012393	90.23996824085411
0.003924739860390642	88.75934417375068
0.003995565886291738	87.18078446295699
0.004072295937466459	85.50697517712253
0.004156043697048222	83.74088372348888
0.004248325847041364	81.8858088864527
0.004351289849507366	79.94545914983769
0.0044681236149735825	77.92408161913451
0.004603887223487125	75.82668831538363
0.004767336562827566	73.6594886568258
0.004975720417647371	71.43082022288226
0.005270723044420582	69.15354252610939
0.005792377585852855	66.85314748461963
0.006842018758917649	64.59165909570238
0.007800668391918445	62.401151478322454
0.008572592806904814	60.242572081949284
0.009278545287612447	58.09725284171384
0.009965908720401373	55.959094031221206
0.010657851141694772	53.82690551307093
0.01136846373330972	51.70178790259012
0.012107935911251802	49.586003172042744
0.012884713786132356	47.482425211708545
0.013706544220280762	45.39425521546585
0.014581053156333807	43.324865026239536
0.015516114730146005	41.27770444402813
0.016520123123428123	39.25624183443858
0.01760222293906236	37.263922727606705
0.018772528076608022	35.30413859872414
0.02004234775058331	33.38020167076425
0.02142443325516813	31.495323438855536
0.022933257184886358	29.652595601653196
0.024585336702456315	27.85497263093615
0.026399613512927272	26.10525552646881
0.028397905240339583	24.406076494400207
0.030605445894043813	22.759884408957078
0.03305153717399081	21.168930998317983
0.03577033772711954	19.635257752558083
0.038801824476636604	18.160683593905325
0.0421929692898571	16.746793382356035
0.045999186198982606	15.394927356380313
0.05028612005993971	14.106171630464292
0.05513186818348807	12.881349889813722
0.060629753827461386	11.721016437901133
0.06689180688734377	10.62545076462315
0.07405315598712087	9.594653811430657
0.08227760210816912	8.628346114518623
0.09176473346886672	7.725968006983056
0.10275906391981307	6.886682055599927
0.1155618460315927	6.109377896245957
0.13054644466119045	5.392679613616299
0.1481784852733646	4.734955784922927
0.16904245511307595	4.134332273276496
0.1938770960057475	3.588707814099312
0.22362287734805375	3.095772387290216
0.25948622838976104	2.653028181835506
0.3030271985539407	2.257813405790391
0.3562802273924035	1.9073284846520313
0.4219222311170474	1.5986641067894132
0.5035089575515643	1.328831144356376
0.6057911276082177	1.0948315316861736
0.7352974014694975	0.8934920999552407
0.9008392800013458	0.7218932805724844
1.1147489961935004	0.5770045777570468
1.39433406999007	0.4559136190645348
1.7642567759522882	0.3558156148832001
2.2601730448808555	0.2740400389534693
2.9344385666133137	0.20807423299134767
3.865216610749772	0.15558333597808652
5.171293457506612	0.11442602308664933
7.036671104336401	0.08266565247969998
9.7522841172961	0.05857655900043721
13.788428361010064	0.040645398432247744
19.92369067560289	0.027567629017856834
29.480704577811743	0.018239410767171914
44.76991153654308	0.011745396896947254
189938.32084665983	1.919051606653076e-06
0.9	88
0.0033239958626427083	99.6838589123842
0.0033676611937738044	99.51178341979923
0.0034130900091640607	99.22526531243018
0.0034604079090578828	98.82471668822915
0.003509753754372026	98.3107155731058
0.003561284648721939	97.68400708296247
0.003615179949816813	96.94550502821895
0.0036716460439862354	96.09629405891148
0.0037309224207729636	95.13763249014345
0.003793289588413094	94.07095600623582
0.0038590795757269375	92.89788252693052
0.003928690123956217	91.62021864536084
0.004002604258409619	90.23996824085411
0.004081417907698231	88.75934417375068
0.0041658799244206944	87.18078446295699
0.004256951888085302	85.50697517712253
0.004355900770931103	83.74088372348888
0.004464448907500278	81.8858088864527
0.004585030879800603	79.94545914983769
0.004721255212248209	77.92408161913451
0.004878841119693295	75.82668831538363
0.005067671505664703	73.6594886568258
0.005307191708777943	71.43082022288226
0.005644348920615629	69.15354252610939
0.006236759268596769	66.85314748461963
0.007423566363925933	64.59165909570238
0.008508358571210569	62.401151478322454
0.00938309892646173	60.242572081949284
0.010183362655567258	58.09725284171384
0.01096228154721611	55.959094031221206
0.011745855471777842	53.82690551307093
0.012549953096358049	51.70178790259012
0.013386090934579233	49.586003172042744
0.014263832640956101	47.482425211708545
0.015191950464589396	45.39425521546585
0.016179071904412572	43.324865026239536
0.017234094901356828	41.27770444402813
0.01836649488880518	39.25624183443858
0.019586585391350678	37.263922727606705
0.020905765533865483	35.30413859872414
0.022336775349602097	33.38020167076425
0.023893974204195038	31.495323438855536
0.02559365554789108	29.652595601653196
0.027454411076395728	27.85497263093615
0.029497558575903783	26.10525552646881
0.03174765001230054	24.406076494400207
0.034233079782855946	22.759884408957078
0.036986817613596575	21.168930998317983
0.04004729661485055	19.635257752558083
0.04345949489046769	18.160683593905325
0.047276259380960986	16.746793382356035
0.051559934061548414	15.394927356380313
0.05638437224451229	14.106171630464292
0.06183743596465739	12.881349889813722
0.06802411619999574	11.721016437901133
0.07507044868368638	10.62545076462315
0.08312845503572326	9.594653811430657
0.09238241312038778	8.628346114518623
0.10305686130705655	7.725968006983056
0.1154268791830164	6.886682055599927
0.1298313772928675	6.109377896245957
0.146690392414311	5.392679613616299
0.16652775443151402	4.734955784922927
0.1900010126644481	4.134332273276496
0.21794125277830653	3.588707814099312
0.25140650390623326	3.095772387290216
0.29175399997364787	2.653028181835506
0.34073879756493775	2.257813405790391
0.4006496421291707	1.9073284846520313
0.4744980653332643	1.5986641067894132
0.5662842843876068	1.328831144356376
0.6813528611955474	1.0948315316861736
0.8270485393946106	0.8934920999552407
1.0132842582855512	0.7218932805724844
1.253933780871785	0.5770045777570468
1.568468067965301	0.4559136190645348
1.9846321793277983	0.3558156148832001
2.542539037999973	0.2740400389534693
3.3010887959529205	0.20807423299134767
4.34821513240923	0.15558333597808652
5.8175526135584805	0.11442602308664933
7.916103487510277	0.08266565247969998
10.971169142089828	0.05857655900043721
15.511832426053578	0.040645398432247744
22.4140035356471	0.027567629017856834
33.165645178367335	0.018239410767171914
50.36600400797046	0.011745396896947254
213680.61081854967	1.919051606653076e-06
