# Table format: 1D
# table_unit = barA
# axis1_unit = m**3/kg
# This file was automatically generated by generate_data_files.py
0.001296224293381131	6.26210935068225e-06
0.0013029487443181954	1.119379674945897e-05
0.0013231064083906398	5.356922980138603e-05
0.001343297872383632	0.0002048917736114672
0.0013635897082797889	0.0006528056388383668
0.0013703864863381164	0.0009276471520275507
0.0013840419369372649	0.0017887886370619981
0.0014047098056604386	0.004325201852502968
0.0014116560353795635	0.005665703577368314
0.0014186338496092802	0.007340255733373354
0.0014256450872264259	0.009411513360362023
0.0014326915347366168	0.011948243487867266
0.0014397749853029584	0.015027394883377556
0.0014468972233448545	0.018733839970405116
0.0014540599910294837	0.023158403725864314
0.001461265040041725	0.028400066175471337
0.0014685141255668505	0.03456572604002703
0.0014758089702121948	0.041767406311300874
0.0014831513067293444	0.05012431026161402
0.001490542882414667	0.059762924994594596
0.00149798542171363	0.0708135242587631
0.0015054806577895676	0.08341169592271319
0.001513030348750537	0.09769919097420843
0.0015206362399558986	0.1138199244661198
0.0015283000822416105	0.1319205532502191
0.0015360236617629366	0.15215250278130013
0.0015438087614448126	0.17466756476446665
0.0015516571666929825	0.19961743051063516
0.0015595707075679254	0.227156954197337
0.0015675512201562337	0.2574395664140001
0.0015756005407899926	0.29061581289969585
0.001583720558559508	0.32683768169740524
0.0015919131779149804	0.3662541091841099
0.0016001803021306613	0.40900864372161805
0.0016085240226252908	0.45525183375172107
0.0016169457959800432	0.5050920938627902
0.0016254484313237849	0.5587082821078415
0.0016340334141513079	0.6161968949046953
0.0016427029767236256	0.6776903746254359
0.001651459204413714	0.7433035951467319
0.001660304251707239	0.8131478885762973
0.0016692403188614455	0.8873283390394284
0.0016782696069458205	0.9659399468373053
0.0016873943880831327	1.0490727413619265
0.0016966169916129907	1.136810038300094
0.0017059397512055269	1.2292245092889338
0.001715365070972652	1.3263825863303096
0.0017248954245296566	1.4283437774538412
0.0017345332953366893	1.535156820621932
0.001744281233394635	1.6468631168368293
0.0017541418714044884	1.7634971448711556
0.0017641178598924458	1.8850828497510506
0.0017742119077880877	2.0116359191102924
0.0017844268211501166	2.1431652996866384
0.0017947654337323357	2.279669876914479
0.0018052306258586994	2.421139611119758
0.0018158253902199187	2.5675580116224483
0.001826552757033726	2.718899092229944
0.001837415790479595	2.8751276463443403
0.0018484176805106036	3.03620228921298
0.0018595616647587591	3.202072787429547
0.001870851001542714	3.3726797077398336
0.0018822890856186692	3.547957691386044
0.0018938793698385526	3.727833228008904
0.0019056253139324787	3.912223883385487
0.001917530864129241	4.101055447827864
0.0019295983271769494	4.294177662084663
0.0019418334042460535	4.491567183196056
0.0019542385553274737	4.693061725347568
0.001966818006093769	4.898558109476827
0.001979575625919914	5.107932356468219
0.001992515425661712	5.321055276162918
0.002005641508068205	5.537791699370195
0.002018957943470635	5.757999356591357
0.0020324689327575387	5.981531029544733
0.0020461787827665695	6.208234225928805
0.002060091759903326	6.437950143082493
0.002074212242436234	6.670515324361504
0.0020885447326544062	6.905761721387247
0.002103093691426582	7.1435157964592015
0.0021178636645277278	7.383599695845053
0.002132859347099547	7.625831629938368
0.0021480854036323173	7.870025143388542
0.0021635465482193568	8.115989855597029
0.0021792476832555316	8.363532081597288
0.0021951937031680704	8.61245425343402
0.002211389518120957	8.86255535875991
0.002227840280347998	9.113631664071097
0.002244551173353279	9.365476290525983
0.0022615273724711045	9.617879477008419
0.0022787743666293045	9.870629279988362
0.002296297740380323	10.123511308215939
0.0023141030614121	10.376308903824944
0.002332196306190747	10.628803739375435
0.002369271247391527	11.132003054178291
0.0023882658106284594	11.382262902261003
0.002447162513097975	12.124992404234225
0.002509095599837394	12.850904254371615
0.0025743174024045077	13.5538858552899
0.0026431423156050055	14.227850161489723
0.0027159733601137253	14.866787650216493
0.002741227672600059	15.070962273956948
0.00279334058388196	15.464820439107527
0.002820254457779015	15.654084766853359
0.002875959171682974	16.016258237989945
0.0029048267201179385	16.18876699538198
0.0029648226374409435	16.51565497941176
0.002996061518703974	16.66965672813511
0.003061362987323408	16.95786415659727
0.0030955930340381085	17.09171902877056
0.003205949358933653	17.450285967650426
0.003331371555113421	17.741099263108737
0.003479930875037911	17.96034409410689
0.003670861257100252	18.10467330890473
0.00385114997395913	18.157837881200457
0.004412968434960823	18.175695498990343
0.004971276502648775	18.157837881200457
0.005306469709785037	18.10467330890473
0.005760765956446741	17.96034409410689
0.0062113875637776405	17.741099263108737
0.006682152250222294	17.450285967650426
0.007186661651942428	17.09171902877056
0.007364199352129849	16.95786415659727
0.007735551930197417	16.66965672813511
0.007930084192736947	16.51565497941176
0.00833870381058417	16.18876699538198
0.008553539183604394	16.016258237989945
0.00900621751434366	15.654084766853359
0.009244878234083915	15.464820439107527
0.009749004456233213	15.070962273956948
0.010015391542141533	14.866787650216493
0.01087781752962776	14.227850161489723
0.011846839452198912	13.5538858552899
0.01293965946673586	12.850904254371615
0.014176693244625777	12.124992404234225
0.015582431460346262	11.382262902261003
0.016093450493085266	11.132003054178291
0.017186526544381922	10.628803739375435
0.017771339600556612	10.376308903824944
0.019025183309677177	9.870629279988362
0.019697612031418545	9.617879477008419
0.02114296183844866	9.113631664071097
0.021920105635967094	8.86255535875991
0.02359514374522982	8.363532081597288
0.024498328285740726	8.115989855597029
0.026450874525219707	7.625831629938368
0.02750692068109638	7.383599695845053
0.031040325705922304	6.670515324361504
0.03521915810091329	5.981531029544733
0.040198998467423586	5.321055276162918
0.04618268847285524	4.693061725347568
0.050858467869117074	4.294177662084663
0.0534375132251359	4.101055447827864
0.056197167579888574	3.912223883385487
0.06232144570691165	3.547957691386044
0.06572360417411752	3.3726797077398336
0.07331730553249234	3.03620228921298
0.07756015710311866	2.8751276463443403
0.08708941995237124	2.5675580116224483
0.09244755317201747	2.421139611119758
0.10456441187365449	2.1431652996866384
0.11142514812957181	2.0116359191102924
0.13597747862602513	1.6468631168368293
0.16826655072335786	1.3263825863303096
0.21150879451971788	1.0490727413619265
0.270602711124602	0.8131478885762973
0.35320377601499536	0.6161968949046953
0.387900296353031	0.5587082821078415
0.4716162456718404	0.45525183375172107
0.5222519553659356	0.40900864372161805
0.6462978638060981	0.32683768169740524
0.7224767229030323	0.29061581289969585
0.9123771944595267	0.227156954197337
1.0310506796784649	0.19961743051063516
1.3327583565194054	0.15215250278130013
1.5250748096265567	0.1319205532502191
2.025122622960308	0.09769919097420843
2.3511478414180256	0.08341169592271319
2.7442217865151193	0.0708135242587631
3.2210274144690554	0.059762924994594596
3.803042497104937	0.05012431026161402
4.518132947838515	0.041767406311300874
5.402928114598798	0.03456572604002703
6.505713885106873	0.028400066175471337
7.8905710662741315	0.023158403725864314
9.643913269216474	0.018733839970405116
11.882788028739636	0.015027394883377556
14.766667656732592	0.011948243487867266
18.516974865328915	0.009411513360362023
23.443176425049042	0.007340255733373354
29.980073133115702	0.005665703577368314
168.16704551208753	0.0009276471520275507
20547.247208188634	6.26210935068225e-06
