# Table format: T1D
# table_unit = barA
# axis1_unit = m**3/kg
# axis2_unit = degC
# This file was automatically generated by generate_data_files.py
-80	120
0.0006283836217550055	600.0000000000001
0.0006333470848731698	480.546646531427
0.0006376289622731064	384.8751324876684
0.0006412846075846733	308.25075708381286
0.0006443761983937472	246.88144601233293
0.0006469687147178597	197.73008495342756
0.000649126565283873	158.36421540457295
0.0006509110321308263	126.83565440541348
0.0006523785533742042	101.5840806419011
0.0006535797561384594	81.3598154890727
0.0006545590933250472	65.1619774928159
0.0006553549216205939	52.18894960921509
0.000655999870258268	41.7987078678433
0.0006565213768021559	33.47704815873145
0.0006569422971960592	26.81213871408251
0.0006572815261258612	21.474138908979697
0.0006575545874006239	17.198875733100383
0.0006577741718409388	13.774770096086902
0.0006579506125912465	11.032365960693257
0.0006580922958718213	8.835944109531015
0.0006582060100587405	7.076805517957087
0.0006582972385970185	5.667891933015636
0.0006583704033796676	4.539477435521985
0.0006584290654269744	3.63571776440862
0.0006584760893673731	2.9118866323688364
0.0006585137776135476	2.332162260440895
0.000658543979408939	1.8678545890367106
0.0006585681791889125	1.4959854316165493
0.0006585875680120687	1.19815130403867
0.0006586031011973319	0.9596126519883984
0.0006586155447612436	0.7685644031369248
0.0006586255127872164	0.615551744284796
0.0006586334974689204	0.493002210804382
0.0006586398932456204	0.394850931891043
0.0006586450161795126	0.31624048533341653
0.00065864911950549	0.2532805078740737
0.0006586524061045465	0.20285516448443836
0.0006586550385063336	0.16246894837429673
0.0006586571469083249	0.1301231805112597
0.0006586588356035928	0.10421709671781582
0.0006586589025454053	0.10319016475059092
0.000806656806497419	0.10318603117891278
0.0009879092212281425	0.10318603117891278
0.0012098882963937625	0.10318603117891278
0.0014817451424644112	0.10318603117891278
0.001814687086205456	0.10318603117891278
0.0022224396938894924	0.10318603117891278
0.0027218126091940503	0.10318603117891278
0.003333392532511206	0.10318603117891278
0.004082391909813244	0.10318603117891278
0.004999688318361169	0.10318603117891278
0.006123097398040023	0.10318603117891278
0.007498931805047808	0.10318603117891278
0.00918391045596592	0.10318603117891278
0.01124749677099677	0.10318603117891278
0.01377476231068909	0.10318603117891278
0.016869893859873055	0.10318603117891278
0.020660488538705394	0.10318603117891278
0.025302814007223926	0.10318603117891278
0.030988250615891996	0.10318603117891278
0.037951181080459064	0.10318603117891278
0.046478652933804376	0.10318603117891278
0.05692221209034666	0.10318603117891278
0.06971239536294356	0.10318603117891278
0.08537647938779812	0.10318603117891278
0.10456021765864823	0.10318603117891278
0.12805446178173502	0.10318603117891278
0.156827764415557	0.10318603117891278
0.19206630795499186	0.10318603117891278
0.2352228050239451	0.10318603117891278
0.2880763867044223	0.10318603117891278
0.3528059474004989	0.10318603117891278
0.4320799699868387	0.10318603117891278
0.5291665342928497	0.10318603117891278
0.6480680440336891	0.10318603117891278
0.7936862263198616	0.10318603117891278
0.9720242058673644	0.10318603117891278
1.1904339844387135	0.10318603117891278
1.4579195278805686	0.10318603117891278
1.7855079555525977	0.10318528435992279
1.8036911741463568	0.10215339183231448
2.3490880690366094	0.07858175081694584
3.0580648831134853	0.06044920732140754
3.9796951069136672	0.04650070312506354
5.177770739698198	0.035770781569198995
6.735217899299929	0.027516762717114226
8.759836730717913	0.02116733817977136
11.391762942391217	0.01628302755753077
14.81316744666478	0.012525759459575583
19.260865484208153	0.009635471627423784
25.04270798940974	0.007412110521722775
32.558889741749184	0.005701784459607442
42.329649165753075	0.0043861118811629254
55.031277044193345	0.0033740274769002883
71.54292651660114	0.0025954790309315502
93.0074643542976	0.0019965787019002607
120.91057538093047	0.00153587313377407
157.1835953131794	0.0011814742292922769
204.3371896774503	0.000908851990301899
265.6351314936809	0.0006991366546949722
345.32020588497994	0.000537812611023399
448.90787777786994	0.00041371368906698193
583.5680491333521	0.0003182502846032457
758.6213293349956	0.0002448148232137632
986.1841684782214	0.00018832441183801169
1282.0075069674178	0.00014486902234332998
1666.5669892105739	0.00011144085586081306
2166.480201407428	8.572615562737866e-05
2816.3490286562715	6.594505849657363e-05
3661.1546515716536	5.0728400314823404e-05
4759.37095398242	3.902294815061367e-05
6187.011838666006	3.001849995101278e-05
8042.892589252079	2.309180577108144e-05
10455.469447586489	1.7763429040076354e-05
13591.730813267704	1.3664561983151072e-05
17668.755476705435	1.051149830193904e-05
22968.737897868432	8.08599622058196e-06
29858.5205171758	6.220172710031697e-06
38814.985042750144	4.784883332512663e-06
50458.06019189599	3.6807834079643835e-06
-60	119
0.000645561083002304	600.0000000000001
0.0006506650363986554	496.68702101251023
0.0006552212489647381	411.16332807047104
0.0006592551526089521	340.3658142815194
0.0006627989345652798	281.758803916643
0.0006658896242498721	233.2432349356756
0.0006685671899336609	193.08147921920363
0.000670872787491605	159.83510787679188
0.0006728472627266483	132.3133726408954
0.0006745299627276309	109.53055816187417
0.0006759578692548545	90.67067773876492
0.0006771650341215623	75.05824803208745
0.0006781822752664502	62.13409602912614
0.0006790370820793758	51.43533176668659
0.0006797536771950586	42.57876951664291
0.0006803531864650831	35.247203649332796
0.0006808538764369603	29.178047632680688
0.0006812714273195078	24.15392926272887
0.000681619217724236	19.994905285419495
0.0006819086046945417	16.5520165694039
0.0006821491883773933	13.701953002678241
0.0006823490551550894	11.34263703158948
0.0006825149962929463	9.389567662743932
0.000682652701390997	7.77279398500615
0.0006827669273792008	6.434409815594448
0.0006828616446686043	5.326479738802111
0.0006829401625328514	4.409322256581865
0.0006830052359763975	3.6500885605096816
0.0006830591563458792	3.021586022585664
0.0006831038278300864	2.5013042671518546
0.0006831408318213271	2.0706089418292315
0.00068317148090993	1.714074311665048
0.0006831968640757716	1.418930772758305
0.0006832178844393284	1.1746074975738359
0.0006832352907474069	0.9723538313815165
0.0006832497035991565	0.8049258797983101
0.0006832616372675428	0.666327062288162
0.0006832715178399117	0.5515933393132084
0.0006832796982875159	0.4566154208563678
0.0006832864709763365	0.3779915885558722
0.0006832867944452198	0.37424664542075775
0.0008106866021750167	0.37424664542075775
0.0009618402876930819	0.37424664542075775
0.001141176795752431	0.37424664542075775
0.0013539508542392605	0.37424664542075775
0.0016063969426284388	0.37424664542075775
0.0019059119680794455	0.37424664542075775
0.002261272001753722	0.37424664542075775
0.0026828894259307875	0.37424664542075775
0.0031831180265748326	0.37424664542075775
0.003776614970850106	0.37424664542075775
0.00448077027586581	0.37424664542075775
0.0053162163524875395	0.37424664542075775
0.0063074325543268014	0.37424664542075775
0.007483462445761093	0.37424664542075775
0.008878764805610168	0.37424664542075775
0.010534223301674377	0.37424664542075775
0.012498344420546178	0.37424664542075775
0.014828678753161514	0.37424664542075775
0.017593507281091082	0.37424664542075775
0.020873842073341326	0.37424664542075775
0.02476580001595752	0.37424664542075775
0.02938341912693326	0.37424664542075775
0.03486199997709408	0.37424664542075775
0.0413620701237213	0.37424664542075775
0.049074087718539515	0.37424664542075775
0.058224022110193216	0.37424664542075775
0.0690799749580991	0.37424664542075775
0.0819600358625201	0.37424664542075775
0.09724160268818997	0.37424664542075775
0.11537243967571195	0.37424664542075775
0.13688379735376774	0.37424664542075775
0.16240597867786857	0.37424664542075775
0.19268680749811423	0.37424664542075775
0.22861354049938584	0.37424664542075775
0.27123886465437347	0.37424664542075775
0.32181174193919304	0.37424664542075775
0.3818140050906887	0.37424664542075775
0.4530037766954399	0.37424664542075775
0.5430010350045842	0.37050660660427065
0.7331490937039644	0.27575132332248065
0.9885962680690995	0.20522924816645613
1.3317945257782817	0.15274285466877757
1.7929059918783121	0.11367960395900611
2.4124543201428175	0.08460659180620983
3.244886297659483	0.06296886273147065
4.363356851591221	0.046864878835643824
5.866158051532287	0.034879411394893985
7.885357134488283	0.02595916962723431
10.598402689431701	0.019320236804058394
14.243718971905908	0.01437917913111077
19.141658793339932	0.010701773201927818
25.722656342030156	0.007964846158547943
34.565054026006145	0.005927875047651736
46.44592758662499	0.00441184950482186
62.4093760279102	0.0032835402056775017
83.85827772594176	0.002443790584995484
112.67757630585078	0.0018188028923740033
151.3999307306716	0.0013536527972646038
203.4282870411374	0.0010074626025861262
273.334931497705	0.0007498088857501967
367.26330611213956	0.0005580488682227682
493.46789838254756	0.0004153305532157476
663.0396510977785	0.0003091117610969485
890.8806417031496	0.0002300579143736208
1197.0136866928701	0.00017122170886710634
1608.3419599267247	0.0001274325800405226
2161.0132612889997	9.484231037775788e-05
2903.5967091784028	7.05868454906162e-05
3901.351026659727	5.2534599130607074e-05
5241.959521078798	3.909912798384629e-05
7043.235750930991	2.909971398652079e-05
9463.477059068757	2.1657602042868208e-05
12715.37584757386	1.6118774447904088e-05
17084.71112630297	1.1996475380244695e-05
22955.462960718378	8.928434479553784e-06
30843.556893239875	6.645030288392815e-06
41442.2038201169	4.94559574075127e-06
55682.8198220991	3.6807834079643835e-06
-40	119
0.0006635329105974979	600.0000000000001
0.0006688158237668374	510.0239658139653
0.0006736636125289843	433.5407428410064
0.0006780837173557027	368.52694834283756
0.0006820888101802523	313.2626261718872
0.0006856960955845259	266.2857449024726
0.0006889264845538949	226.35351942480742
0.0006918036992881411	192.40953275498114
0.0006943533680412264	163.5557882601792
0.0006966021630058594	139.02895293380914
0.000698577023420923	118.18016323044073
0.0007003044925841188	100.4578592188852
0.0007018101835816014	85.39319292666126
0.0007031183761574515	72.58762484995457
0.0007042517374090824	61.70238049165026
0.0007052311523659536	52.449487997522745
0.0007060756468646782	44.58415978901412
0.0007068023839800647	37.89831664679417
0.000707426715951931	32.215082923118906
0.0007079622754014045	27.384107252458083
0.0007084210920922198	23.27758496862269
0.0007088137241335782	19.786877000447483
0.0007091493950528105	16.819635798068905
0.000709436130419962	14.297362255462708
0.000709680889605628	12.153328997016647
0.0007098896897837727	10.330815088167132
0.0007100677204769182	8.781605468929582
0.0007102194478259304	7.464715412461771
0.0007103487084017457	6.34530626389397
0.0007104587928122567	5.393763775025652
0.0007105525196397685	4.584914652003804
0.0007106323004117017	3.897360589555894
0.0007107001963911442	3.312912173487245
0.0007107579679993507	2.8161076751922076
0.0007108071176683799	2.393804007767793
0.0007108489268829837	2.034829022371819
0.0007108844881169654	1.729685946239045
0.0007109147323078274	1.470302143189198
0.0007109404524496923	1.2498155500235455
0.0007109623238215576	1.0623931389316164
0.0008221125613057115	1.0518730678442094
0.000950638091702132	1.0518730678442094
0.001099256748929562	1.0518730678442094
0.0012711098057343715	1.0518730678442094
0.0014698296278894182	1.0518730678442094
0.0016996164495587363	1.0518730678442094
0.001965327151391436	1.0518730678442094
0.002272577917799738	1.0518730678442094
0.002627862943232881	1.0518730678442094
0.003038691696477668	1.0518730678442094
0.0035137476442674786	1.0518730678442094
0.004063071789055382	1.0518730678442094
0.0046982749002907635	1.0518730678442094
0.005432782925017947	1.0518730678442094
0.006282120764908828	1.0518730678442094
0.007264240417772316	1.0518730678442094
0.008399900419291399	1.0518730678442094
0.009713104605044116	1.0518730678442094
0.011231609466685543	1.0518730678442094
0.012987510826006125	1.0518730678442094
0.015017922227080658	1.0518730678442094
0.01736575938531863	1.0518730678442094
0.02008064727389418	1.0518730678442094
0.02321996902015439	1.0518730678442094
0.026850078781966005	1.0518730678442094
0.031047704239916638	1.0518730678442094
0.03590156834909501	1.0518730678442094
0.04151426462854636	1.0518730678442094
0.048004425625389716	1.0518730678442094
0.05550923038725791	1.0518730678442094
0.0641873039421594	1.0518730678442094
0.07422207007051027	1.0518730678442094
0.08582562823507812	1.0518730678442094
0.0992432366134246	1.0518730678442094
0.11475849598829595	1.0518730678442094
0.1326993440650675	1.0518730678442094
0.15344498691491287	1.0518730678442094
0.17743391404988873	1.0518730678442094
0.20517316654027218	1.0518730678442094
0.20732948161568568	1.0413556510319797
0.2891744182998261	0.7547670886402575
0.40202306163577334	0.5470497591576384
0.5576744544103474	0.39649773221241674
0.7723969324072658	0.2873787055343304
1.0686299954422356	0.20829001955134285
1.4773300163312546	0.1509671085894565
2.0412054958985553	0.10941987486943831
2.819180182492841	0.07930673858901546
3.8925505473938617	0.05748095392296185
5.373481105827462	0.041661782121895224
7.41672534646099	0.030196160138513447
10.23579708809646	0.021885959761465665
14.125282134781722	0.015862786277569232
19.491621743220144	0.011497233442367779
26.895584697682537	0.008333112135238071
37.11086621653242	0.0060397797614998375
51.204937126817654	0.0043775889458111585
70.65059183937147	0.0031728449935613736
97.47985160300912	0.0022996552389416016
134.49630553483365	0.0016667735829274017
185.5680785219794	0.001208065508994843
256.0320403922283	0.0008755971950669782
353.2514951793959	0.000634626551541115
487.3856275872468	0.0004599727616648655
672.4511118420808	0.0003333849505032817
927.7868183474741	0.00024163501512521326
1280.0746762454116	0.00017513532163470315
1766.1278668596462	0.0001269368219179526
2436.7377071144647	9.200289586493796e-05
3361.9812124202253	6.668303743263548e-05
4638.543965790455	4.8331386087781424e-05
6399.8235143089005	3.503024113930004e-05
8829.869072070858	2.53896669143477e-05
12182.614192950918	1.8402248030725432e-05
16808.41217837634	1.3337817062616588e-05
23190.64710244108	9.667153909609235e-06
31996.246212971193	7.006683647956669e-06
44145.37212543258	5.078393930787003e-06
60907.5774659341	3.6807834079643835e-06
-20	118
0.0006823759672247111	600.0000000000001
0.0006878756771764206	521.2226661190622
0.000693038178267128	452.7884461271056
0.0006978606975680169	393.3393351304622
0.0007023438962931115	341.69562824366346
0.0007064917521918274	296.83251059065026
0.0007103113466740848	257.85972093478915
0.0007138125672453712	224.00388538391354
0.000717007741167387	194.59317060138707
0.0007199112202016135	169.04395198236077
0.0007225389383637378	146.849232239248
0.0007249079646534689	127.56858057546317
0.0007270360708818676	110.81939280094552
0.0007289413314059114	96.26929895567406
0.0007306417673542144	83.62956777848245
0.0007321550433755935	72.64937713980893
0.0007334982205816292	63.110836741167425
0.0007346875655707207	54.82466431206025
0.0007357384124420893	47.62642950302431
0.0007366650726125313	41.373290938829825
0.0007374807859971219	35.9411616820942
0.0007381977065897253	31.22224685892902
0.0007388269155227345	27.122904583397446
0.00073937845513266	23.56178773308558
0.0007398613782575559	20.46822970128376
0.0007402838078181327	17.78084209273416
0.0007406530025914359	15.446296535694907
0.0007409754259079262	13.418266436667555
0.0007412568147486932	11.656507678026317
0.0007415022473681263	10.12606001596364
0.0007417162081118443	8.796553331336987
0.0007419026485429143	7.641604966696637
0.0007420650443400296	6.638296190283814
0.0007422064477009755	5.76671739797957
0.0007423295351860185	5.0095730282168205
0.0007424366510810498	4.351838349808851
0.0007425298464606659	3.7804613120109147
0.0007426109141966507	3.284103540343822
0.0007426814201958632	2.8529153385150963
0.0007427427311701043	2.4783402315880085
0.0008405838275819385	2.453801103170204
0.0009513083309040038	2.453801103170204
0.0010766178348335454	2.453801103170204
0.0012184335242604281	2.453801103170204
0.0013789296489512622	2.453801103170204
0.001560566858098394	2.453801103170204
0.0017661299258068042	2.453801103170204
0.001998770445907853	2.453801103170204
0.0022620551506762126	2.453801103170204
0.0025600205942492137	2.453801103170204
0.002897235039128442	2.453801103170204
0.003278868494577605	2.453801103170204
0.0037107719807115717	2.453801103170204
0.004199567233515399	2.453801103170204
0.004752748226107458	2.453801103170204
0.00537879606272168	2.453801103170204
0.006087309006908057	2.453801103170204
0.006889149637481123	2.453801103170204
0.007796611388340383	2.453801103170204
0.008823607025470921	2.453801103170204
0.009985881950762785	2.453801103170204
0.011301255602920286	2.453801103170204
0.012789894656503646	2.453801103170204
0.014474622207658971	2.453801103170204
0.01638126768682308	2.453801103170204
0.01853906286309592	2.453801103170204
0.020981090011628865	2.453801103170204
0.023744789115114996	2.453801103170204
0.026872531875550148	2.453801103170204
0.03041227133673625	2.453801103170204
0.03441827707722586	2.453801103170204
0.038951967245331745	2.453801103170204
0.0440828501925608	2.453801103170204
0.04988959014214241	2.453801103170204
0.05646121323096713	2.453801103170204
0.0638984724153887	2.453801103170204
0.072315392166968	2.453801103170204
0.08184101664068817	2.453801103170204
0.09362903299419575	2.429264187398146
0.13486112426982666	1.7228835120091215
0.1928807052048801	1.2219039869566821
0.2746176912749361	0.8665991304307831
0.3898221619770823	0.6146097081930653
0.5522311650061769	0.4358936907972531
0.7812081384902007	0.3091446606586411
1.1040521207817307	0.21925167358799605
1.5592526410151022	0.155497740988701
2.2010785630154306	0.11028215683327386
3.1060480555693992	0.07821434599929354
4.38205107608234	0.05547120310083993
6.18121196336894	0.03934130413213992
8.718025618993787	0.027901652105939208
12.294929466116551	0.019788418493347885
17.338359861630032	0.014034348395610586
24.449591586650268	0.0099534449888246
34.476421469748075	0.007059185389507871
48.61424222220569	0.005006517685021742
68.54855644810527	0.0035507240492210525
96.65592126505715	0.0025182456283807148
136.2872800340861	0.0017859909576047662
192.16745983946515	0.0012666610693957902
270.9584625710777	0.0008983417625331233
382.0537048380247	0.0006371222277290602
538.69789552486	0.0004518600269922022
759.5660621284214	0.0003204683106429332
1070.9899764585177	0.000227282636195894
1510.0974128538421	0.00016119346281858065
2129.2384994154895	0.00011432167846315484
3002.226869226592	8.107925680176177e-05
4233.13967790433	5.750305604238266e-05
5968.725620357052	4.078233551521099e-05
8415.900223144134	2.892366083724967e-05
11866.414190815956	2.0513247847618366e-05
16731.635751852362	1.4548412098509163e-05
23591.593734850027	1.0318029410083003e-05
33264.128261411395	7.3177560675674964e-06
46902.39316032275	5.189901262744137e-06
66132.3342830044	3.6807834079643835e-06
0	120
0.000702176548244668	600.0000000000001
0.0007079270082237482	530.7731697429488
0.0007134279677526727	469.5335961982934
0.0007186717389999777	415.35972525828987
0.0007236525100027259	367.4363299315047
0.0007283664267317192	325.04224252743325
0.0007328116357678548	287.5395022777367
0.0007369882843410081	254.3637550837735
0.0007408984763329331	225.0157609225551
0.0007445461849749683	199.0538811116435
0.0007479371251766274	176.08743237877184
0.0007510785904832082	155.7708077259631
0.0007539792613771204	137.7982756168809
0.0007566489928522196	121.89937922380724
0.0007590985898117246	107.83486650052949
0.0007613395788495458	95.39308983548956
0.0007633839844216572	84.38682110592777
0.0007652441164023321	74.65043420487393
0.0007669323746876932	66.03741264268051
0.0007684610750066669	58.418144716631005
0.000769842298570044	51.677973069580794
0.0007710877667523853	45.71546928672015
0.000772208740747634	40.44090756599812
0.0007732159451215287	35.7749144934773
0.0007741195134238119	31.64727460497644
0.0007749289535154522	27.99587375968145
0.0007756531299859096	24.765764425249277
0.0007763002609462303	21.908338808494484
0.0007768779265437925	19.38059738864509
0.0007773930867123356	17.14450184580508
0.0007778521059087782	15.166402647269663
0.0007782607828644895	13.416532677815255
0.0007786243836679687	11.868559293939756
0.0007789476767797848	10.499188061210877
0.0007792349688464322	9.287812211627019
0.0007794901404198267	8.216202545904231
0.00077971668089952	7.268233114232777
0.0007799177221944415	6.429638547453313
0.0007800960707509842	5.687799386888739
0.000780254237716774	5.031552182401551
0.0007802662578333242	4.98174297394298
0.0008667596280858615	4.981737687396039
0.000962840883271955	4.981737687396039
0.0010695728509497256	4.981737687396039
0.0011881361742775147	4.981737687396039
0.0013198423720023565	4.981737687396039
0.0014661483461624906	4.981737687396039
0.0016286724979846067	4.981737687396039
0.0018092126302459701	4.981737687396039
0.0020097658341330193	4.981737687396039
0.0022325505805800452	4.981737687396039
0.0024800312604569856	4.981737687396039
0.0027549454450639457	4.981737687396039
0.0030603341684814307	4.981737687396039
0.0033995755667522993	4.981737687396039
0.0037764222460039314	4.981737687396039
0.004195042792867706	4.981737687396039
0.004660067886373995	4.981737687396039
0.005176641521401291	4.981737687396039
0.005750477910300815	4.981737687396039
0.00638792469212863	4.981737687396039
0.007096033148690431	4.981737687396039
0.007882636204111889	4.981737687396039
0.008756435070746907	4.981737687396039
0.009727095499879804	4.981737687396039
0.010805354701923387	4.981737687396039
0.012003140118838206	4.981737687396039
0.013333701362604727	4.981737687396039
0.01481175677921982	4.981737687396039
0.016453656259472947	4.981737687396039
0.01827756209747546	4.981737687396039
0.020303649897556116	4.981737687396039
0.022554331751906336	4.981737687396039
0.025054504157712088	4.981737687396039
0.027831823416171728	4.981737687396039
0.030917011559796932	4.981737687396039
0.034344196192090386	4.981737687396039
0.0381512879988244	4.981737687396039
0.042380400106858666	4.981737687396039
0.04707831392934288	4.981734721147092
0.04761863979003585	4.93191748572033
0.07103810481028386	3.4348778777244204
0.10448688623239154	2.3922513036848603
0.1524144340854319	1.6661047360942185
0.2211703036566725	1.1603734889222428
0.3198541639530508	0.8081524556193539
0.4615228781737589	0.5628449785854741
0.6649190581104645	0.39199840044549167
0.9569510881508498	0.27301077880805624
1.3762531494354335	0.1901407895049451
1.9782963769166628	0.1324252470595018
2.84272738970066	0.09222874326139266
4.0839050648386745	0.06423353002886117
5.866029516831885	0.04473601432771298
8.424864758651497	0.031156795789210347
12.098928820194578	0.02169942804335159
17.374277584587215	0.01511276000889848
24.948806966635612	0.010525416367208724
35.82458021299667	0.007330520013410846
51.440394653236694	0.005105405980368599
73.86212566059085	0.003555705485654286
106.05602914760975	0.002476402767836136
152.28115882136896	0.0017247127731159731
218.65281256664042	0.0012011915785204057
313.9515484180178	0.0008365805778208384
450.78479791513985	0.0005826439975953926
647.2547510815095	0.00040578760364986865
929.3531638623901	0.0002826143922454865
1334.399906188923	0.0001968293116543842
1915.9801492453266	0.00013708352790712253
2751.0333511853196	9.547304446433197e-05
3950.0318701295014	6.649305250929952e-05
5671.595771797238	4.630967889220534e-05
8143.477280155472	3.225278849695206e-05
11692.690983722194	2.246274193026664e-05
16788.775836897054	1.5644376766785368e-05
24105.91225070658	1.0895665595096322e-05
34612.11197870823	7.5883833871996135e-06
49697.28006664279	5.284997224680152e-06
71357.09066730461	3.6807834079643835e-06
20	120
0.0007230270924479293	600.0000000000001
0.0007290552417294942	539.0392536652266
0.0007349141399474772	484.2721949866074
0.0007405949064670308	435.0695375940032
0.0007460894248563088	390.86593139524444
0.0007513904353489383	351.1534665707604
0.0007564916205042889	315.47583757043174
0.0007613876814500406	283.4231000556296
0.0007660744020737357	254.62696054245234
0.0007705486986815287	228.75654462308097
0.0007748086529673359	205.51459514110275
0.0007788535266212397	184.63405663695204
0.0007826837565241672	165.87500681794296
0.000786300930186161	149.0218997947639
0.0007897077418396272	133.88108940857285
0.0007929079303452619	120.27860419114052
0.0007959062007570852	108.05814839181261
0.0007987081319800795	97.07930610261494
0.0008013200734046522	87.21592784648605
0.0008037490336934957	78.35468109015015
0.0008060025650183666	70.39374802668563
0.0008080886459998742	63.24165566500439
0.0008100155664074458	56.81622478369534
0.0008117918163539046	51.043625672464714
0.0008134259823010039	45.85752981142096
0.000814926651713707	41.19834774079872
0.0008163023276969801	37.012544364067686
0.0008175613544514138	33.25202381709682
0.000818711853920034	29.873576835377015
0.0008197616735884288	26.83838426942071
0.0008207183450570568	24.11157104361516
0.0008215890527344806	21.661805433410667
0.0008223806118037747	19.46093905644506
0.0008230994544869212	17.48368344101764
0.0008237516235659816	15.707319455608712
0.0008243427721054419	14.11143626072102
0.0008248781683468551	12.677696783539101
0.0008253627048043555	11.389627020654933
0.0008258009106682628	10.232426747898554
0.0008261969667154996	9.192799462285562
0.0008262317466009854	9.101787172691077
0.0009026129211303581	9.101783459616557
0.0009860551700453211	9.101783459616557
0.0010772112559118627	9.101783459616557
0.0011767942860741543	9.101783459616557
0.0012855832912407714	9.101783459616557
0.0014044293197845378	9.101783459616557
0.001534262095431243	9.101783459616557
0.0016760972904198567	9.101783459616557
0.0018310444710316347	9.101783459616557
0.002000315777645386	9.101783459616557
0.0021852354072223576	9.101783459616557
0.002387249972401517	9.101783459616557
0.0026079398182436418	9.101783459616557
0.0028490313851543057	9.101783459616557
0.0031124107146999944	9.101783459616557
0.0034001382039723204	9.101783459616557
0.0037144647239226803	9.101783459616557
0.004057849227759897	9.101783459616557
0.004432977987160002	9.101783459616557
0.0048427856067716595	9.101783459616557
0.0052904779814121556	9.101783459616557
0.005779557375546349	9.101783459616557
0.006313849821243567	9.101783459616557
0.006897535048944648	9.101783459616557
0.007535179185185192	9.101783459616557
0.008231770473067127	9.101783459616557
0.008992758294916981	9.101783459616557
0.009824095802402307	9.101783459616557
0.01073228648759871	9.101783459616557
0.011724435059329139	9.101783459616557
0.012808303022777636	9.101783459616557
0.013992369397172617	9.101783459616557
0.015285897046529625	9.101783459616557
0.016699005142354027	9.101783459616557
0.018242748325174397	9.101783459616557
0.019929203184180778	9.101783459616557
0.02177156273149234	9.101783459616557
0.023784239610119207	9.101783459616557
0.025982978843006932	9.10178136011504
0.026306578252565566	9.010763829369013
0.04092538155825259	6.179390987806646
0.06198085808539171	4.237695461036166
0.0925510460075187	2.9061217935427504
0.13705200720869481	1.9929567748691133
0.2018962315613086	1.3667275457353527
0.29642187675164283	0.9372728038190661
0.43423921073032606	0.6427618375878994
0.6351908901291619	0.44079245463642697
0.9282091045771149	0.302286129483902
1.355481213515089	0.20730142523362324
1.978523723656669	0.14216292681791748
2.8870391480854303	0.09749232422623265
4.211830929687961	0.06685817108427003
6.143635861452573	0.0458499176854248
8.960585403156035	0.031442902455565816
13.06824963679195	0.02156287654894764
19.058029186662438	0.014787364039379636
27.792302076400546	0.010140861064467304
40.52858453488662	0.006954387736378693
59.100581793060186	0.00476917181691364
86.18219564540269	0.0032705970218288665
125.67249924329502	0.002242906166907247
183.25710583481325	0.001538137544911455
267.22675446961415	0.0010548221508207532
389.6709684791792	0.0007233746900874011
568.2186436150121	0.0004960750415147144
828.5761668804039	0.0003401977566896778
1208.2284915080734	0.00023330041620982526
1761.8360300525464	0.00015999248417539392
2569.1043828412194	0.00010971945703513757
3746.259945297631	7.52432797961197e-05
5462.783593767866	5.160024764490083e-05
7965.8116809056555	3.538635695080903e-05
11615.71747194176	2.4267214120120858e-05
16937.99585623013	1.6641941468301683e-05
24698.921431195075	1.1412690985602072e-05
36015.87282516077	7.826581759161484e-06
52518.20719446854	5.367304004823868e-06
76581.84678751715	3.6807834079643835e-06
40	120
0.0007450225934147401	600.0000000000001
0.0007513444096178126	546.2969444006847
0.0007575710207909798	497.4005857692079
0.0007636949486001551	452.88070024804824
0.0007697088611190105	412.3455712059186
0.0007756056168715727	375.4385426449137
0.0007813783106786568	341.8348810952708
0.000787020320860446	311.2389183865297
0.000792525357202022	283.38145015522537
0.000797887508957035	258.0173671993909
0.0008031012920564202	234.92349883889443
0.0008081616946116108	213.89664930600972
0.0008130642197601238	194.75180988902986
0.0008178049248979875	177.3205310981334
0.0008223804563778604	161.44944053069477
0.0008267880788212408	146.99889339519768
0.0008310256982936366	133.84174382013077
0.000835091878717697	121.86222613699442
0.0008389858510455381	110.9549362941755
0.000842707514872361	101.02390443946783
0.00084625743234386	91.98175051118005
0.0008496368143851525	83.74891540813962
0.0008528474994545511	76.25296097389682
0.0008558919251970651	69.42793263590748
0.0008587730935354707	63.2137790917547
0.0008614945298862626	57.55582393640914
0.0008640602373188381	52.40428458154016
0.0008664746465838111	47.71383423399883
0.0008687425630158825	43.443203079457234
0.0008708691113645983	39.554815162143164
0.0008728596796201761	36.01445776568781
0.0008747198628809234	32.79098038607126
0.0008764554082548101	29.85602064802252
0.0008780721617037427	27.183754753297418
0.000879576017629922	24.75067026510661
0.0008809728718754772	22.53535922949437
0.000882268578666271	20.518329813407572
0.0008834689118855464	18.68183480211671
0.0008845795309195792	17.009715446991212
0.000885605951181811	15.48725928969404
0.0008857101479779389	15.333927314522974
0.000952533044011877	15.33392189193247
0.001024397430701146	15.33392189193247
0.0011016836661196443	15.33392189193247
0.0011848008046682638	15.33392189193247
0.0012741887620852826	15.33392189193247
0.0013703206437971742	15.33392189193247
0.0014737052489331404	15.33392189193247
0.0015848897632564209	15.33392189193247
0.0017044626552653037	15.33392189193247
0.0018330567907920866	15.33392189193247
0.0019713527825847158	15.33392189193247
0.002120082592599441	15.33392189193247
0.0022800334060704896	15.33392189193247
0.002452051797861061	15.33392189193247
0.0026370482131470034	15.33392189193247
0.0028360017861481716	15.33392189193247
0.0030499655224116543	15.33392189193247
0.003280071872075253	15.33392189193247
0.0035275387236089317	15.33392189193247
0.00379367584975743	15.33392189193247
0.004079891839800616	15.33392189193247
0.004387701554822081	15.33392189193247
0.004718734145444636	15.33392189193247
0.005074741674468334	15.33392189193247
0.005457608390048223	15.33392189193247
0.005869360698492163	15.33392189193247
0.006312177889461949	15.33392189193247
0.006788403670343202	15.33392189193247
0.007300558570832204	15.33392189193247
0.007851353283393805	15.33392189193247
0.008443703010197437	15.33392189193247
0.009080742892465934	15.33392189193247
0.009765844603899954	15.33392189193247
0.010502634196002792	15.33392189193247
0.011295011289755429	15.33392189193247
0.012147169715218432	15.33392189193247
0.013063619708299983	15.33392189193247
0.01404921178217151	15.33392189193247
0.015109162399675566	15.333919326237023
0.015322996937228021	15.180580887917916
0.025188336773030968	10.272214492996914
0.03938236463315439	6.950879638217083
0.060188103634372714	4.703438365497464
0.09084324161475858	3.182666598972771
0.13609171583662336	2.153608890577135
0.20292726094851113	1.4572783888421827
0.30167700526549196	0.9860937665507867
0.44759804841405293	0.6672581737816631
0.6632350500417896	0.45151230601102116
0.9819034878745205	0.30552396432103834
1.452836885452854	0.20673831373305865
2.148793298969344	0.13989321741150668
3.1772962689471416	0.09466127455703328
4.697246945246031	0.06405426271956616
6.943473921404431	0.04334347484488145
10.26301366834684	0.029329145818971687
15.168726804856089	0.019846096731953325
22.418533785344476	0.013429220132257442
33.132511721388155	0.009087124576504998
48.96594350421302	0.0061489671221168826
72.36505488634037	0.004160809764469678
106.94495026420877	0.00281548714642438
158.04813729835317	0.001905150276124495
233.56993103308355	0.0012891543757273995
345.1782603951927	0.0008723296137236055
510.1163341359076	0.000590277603137955
753.8666736117589	0.00039942201122692436
1114.088098830058	0.000270276124664814
1646.4339222918065	0.00018288722581772892
2433.150247081414	0.00012375394759261683
3595.7827848306015	8.37403458676749e-05
5313.955365265698	5.666441889289815e-05
7853.121370266063	3.8343003425655466e-05
11605.575619837358	2.5945486434417275e-05
17151.06294417818	1.7556482439456276e-05
25346.347315184015	1.1879911229494695e-05
37457.5797449933	8.038756698978322e-06
55355.91546203248	5.439570045349351e-06
81806.6027307669	3.6807834079643835e-06
60	120
0.0007682570072662949	600.0000000000001
0.0007748719365908625	552.7636834011311
0.0007814594266593363	509.2461494786412
0.000788015059244499	469.15462890609444
0.0007945343824918201	432.21940126470423
0.0008010129210552914	398.19198046751563
0.0008074461870148494	366.84344304002394
0.0008138296916144017	337.9628880105944
0.0008201589578212604	311.35601804936675
0.000826429533665725	286.8438323101273
0.0008326370062764153	264.26142218107054
0.0008387770164854386	243.45686184271563
0.0008448452738403708	224.29018616909957
0.0008508375718297918	206.6324490959274
0.0008567498031076641	190.36485612076925
0.0008625779744906067	175.3779650990706
0.000868318221501649	161.5709499592621
0.0008739668222443463	148.85092238350256
0.0008795202104113416	137.13230689060074
0.0008849749872602945	126.33626511690458
0.0008903279324256474	116.39016542193625
0.0008955760134748971	107.22709425049406
0.0009007163941605872	98.78540596383853
0.0009057464413617692	91.00830811141239
0.0009106637307491425	83.84347935294875
0.0009154660512443499	77.24271746050424
0.0009201514083744389	71.16161503230197
0.0009247180266459137	65.55926073671398
0.0009291643510781824	60.39796407646861
0.0009334890480430796	55.64300182139653
0.0009376910055553534	51.26238440381821
0.000941769333148959	47.226640704965334
0.0009457233614563016	43.508619784563955
0.0009495526415833069	40.08330821969142
0.000953256944343775	36.92766182403236
0.0009568362593833306	34.020450615405764
0.0009602907941883496	31.342115988563158
0.0009636209729403278	28.874639132372756
0.0009668274351431066	26.601419806147952
0.0009699110339211849	24.507164659576862
0.0009702769030405792	24.264523284193313
0.0010272041848300303	24.26452012346826
0.0010874714568859497	24.26452012346826
0.0011512746803473473	24.26452012346826
0.0012188213136226644	24.26452012346826
0.0012903309869480373	24.26452012346826
0.0013660362165226704	24.26452012346826
0.0014461831605433796	24.26452012346826
0.001531032419596564	24.26452012346826
0.0016208598840101035	24.26452012346826
0.0017159576309204007	24.26452012346826
0.0018166348739713746	24.26452012346826
0.0019232189687334311	24.26452012346826
0.002036056477111518	24.26452012346826
0.002155514294203259	24.26452012346826
0.0022819808412711797	24.26452012346826
0.0024158673287079913	24.26452012346826
0.002557609093101548	24.26452012346826
0.002707667012746951	24.26452012346826
0.002866529006208417	24.26452012346826
0.0030347116188035317	24.26452012346826
0.003212761702168364	24.26452012346826
0.0034012581923646736	24.26452012346826
0.003600813992310707	24.26452012346826
0.0038120779646564377	24.26452012346826
0.004035737041583138	24.26452012346826
0.004272518458387322	24.26452012346826
0.004523192118111729	24.26452012346826
0.004788573094911917	24.26452012346826
0.005069524284298343	24.26452012346826
0.005366959208871258	24.26452012346826
0.005681844988671295	24.26452012346826
0.006015205485804084	24.26452012346826
0.006368124633563597	24.26452012346826
0.006741749960879103	24.26452012346826
0.007137296323545569	24.26452012346826
0.007556049854369636	24.26452012346826
0.007999372145075397	24.26452012346826
0.008468704673567364	24.26452012346826
0.00896557349094623	24.26451880398699
0.009123396675321978	24.021874270278342
0.016265763972665083	16.064671447243043
0.026362906348716183	10.743277806060869
0.04124996136921744	7.184586276615549
0.06340450707479016	4.804704941820631
0.09647205601375398	3.2131550362326946
0.1458819021745962	2.1488031860194416
0.21974241444002304	1.437015979677402
0.33017284309879974	0.9610070104528968
0.49529229968374716	0.6426751596366658
0.7421928488895663	0.42979016419387406
1.111384718090784	0.28742294216292336
1.6634430429549645	0.1922146074155521
2.4889467409520023	0.1285438630120626
3.7233402436418808	0.0859639386425061
5.569156529570874	0.05748853794940869
8.329247701469226	0.038445562729561025
12.456475411897681	0.025710538940707496
18.628014088796647	0.017193968970399928
27.856458254582027	0.011498497547517398
41.65596385989347	0.007689640831496057
62.29068325289411	0.005142461080071985
93.14625572410746	0.0034390300586913283
139.28530589664473	0.0022998575118855203
208.27809329844976	0.0015380338306752216
311.4446018527874	0.0010285628792551242
465.71186498205066	0.0006878532679070781
696.3912667348233	0.00046000310502464475
1041.3315043098696	0.00030762790046219514
1557.1286088415168	0.00020572670947016362
2328.4119329164364	0.0001375801054645312
3481.7297021913478	9.200694196869325e-05
5206.312401449744	6.152980724827879e-05
7785.120745356624	4.114816881207243e-05
11641.272426261408	2.7517911599408987e-05
17407.465102533675	1.8402652673348683e-05
26029.786196525343	1.2306806938909598e-05
38922.94208321977	8.230199184867482e-06
58202.37588143947	5.503960447160046e-06
87031.35854840015	3.6807834079643835e-06
80	120
0.0007928197512087419	600.0000000000001
0.0007997015303221465	558.6264882971353
0.0008066160129958581	520.105922378649
0.0008135626151720732	484.2415749348785
0.0008205408469615025	450.8502841555753
0.0008275503270042556	419.7615183093244
0.0008345907984854594	390.81650482568585
0.0008416621470941763	363.8674194322234
0.0008487644212531601	338.7766312052729
0.0008558978549929237	315.41599967889215
0.0008630628938993892	293.66622042224975
0.0008702602246336702	273.4162157432897
0.0008774908086100676	254.56256740694306
0.0008847559205302897	237.00898847073893
0.0008920571926161179	220.66583154044184
0.00089939666556967	205.44963093434043
0.000906776847533704	191.28267641798845
0.0009142007826424608	178.0926163324302
0.0009216721311713266	165.81208808905754
0.0009291952638455649	154.37837414400963
0.0009367753736027361	143.73308169514894
0.0009444186090886711	133.8218444658105
0.000952132235501543	124.59404505230191
0.0009599248302267384	116.00255641717078
0.0009678065232406771	108.00350120802402
0.00097578929582721	100.5560276727231
0.0009838873562418812	93.6221010265381
0.0009921176183555007	87.16630920575766
0.0010005003202572884	81.15568201572442
0.0010090598363507361	75.55952274967184
0.0010178257620972685	70.34925141842781
0.0010268343912879035	65.49825879034775
0.0010361307724292054	60.98177049604822
0.0010457716439122389	56.77672050391545
0.0010558297471020383	52.86163332021707
0.0010664003850719317	49.21651431220615
0.001077611814462621	45.822747594089115
0.0010896425605861077	42.66300095435334
0.0011027521538832913	39.72113733891289
0.0011173403787908675	36.98213243800854
0.0011195221503535141	36.6159758955767
0.0011640315230727726	36.61597299402956
0.0012103104760180568	36.61597299402956
0.0012584293632290874	36.61597299402956
0.001308461335844489	36.61597299402956
0.001360482453307375	36.61597299402956
0.0014145717989921815	36.61597299402956
0.0014708116004285478	36.61597299402956
0.001529287354304979	36.61597299402956
0.0015900879564423422	36.61597299402956
0.0016533058369347898	36.61597299402956
0.0017190371006635344	36.61597299402956
0.001787381673397094	36.61597299402956
0.00185844345370013	36.61597299402956
0.0019323304708817794	36.61597299402956
0.0020091550492236186	36.61597299402956
0.0020890339787369254	36.61597299402956
0.00217208869270881	36.61597299402956
0.0022584454523071214	36.61597299402956
0.0023482355385248087	36.61597299402956
0.002441595451755474	36.61597299402956
0.0025386671193035567	36.61597299402956
0.00263959811114461	36.61597299402956
0.002744541864263644	36.61597299402956
0.0028536579159125957	36.61597299402956
0.002967112146141545	36.61597299402956
0.0030850770299723396	36.61597299402956
0.0032077318995980147	36.61597299402956
0.003335263217006589	36.61597299402956
0.0034678648574437226	36.61597299402956
0.0036057384041450905	36.61597299402956
0.0037490934547866174	36.61597299402956
0.0038981479401183614	36.61597299402956
0.004053128455266502	36.61597299402956
0.004214270604207033	36.61597299402956
0.004381819357934898	36.61597299402956
0.004556029426872972	36.61597299402956
0.004737165648087145	36.61597299402956
0.004925503387896048	36.61597299402956
0.005121328960487541	36.61597167196661
0.005265938936844687	36.249812983790534
0.010851529934422314	23.98770537477015
0.018337451745244298	15.87346145493432
0.029398059227595644	10.503996719348564
0.04599509944732937	6.9508435443227095
0.07101167122742477	4.599604062009737
0.10877796816123324	3.0437107945749267
0.1658260461316672	2.014124536833301
0.2520210979293364	1.3328131099395408
0.38226791607524746	0.8819667073912092
0.5790884028637879	0.5836266668938875
0.8765160639027517	0.38620515202574696
1.3259809911103955	0.2555647778142879
2.0052029762347865	0.16911570266911494
3.031630531272427	0.11190947803476813
4.5827496457889545	0.07405421895397662
6.92677399716457	0.049004136568126334
10.469023450284256	0.03242766495559162
15.822010442601856	0.02145846306281141
23.911353328549474	0.014199777802337332
36.13583082007206	0.009396464651058504
54.609253534501796	0.006217952785434327
82.52597616709261	0.004114625902150886
124.71325327678224	0.002722784636498074
188.465949967797	0.0018017570377113932
284.807942495112	0.0011922824814810987
430.3983254367367	0.0007889729224825883
650.4120395993579	0.0005220895904110316
982.8930279879446	0.0003454840244172945
1485.3326511780572	0.00022861825502707383
2244.610876906414	0.00015128429344823762
3392.01923695076	0.00010010984224082281
5125.963264434775	6.624600799627267e-05
7746.270031532022	4.3837184009192914e-05
11706.033117805911	2.9008520814778204e-05
17689.959845891983	1.9195901809864294e-05
26732.768293504952	1.2702565864931316e-05
40398.10684727015	8.405709778636303e-06
61048.93439391783	5.562337376082865e-06
92256.11427340058	3.680783407964377e-06
100	89
0.0008187923058898897	600.0000000000009
0.0008348367257211122	522.1811965754014
0.0008511955395761535	454.9231813695113
0.0008678749080767904	396.8212222343147
0.0008848811125635737	346.6614892785612
0.0009022205574613358	303.39386257314084
0.0009198997726910597	266.10884550670204
0.0009379254161290019	234.01790703714744
0.0009563042761140044	206.4366863500661
0.0009750432740039405	182.77059297934548
0.000994149466782251	162.50242403860975
0.0010136300497155565	145.18169766362988
0.0010334923590633515	130.41546766333033
0.0010537438748407881	117.86043760545559
0.0010743922236356026	107.21623127262816
0.0010954451814802362	98.21969897571489
0.001116910676780241	90.64014587120823
0.0011387967933000596	84.27536280057248
0.0011611117732073248	78.94832919642057
0.0011838640201768007	74.50444975422296
0.001207062102555154	70.80918894745469
0.0012307147565877353	67.74598324734673
0.0012548308897085928	65.21433840361189
0.001279419583894954	63.12805278560415
0.0013044900990874346	61.413540464265495
0.0013300518766772773	60.008253303933444
0.001356114543061914	58.85921640660394
0.0013826879132702045	57.921695568322875
0.001409781994658713	57.15801127336465
0.001437406990680408	56.536504783084986
0.0014655733047272232	56.03065173083976
0.0014942915440479014	55.618310106525605
0.0015235725237426156	55.28108414024245
0.0015534272708358657	55.003783706726956
0.0015838670284291825	54.77395993054513
0.0016149032599352049	54.58150068597386
0.00164654765339473	54.41827358668033
0.001678812125878344	54.277807954999396
0.0017117088279743232	54.15501054944653
0.0017452501483644575	54.04591221925981
0.0017794487184895514	53.94744410509102
0.0018143174173063405	53.85724264253697
0.0018498693761376157	53.773482662096505
0.0018861179836174038	53.694737545881736
0.0019230768907330335	53.61986490279846
0.0028781175630537923	51.650725921015606
0.004307451639960793	46.152847567036616
0.006446623261252142	37.671418478530185
0.00964815277018304	28.74113461377169
0.014439629571080321	20.954430448943388
0.021610655129174712	14.82871331948799
0.03234296370368624	10.291054958273094
0.04840516379004904	7.051085003316131
0.07244419228267654	4.7905699975427005
0.10842151094153121	3.2366370206462785
0.1622659272530198	2.178673951428908
0.24285061994276666	1.4629211739878816
0.3634553760298965	0.9807026489809212
0.5439550057404247	0.6567180261466834
0.8140945705690344	0.43944420565835046
1.2183911588934717	0.2939118524025163
1.8234699870706141	0.19651208890020588
2.7290437635537965	0.13136121363093628
4.084344637531701	0.08779747952398133
6.112716600927874	0.05867523929413872
9.148420997558196	0.039210247254796285
13.691720426865421	0.026201461226433884
20.491318479711374	0.017508095048517767
30.66774079122006	0.011698869475241418
45.897989734953846	0.007817057273000848
68.69190254513431	0.005223227588656047
102.80575472953156	0.0034900536601616813
153.86126768819943	0.002331973378627625
230.27202861261063	0.0015581668330205524
344.6299901078605	0.00104112668327852
515.7805348627556	0.0006956530607719916
771.9280613392052	0.0004648164508920661
1155.2838690228177	0.00031057754863421524
1729.0222818287182	0.00020751929176816527
2587.691329568064	0.00013865859523304707
3872.793594099601	9.264778676445276e-05
5796.10483333901	6.190464789630596e-05
8674.573127325768	4.136294350340072e-05
12982.549678621603	2.7637553485809248e-05
19429.95853328383	1.8466634013772166e-05
29079.287039185907	1.2338883940349129e-05
43520.676241219655	8.244494081000579e-06
65133.964871309276	5.508738258865436e-06
97480.86992818424	3.6807834079643907e-06
120	89
0.0008462448436345581	600.0000000000014
0.0008621807500595768	534.2632725149664
0.0008784167506186962	476.74220214438816
0.0008949584964802208	426.4049122634835
0.0009118117452314099	382.35285188567707
0.0009289823628824825	343.8026190019223
0.0009464763259083675	310.0704195089457
0.0009642997233288954	280.55875420832666
0.0009824587588281731	254.74499055286773
0.0010009597529138598	232.171532118365
0.00101980914511711	212.43734738361223
0.0010390134962339397	195.19066053324894
0.0010585794906088086	180.12264092498583
0.0010785139384611982	166.96195494514876
0.0010988237782560014	155.4700647738104
0.0011195160791185575	145.4371739796346
0.0011405980432951587	136.67873112638526
0.0011620770086598934	129.03241122359196
0.0011839604512686934	122.35550241439104
0.001206255987961486	116.52263295292464
0.0012289713790133384	111.42378189268004
0.001252114530835533	106.96252595890694
0.0012756934987274992	103.054484290828
0.0012997164896805823	99.6259313667215
0.0013241918652345962	96.6125557842521
0.0013491281443881778	93.95834824357352
0.0013745340065639403	91.61460599747225
0.0014004182946294737	89.539043413819
0.0014267900179752268	87.69499954394068
0.0014536583556503484	86.05073415656108
0.0014810326595575925	84.57880397213432
0.0015089224577083727	83.25551109020205
0.0015373374575391252	82.06041598638573
0.0015662875492901119	80.97590800071184
0.0015957828094478657	79.98682690905271
0.0016258335042524507	79.08012989601106
0.0016564500932707657	78.24459895993782
0.0016876432330371518	77.47058442477066
0.001719423780762545	76.74978077842971
0.0017518027981134833	76.07503149581197
0.0017847915550622676	75.44015984533831
0.0018184015338096459	74.83982294091014
0.0018526444327813484	74.26938650898104
0.001887532170699885	73.72481801483647
0.0019230768907330335	73.20259595048988
0.00288153478657119	63.73607841885197
0.004317686290252738	53.31490499469804
0.006469612995100957	41.878759991835096
0.009694055911581559	31.23464354800989
0.014525555097040678	22.454054069757525
0.021765064365379932	15.744738668904882
0.032612731400925465	10.858471349161027
0.048866855230655024	7.40661000910997
0.07322200372539275	5.015306103015454
0.10971571230141458	3.3796234397595164
0.16439781641255852	2.27006432253321
0.24633337809418573	1.521512424042979
0.36910546920535436	1.018337350279095
0.5530669390049678	0.6809164455445482
0.8287144584415373	0.4550089187295936
1.2417441817542494	0.3039218091469354
1.8606271402821284	0.20294622954509847
2.787960198262152	0.13549340383568678
4.177474303591716	0.09044834689316955
6.259519618697273	0.06037353741437334
9.379252392568523	0.04029658662532326
14.053854097802269	0.02689512992774383
21.058268477646216	0.0179501543744579
31.55366977560796	0.011979963408850318
47.27995928843841	0.007995358930103391
70.84420183811456	0.0053360171275279355
106.15281843753235	0.003561183180327172
159.05918296575706	0.0023766759767594316
238.33397980499583	0.0015861515541774904
357.11918589395043	0.0010585679634080986
535.1067146946751	0.0007064678208506763
801.8028922040562	0.0004714826745557276
1201.4199416533465	0.00031465808994100234
1800.2053749576492	0.00020999644311128494
2697.424339042206	0.0001401473501960324
4041.8155428674263	9.353147567978282e-05
6056.248787450804	6.242098884534412e-05
9074.671762353224	4.165848549205857e-05
13597.471055860215	2.7802016252596676e-05
20374.424988238992	1.85544932474446e-05
30528.999980659766	1.2382886572396492e-05
45744.59599999148	8.264083317036141e-06
68543.61638206578	5.515278860684724e-06
102705.62552859077	3.680783407964379e-06
140	89
0.0008752327145604958	599.9999999999976
0.0008910321732161297	544.3674292052494
0.000907116839325345	495.0990968303662
0.0009234918613741346	451.44446863555237
0.0009401624807875336	412.7447677114883
0.0009571340336073341	378.42108282355736
0.0009744119522000741	347.9641275493787
0.0009920017669958695	320.92540701822713
0.00100990910825863	296.90958556119347
0.0010281397078882298	275.56788027646144
0.0010466994012552134	256.5923327139078
0.0010655941290686178	239.71083393055156
0.0010848299392775176	224.68279745068475
0.0011044129890068867	211.29539061976408
0.0011243495465284156	199.3602479536625
0.0011446459932669003	188.71060086817704
0.0011653088258428495	179.19876713492133
0.0011863446581519682	170.6939510059712
0.0012077602234821744	163.08031154654833
0.001229562376668835	156.25526256372976
0.0012517580962889102	150.12797275821285
0.0012743544868946965	144.61803940596926
0.0012973587812879022	139.65431299764805
0.0013207783428347698	135.1738538140419
0.0013446206678229913	131.12100439978843
0.0013688933878611676	127.44656434749875
0.001393604272321585	124.1070557814068
0.0014187612308270909	121.06406951223502
0.0014443723157828504	118.28368310707435
0.0014704457249538187	115.73594315684275
0.001496989804088735	113.39440489256985
0.0015240130495914835	111.23572304687876
0.0015515241112406797	109.23928850967549
0.0015795317949583475	107.38690590613324
0.001608045065628576	105.66250774138173
0.001637073049967064	104.05190121628812
0.0016666250394424523	102.54254422696579
0.0016967104932504005	101.12334742156843
0.0017273390413413514	99.78449950637985
0.0017585204875029466	98.51731327446822
0.0017902648124980861	97.31409007963669
0.0018225821772596435	96.1680007012215
0.0018554829261428348	95.07298074597176
0.0018889775902363145	94.02363891554027
0.0019230768907330335	93.01517663488264
0.0028847861726879324	75.34320164608107
0.0043274355290907444	60.17254040948393
0.006491537721490139	45.92791696906259
0.009737883258166907	33.64679646985283
0.014607689952376934	23.911469265126037
0.02191283260310333	16.638478229371778
0.032871195531740866	11.413797382162596
0.04930971341116876	7.755343060327463
0.07396895054649771	5.23607630510535
0.11095999685349897	3.520204832941047
0.1664498524146151	2.3599470269340967
0.24968956519913124	1.5791332461195697
0.3745565289780763	1.0553352522042483
0.5618680672066484	0.7046915332081606
0.8428520143751478	0.47028996155626135
1.2643528963445572	0.3137408764473994
1.8966416633410927	0.20925171123247527
2.8451309832258698	0.1395388972344397
4.267949222127807	0.09304087745185886
6.40230297657802	0.0620326699034189
9.604023213627714	0.04135670486488547
14.406887994107413	0.02757129957711066
21.611611827451583	0.018380575932333512
32.41933760930731	0.012253346287733436
48.63188638670758	0.008168571376961344
72.95214979502362	0.005445461799741333
109.4347053987652	0.00363012400696763
164.1617797332059	0.0024199531869500373
246.2572529160182	0.0016132127322341751
369.40775564385046	0.0010754141970808564
554.1444498138907	0.0007169015547734281
831.2659021582466	0.0004779066061247036
1246.9726987666086	0.0003185857761182661
1870.5698230038406	0.000212378046216607
2806.0209066273346	0.00014157702682572254
4209.280632885283	9.437911614368359e-05
6314.294880888504	6.291569403453831e-05
9472.003251891845	4.1941316272924934e-05
14208.846323506656	2.7959223522903526e-05
21314.531728513208	1.8638379341898774e-05
31973.691069780998	1.2424850751291007e-05
47963.37698839554	8.28274346441878e-06
71949.32631050493	5.52150204643717e-06
107930.38108613521	3.680783407964374e-06
160	89
0.0009057926225181964	600.0
0.0009214247364378734	552.8053282995484
0.0009373266284276328	510.52319844277963
0.0009535029543009803	472.6125587317572
0.000969958450221165	438.59464979616075
0.0009866979340878556	408.04537832090097
0.0010037263069477389	380.58869752750894
0.001021048554429468	355.8908523862492
0.0010386697482033687	333.65536799303624
0.001056595047466348	313.6186773044256
0.0010748297004524168	295.5462997211713
0.0010933790459692909	279.22949509066353
0.0011122485149615009	264.48232881306234
0.0011314436321004909	251.1390931377911
0.0011509700174021473	239.05203767290413
0.001170833387872248	228.0893688304741
0.00119103955918031	218.1334836036794
0.0012115944473623172	209.07940789294562
0.0012325040705528454	200.8334137145106
0.0012537745507470697	193.3117931501069
0.001275412115593186	186.43976992039055
0.00129742310021576	180.15053205742026
0.001319813949070555	174.3843713698913
0.0013425912178313582	169.0879172879508
0.001365761575309376	164.2134542861816
0.001389331805405753	159.71831345424997
0.0014133088090977845	155.5643299517959
0.001437699606459413	151.71735908075954
0.001462511338716591	148.14684456348573
0.0014877512703381128	144.8254333531002
0.0015134267911625305	141.7286319438788
0.0015395454185617823	138.83449970964938
0.0015661147996421532	136.1233752903916
0.001593142713483223	133.57763248111027
0.0016206370734154537	131.1814624608262
0.001648605929337079	128.92067953963883
0.0016770574700709895	126.78254790378227
0.0017060000257622823	124.75562710707247
0.0017354420703171922	122.8296342961839
0.0017653922238841074	120.99532137033977
0.0017958592553774157	119.24436546632018
0.0018268520850448953	117.56927132989051
0.0018583797870794184	115.96328428711418
0.00189045159227572	114.42031266556745
0.0019230768907330335	112.93485863791976
0.0028878872373143947	86.67462397574825
0.004336744274569483	66.82214531437573
0.006512494899385746	49.856129294787955
0.009779822634050922	35.99325709991264
0.01468637323040605	25.333843495871704
0.022054547074484718	17.51337538812662
0.03311934396802842	11.958738328596844
0.04973536482830756	8.098151564232534
0.07468766642819782	5.453335351092856
0.11215857239102452	3.6586282510620203
0.16842868390976215	2.448461724966712
0.25292958851752234	1.6358658712154643
0.3798247143100502	1.091746641941166
0.5703833009269172	0.728075047767109
0.8565453950706171	0.4853079016369223
1.2862754092281616	0.3233826181829303
1.9316015682375682	0.21543758827514303
2.900688757360838	0.14350378271583314
4.355968335000191	0.09557918179247737
6.541363697630231	0.0636554156023864
9.823174948463627	0.04239247978822963
14.751475461161224	0.02823123706949819
22.152311184814636	0.01880021233867087
33.26615646827203	0.01251959014407013
49.95583336379612	0.008337077025084221
75.01874433409682	0.005551816234715298
112.65575254206789	0.0036970449463772656
169.1753000329982	0.0024619163878202305
254.0507829865823	0.001639423474381721
381.50841360119557	0.0010917130979591974
572.911714490517	0.0007269852068834088
860.3423172301834	0.0004841081725267425
1291.9772525078151	0.0003223733361133472
1940.1640342085477	0.0002146721563815201
2913.547024399815	0.00014295266671729954
4375.277612468392	9.51938216045297e-05
6570.36046641825	6.3390654402967e-05
9866.719436419256	4.221255987721591e-05
14816.866279192696	2.810982435206154e-05
22250.508667058177	1.871865180583316e-05
33413.61976371998	1.2464963019018575e-05
50177.279199346915	8.300560498449096e-06
75351.28985285637	5.527437514165709e-06
113155.13660938188	3.680783407964374e-06
180	89
0.0009379385051571397	599.9999999999997
0.0009533694592422205	559.8455633156817
0.0009690542832160704	523.4721040738012
0.000984997153743337	490.49271404934063
0.0010012023162031113	460.56224746146796
0.001017674085819413	433.3725177230543
0.001034416848810282	408.6480923525519
0.0010514350635557703	386.14260552652047
0.0010687332617851466	365.6355189635079
0.0010863160497836435	346.9292715813651
0.0011041881096190485	329.84676680304943
0.001122354200388474	314.2291536416116
0.00114081915948565	299.93386391090064
0.001159587903889052	286.8328732155864
0.0011786654314712354	274.81115789461296
0.0011980568223296994	263.76532393771333
0.0012177672401396497	253.6023871644397
0.0012378019335290242	244.23868673646555
0.0012581662374761262	235.59891644167624
0.0012788655747302678	227.61526020682135
0.0012999054572557732	220.22662001868244
0.0013212914876997407	213.37792590771346
0.0013430293608839617	207.0195189120222
0.0013651248653213702	201.10659902634143
0.0013875838847574545	195.59873107822403
0.0014104123997370206	190.4594022857474
0.0014336164891967282	185.65562595721886
0.0014572023320838406	181.15758641032062
0.001481176209001595	176.93832072943206
0.00150554450388164	172.97343345677726
0.0015303137056840034	169.24084073476672
0.0015554904101250091	165.72054079102216
0.0015810813214336358	162.3944079902618
0.0016070932541367667	159.2460079736744
0.0016335331348738015	156.26043167089068
0.0016604080042411412	153.42414620584694
0.001687725018667001	150.7248609288462
0.001715491452317072	148.15140699565964
0.001743714699031546	145.6936290829736
0.0017724022742939864	143.34228797996607
0.0018015618172326155	141.08897293016008
0.0018312010926545105	138.92602271763838
0.0018613279931132642	136.84645459869824
0.0018919505410106832	134.84390027544097
0.0019230768907330335	132.91254819285126
0.0028908514088871236	97.81846056297618
0.004345651444586364	73.3124522296454
0.006532569062449846	53.68611126768556
0.009820037133635951	38.284892373807
0.014761899703487359	26.72649743770407
0.022190718822173713	18.37207366946176
0.033358037362118335	12.49462861285367
0.05014522808249801	8.435724201189913
0.07538045095846331	5.667449424148939
0.11331511699085335	3.7950956471264004
0.17034012897755357	2.535724382039323
0.2560625652659537	1.6917796192945176
0.38492419680638545	1.127614485070016
0.5786345111912423	0.7510944250879869
0.8698281384216001	0.5000806574681236
1.307562849703456	0.33285892298696834
1.965584384321138	0.2215118292038767
2.954750490780096	0.1473934328177508
4.441707276678694	0.09806689222272978
6.676964296397084	0.06524423167984422
10.03709822334301	0.04340557203870664
15.088195214612265	0.02887606248756712
22.681220186208847	0.019209817008913766
34.09537998534616	0.012779200097244125
51.25363304095934	0.008501213273306189
77.04665268509528	0.005655304884424909
115.81982266962002	0.003762094653879023
174.10530964984082	0.0025026635629462825
261.72254584376964	0.0016648480285613517
393.4325216198647	0.001107506553238108
591.424588849002	0.0007367459136584523
889.0547300336575	0.0004901048296624725
1336.4650843034603	0.0003260319082883728
2009.0314591708395	0.00021688581462323488
3020.0619914000204	0.00014427867182388923
4539.886316993456	9.597830751200368e-05
6824.551227728227	6.384751735262725e-05
10258.957209027822	4.247319449194345e-05
15421.703128118897	2.825438295731558e-05
23182.56354189135	1.8795622811928585e-05
34849.020753999335	1.2503385177158193e-05
52386.53806849831	8.31760890954166e-06
78749.68396313649	5.533110966345066e-06
118379.8921048196	3.680783407964385e-06
200	89
0.000971657501977429	600.0000000000011
0.000986850733252081	565.7180977551067
0.0010022815320606597	534.3396625543292
0.0010179536131055956	505.59003363650004
0.001033870749173919	479.2222292685414
0.0010500367720454864	455.01396985670505
0.001066455573415423	432.7650480599971
0.0010831311058309794	412.29500171520283
0.0011000673836430372	393.4410513270866
0.001117268483972502	376.05626905376016
0.0011347385476917944	360.00795060500235
0.0011524817804217	345.17616534640865
0.0011705024535437992	331.45246323701775
0.001188804905228726	318.73872008978276
0.0012073935414805158	306.9461050950739
0.0012262728371972712	295.99415664368075
0.0012454473372484165	285.80995427777896
0.001264921657568804	276.3273761308525
0.001284700486269913	267.48643252945243
0.0013047885847684414	259.23266755484076
0.0013251907889325323	251.51662133007937
0.0013459120102459231	244.29334663271985
0.00136695723699031	237.52197415594694
0.0013883315354461824	231.1653213695029
0.0014100400511124535	225.1895404806544
0.0014320880099451456	219.56380147721134
0.0014544807196154492	214.26000665922209
0.0014772235707874593	209.25253344187396
0.001500322038415885	204.51800254615725
0.0015237816830640457	200.03506899165004
0.0015476081522424927	195.7842335720206
0.00157180718176854	191.74767273237572
0.0015963845971470748	187.90908498158066
0.0016213463149729436	184.25355216491587
0.0016466983443552692	180.76741409514648
0.0016724467883640502	177.4381551953015
0.0016985978454993598	174.2543019459229
0.0017251578111835406	171.20533005474923
0.0017521330792767155	168.28158037917126
0.0017795301436159953	165.47418273252993
0.0018073555995787702	162.7749867955582
0.001835616145670429	160.17649943503943
0.001864318585136907	157.6718278039522
0.0018934698276024612	155.2546276619073
0.0019230768907330335	152.91905641230306
0.0028936903873786218	108.81729909723757
0.004354190983396233	79.67259894631559
0.006551834018795596	57.433626651164296
0.00985866930815352	40.529839070787155
0.014834527286360496	28.093557849279158
0.022321795460546884	19.216661000455076
0.03358803034058358	13.022535469782879
0.050540548324347186	8.76861828851785
0.07604932468574438	5.878718702317296
0.11443286582570862	3.929774924732502
0.1721893104928426	2.621832819121543
0.25909653170059416	1.7469337683446842
0.3898674810133898	1.1629759591707578
0.5866410165897922	0.7737736298019986
0.8827298995313869	0.5146239906852833
1.3282604753011276	0.34218029992950366
1.9986588096582805	0.2274815006335943
3.0074199388633027	0.15121262131911675
4.525322003418345	0.10050723958594644
6.809338120689058	0.06680130457147392
10.246140629737374	0.04439745919472626
15.417562756265541	0.029506772065766646
23.199100025379895	0.01961005965910822
34.90812721153764	0.013032624821957996
52.526923203217656	0.008661279568087727
79.03826076022794	0.005756126773793209
118.93037480670716	0.003825404819418431
178.95679782950515	0.002542281428403334
269.27969865932243	0.0016895431976211006
405.1902860887037	0.0011228315585206953
609.6975329297155	0.0007462076179380674
917.4234783585148	0.0004959119631371946
1380.4645634681663	0.0003295712997654226
2077.2112943970687	0.0002190252139550919
3125.6193572478073	0.00014555890988562456
4703.178917211659	9.673495727261244e-05
7076.962802911904	6.428772732477882e-05
10648.84058110452	4.272407689002611e-05
16023.513035156759	2.8393393004931743e-05
24110.884939288684	1.8869565210864425e-05
36280.107319794646	1.2540258497614415e-05
54591.367776427134	8.333953668198139e-06
82144.66978919548	5.538544797067996e-06
123604.6475774455	3.6807834079643813e-06
