# Table format: T1D
# table_unit = degC
# axis1_unit = kJ/kg/K
# axis2_unit = barA
# This file was automatically generated by generate_data_files.py
1.0	119
0.07422081193136239	-157.41999999999996
0.09301219103479991	-155.36714696206107
0.11179689407874775	-153.277879808548
0.13057283489525617	-151.1515526150871
0.14933830253857297	-148.98750799970696
0.1680919387681089	-146.78507691959922
0.18683271668130352	-144.54357846427635
0.20555992056539116	-142.26231964505828
0.22427312702213534	-139.9405951808276
0.2429721874063797	-137.57768727998018
0.2616572116073736	-135.17286541851183
0.28032855319173827	-132.72538611416783
0.29898679591820954	-130.23449269658445
0.3176327416272761	-127.6994150733544
0.33626739950322154	-125.11936949194342
0.3548919767023255	-122.49355829738298
0.3735078703386023	-119.82116968566356
0.39211666081786495	-117.10137745275554
0.4107201065120485	-114.3333407391784
0.4293201397687067	-111.51620377003547
0.44791886425530086	-108.64909559044258
0.4665185536451422	-105.73112979625887
0.4851216516609036	-102.76140426004483
0.5037307735037385	-99.73900085215632
0.5223487087109536	-96.66298515689402
0.5409784255037164	-93.53240618361616
0.5596230767090703	-90.34629607272652
0.5782860073684006	-87.10366979644905
0.596970764178642	-83.80352485429253
0.6156811069544074	-80.44484096311558
0.6344210223508902	-77.02657974169168
0.6531947401511959	-73.54768438968057
0.6720067525014137	-70.00707936090399
0.6908618365764225	-66.40367003082724
0.7097650812854537	-62.7363423581412
0.7287219187868238	-59.00396254034152
0.7477381617873369	-55.20537666319959
0.7668200478689814	-51.33941034401326
0.7859742924354323	-47.40486836853299
0.8052081523339175	-43.4005343214441
0.816240993531735	-41.079832647923325
0.8421030006560651	-41.07977051097433
0.8679648305521079	-41.07977051097433
0.893826660448151	-41.07977051097433
0.9196884903441936	-41.07977051097433
0.9455503202402366	-41.07977051097433
0.9714121501362794	-41.07977051097433
0.9972739800323223	-41.07977051097433
1.0231358099283652	-41.07977051097433
1.048997639824408	-41.07977051097433
1.0748594697204505	-41.07977051097433
1.1007212996164935	-41.07977051097433
1.1265831295125364	-41.07977051097433
1.152444959408579	-41.07977051097433
1.1783067893046224	-41.07977051097433
1.204168619200665	-41.07977051097433
1.2300304490967078	-41.07977051097433
1.2558922789927507	-41.07977051097433
1.2817541088887936	-41.07977051097433
1.307615938784836	-41.07977051097433
1.3334777686808792	-41.07977051097433
1.359339598576922	-41.07977051097433
1.3852014284729648	-41.07977051097433
1.4110632583690077	-41.07977051097433
1.4369250882650506	-41.07977051097433
1.462786918161093	-41.07977051097433
1.4886487480571362	-41.07977051097433
1.5145105779531793	-41.07977051097433
1.5403724078492218	-41.07977051097433
1.5662342377452647	-41.07977051097433
1.5920960676413074	-41.07977051097433
1.61795789753735	-41.07977051097433
1.6438197274333932	-41.07977051097433
1.6696815573294361	-41.07977051097433
1.695543387225479	-41.07977051097433
1.721405217121522	-41.07977051097433
1.7472670470175649	-41.07977051097433
1.7731288769136075	-41.07977051097433
1.7989907068096502	-41.07977051097433
1.8310340482950698	-38.75944241626706
1.8430171111131735	-34.18433934542847
1.8549898176301176	-29.519934178445
1.8669771759630311	-24.764483814832886
1.8789988067152144	-19.916211130278725
1.8910703409402858	-14.973304312524021
1.9032044260487404	-9.933916184285295
1.9154114562450115	-4.796163512959424
1.9277001072440227	0.441873693145169
1.940077730518305	5.782152902314465
1.9525506457988355	11.226669790940036
1.9651243592580967	16.777458989308627
1.9778037269953403	22.43659484194899
1.9905930779879777	28.20619218281894
2.003496306822742	34.08840712562568
2.016516943778068	40.0854378695704
2.0296582078589434	46.19952552082145
2.0429230469583275	52.4329549300212
2.056314168277301	58.78805554614087
2.069834061369606	65.26720228700248
2.0834850156083897	71.87281642679022
2.0972691334491356	78.6073665008895
2.1111883405442566	85.47336922838161
2.1252443935238152	92.47339045255194
2.139438886072934	99.61004609975015
2.153773253795339	106.88600315696937
2.168248778243067	114.30398066850603
2.18286659040701	121.86675075207461
2.1976276738957714	129.5771396347534
2.212532867976868	137.43802870915562
2.2275828706115943	145.45235561021155
2.2427782415802877	153.62311531297127
2.258119405766706	161.95336125183428
2.2736066566472366	170.44620646162622
2.2892401600118553	179.104824740948
2.3050199579282733	187.9324518382329
2.3209459729480755	196.9323866609546
2.3370180125433335	206.10799250843576
2.353235773753985	215.46269832872457
2.369598848019713	224.99999999999983
10.0	119
0.07341992652395868	-157.41999999999996
0.09892580891209718	-154.62425494026763
0.12441731720753399	-151.76097172760154
0.1498897461112624	-148.82851881048157
0.17533960644322702	-145.82522522321642
0.2007645257245631	-142.74937963379512
0.2261631563809916	-139.59922936873966
0.251535091994195	-136.3729794143994
0.2768807918804016	-133.06879139411865
0.3022015141516893	-129.68478252069565
0.327499257315971	-126.21902452353669
0.35277671039637587	-122.6695425498913
0.3780372114996411	-119.03431403954482
0.4032847147371438	-115.3112675723261
0.428523765401396	-111.49828168777506
0.45375948332715554	-107.59318367629433
0.47899755442128733	-103.59374834110028
0.5042442304331319	-99.49769673026364
0.5295063371618552	-95.30269483812233
0.5547912914670858	-91.00635227532061
0.5801071276743267	-86.60622090672229
0.6054625342628429	-82.09979345641668
0.6308669021126667	-77.48450207902903
0.656330386100485	-72.75771689651233
0.6818639825163285	-67.91674449959646
0.7074796256899077	-62.9588264130326
0.7331903084633645	-57.8811375237633
0.7590102328702428	-52.680784471122195
0.7849549997977276	-47.35480399814264
0.8110418498595682	-41.900161263039365
0.8372899727274735	-36.313748109900416
0.8637209096280778	-30.59238129760206
0.8903590850559319	-24.732800685939623
0.9172325214546395	-18.73166737793977
0.9443738190581664	-12.58556181729449
0.9718215303159099	-6.2909818398361494
0.9996221398194408	0.1556593220606146
1.0278330076839945	6.758035083285449
1.0565269140864126	13.519907599171518
1.0857994102380957	20.445129909240904
1.0983272904371133	23.41073728206152
1.1142540284656686	23.41081147755284
1.1301805931537283	23.41081147755284
1.1461071578417883	23.41081147755284
1.162033722529848	23.41081147755284
1.1779602872179078	23.41081147755284
1.1938868519059678	23.41081147755284
1.2098134165940273	23.41081147755284
1.2257399812820873	23.41081147755284
1.2416665459701473	23.41081147755284
1.257593110658207	23.41081147755284
1.273519675346267	23.41081147755284
1.2894462400343267	23.41081147755284
1.3053728047223865	23.41081147755284
1.3212993694104462	23.41081147755284
1.337225934098506	23.41081147755284
1.353152498786566	23.41081147755284
1.369079063474626	23.41081147755284
1.3850056281626855	23.41081147755284
1.4009321928507454	23.41081147755284
1.4168587575388052	23.41081147755284
1.432785322226865	23.41081147755284
1.448711886914925	23.41081147755284
1.464638451602985	23.41081147755284
1.4805650162910442	23.41081147755284
1.4964915809791044	23.41081147755284
1.5124181456671644	23.41081147755284
1.528344710355224	23.41081147755284
1.5442712750432839	23.41081147755284
1.5601978397313436	23.41081147755284
1.5761244044194034	23.41081147755284
1.5920509691074631	23.41081147755284
1.6079775337955229	23.41081147755284
1.6239040984835826	23.41081147755284
1.6398306631716428	23.41081147755284
1.6557572278597026	23.41081147755284
1.6716837925477623	23.41081147755284
1.687610357235822	23.41081147755284
1.7035369219238818	23.41081147755284
1.7280216502908665	26.376381748565677
1.7390349320695984	30.30886230202219
1.7498638939157243	34.292972375433294
1.7605492973565493	38.32938981253966
1.771122562755574	42.418801356490235
1.7816083622825436	46.56190276668167
1.7920264058537432	50.75939893713269
1.8023926948681002	55.012004016411936
1.812720416864432	59.320441529142215
1.8230205932468022	63.68544449909763
1.8333025544246657	68.10775557391855
1.8435742926203613	72.58812715146172
1.8538427268753224	77.1273215078138
1.8641139043230992	81.72611092697974
1.8743931547149342	86.38527783227835
1.8846852103192708	91.10561491945981
1.8949942999328928	95.8879252915745
1.9053242233611232	100.73302259560865
1.9156784110330902	105.6417311609166
1.9260599722051464	110.61488613946847
1.9364717343283624	115.65333364794128
1.946916275516591	120.7579309116743
1.957395951582058	125.92954641051517
1.9679129187580675	131.169060026578
1.9784691529697245	136.4773631939466
1.9890664663195248	141.85535905033862
1.9997065213081446	147.30396259076338
2.010390843199443	152.82410082319416
2.0211208308534214	158.4167129262895
2.031897766285252	164.0827504091796
2.042722823157547	169.82317727335453
2.053597074373293	175.6389701766742
2.064521498905591	181.5311185995369
2.0754969879755936	187.50062501322407
2.0865243506703486	193.54850505045857
2.0976043190764093	199.67578767819992
2.1087375529923293	205.8835153727111
2.119924644272789	212.17274429692145
2.131166120848653	218.54454448011887
2.1424624504602696	224.99999999999977
20.0	120
0.07253322836104462	-157.41999999999993
0.10049531495357747	-154.35091937433918
0.12843865657913206	-151.2004488248316
0.1563573016930094	-147.96642994623718
0.18424702222164807	-144.6466470938821
0.2121051582333346	-141.2388258657079
0.23993047604936715	-137.74063154406483
0.2677230404974156	-134.1496674961858
0.29548410171577505	-130.46347353223632
0.3232159966780538	-126.67952421982775
0.35092206542370424	-122.79522715382726
0.37860658184958107	-118.80792118028697
0.4062746988427232	-114.71487457327243
0.43393240751525425	-110.51328316334138
0.46158651034114123	-106.20026841639208
0.4892446080958797	-101.77287546156185
0.5169151006707632	-97.22807106682944
0.5446072020851321	-92.56274156093079
0.5723309703697189	-87.77369070016397
0.6000973534683747	-82.85763747862563
0.6279182529422139	-77.81121388037496
0.6558066081163733	-72.63096257198626
0.6837765044688214	-67.31333453391082
0.711843311648069	-61.85468662902363
0.7400238587112485	-56.251279106689
0.7683366572863495	-50.49927304063635
0.7968021878376428	-44.59472769889069
0.8254432707801012	-38.53359784395272
0.8542855540422148	-32.31173096138673
0.8833581638325562	-25.92486441490709
0.9126945893272801	-19.368622526022875
0.9423339110731662	-12.638513576235823
0.9723225489183983	-5.729926729737315
1.0027168214591882	1.3618711254994196
1.0335868234677497	8.641738620402748
1.0650225470756522	16.114663233477472
1.097144051666231	23.785764707755106
1.1301194996884123	31.66029855835825
1.1642000342433083	39.74365967308506
1.1997958952708248	48.04138600847591
1.2140084079268807	51.2857434429049
1.2260517637483357	51.28574469345824
1.238095116795304	51.28574469345824
1.2501384698422728	51.28574469345824
1.2621818228892412	51.28574469345824
1.2742251759362095	51.28574469345824
1.286268528983178	51.28574469345824
1.2983118820301465	51.28574469345824
1.3103552350771153	51.28574469345824
1.3223985881240836	51.28574469345824
1.334441941171052	51.28574469345824
1.3464852942180205	51.28574469345824
1.3585286472649891	51.28574469345824
1.3705720003119575	51.28574469345824
1.3826153533589258	51.28574469345824
1.3946587064058944	51.28574469345824
1.406702059452863	51.28574469345824
1.4187454124998313	51.28574469345824
1.4307887655468	51.28574469345824
1.4428321185937683	51.28574469345824
1.4548754716407366	51.28574469345824
1.4669188246877052	51.28574469345824
1.4789621777346738	51.28574469345824
1.491005530781642	51.28574469345824
1.5030488838286107	51.28574469345824
1.5150922368755793	51.28574469345824
1.5271355899225476	51.28574469345824
1.5391789429695162	51.28574469345824
1.5512222960164845	51.28574469345824
1.563265649063453	51.28574469345824
1.5753090021104215	51.28574469345824
1.58735235515739	51.28574469345824
1.5993957082043586	51.28574469345824
1.611439061251327	51.28574469345824
1.6234824142982955	51.28574469345824
1.6355257673452641	51.28574469345824
1.6475691203922325	51.28574469345824
1.659612473439201	51.28574469345824
1.6716558264861692	51.28574469345824
1.6836992233399306	51.285764781736646
1.6947164824930665	54.53012242955401
1.706112228185348	58.068401710921535
1.717108946537212	61.64488721663986
1.7277912749284456	65.25999149627489
1.7382212640331713	68.91413155408793
1.7484457527814434	72.60772889714002
1.758500969286648	76.34120958391077
1.7684155244707302	80.11500427344538
1.7782124273521187	83.92954827503235
1.7879104805005817	87.78528159841426
1.797525269568311	91.68264900454602
1.8070698794873585	95.62210005689548
1.816555422201927	99.6040891733033
1.8259914317670238	103.62907567839852
1.8353861644199583	107.69752385658234
1.8447468294807183	111.80990300558466
1.8540797691818691	115.96668749059609
1.863390600303689	120.16835679898787
1.8726843269055111	124.4153955956196
1.8819654309448222	128.7082937787461
1.8912379458073487	133.04754653652878
1.9005055165039504	137.43365440415323
1.909771449370761	141.86712332156878
1.9190387534348103	146.3484646918472
1.9283101751079932	150.8781954401735
1.937588227498819	155.4568380734757
1.9468752153497744	160.08492074069238
1.95617325639397	164.7629772936993
1.9654842997605666	169.49154734888572
1.9748101419318311	174.27117634940151
1.9841524406560778	179.10241562807505
1.9935127271436512	183.98582247100632
2.002892416812366	188.921960181855
2.0122928188005815	193.91139814681333
2.0217151444277177	198.95471190028843
2.031160514751121	204.05248319128845
2.040629967343336	209.20530005052814
2.0501244623936414	214.41375685825977
2.059644888221189	219.67845441283288
2.069192066273625	224.99999999999983
30.000000000000004	120
0.07164984605103553	-157.4199999999999
0.10114854843730917	-154.1793554476895
0.13062501820736508	-150.84796712008816
0.16007245374067008	-147.4232940310984
0.1894861601417466	-143.90272404252102
0.21886334768949975	-140.28357187167006
0.24820294896659015	-136.5630770431983
0.27750545558431056	-132.7384017835699
0.30677277498034244	-128.80662885657364
0.33600810741561477	-124.76475933822863
0.36521584303218846	-120.60971032938176
0.39440147865609154	-116.33831260425475
0.4235715539378284	-111.94730819314572
0.4527336064202252	-107.43334789744324
0.481896145212437	-102.79298873505411
0.511068643137852	-98.02269131430197
0.5402615475258704	-93.11881713428735
0.5694863102544822	-88.07762580965456
0.5987554382559032	-82.8952722176461
0.6280825665219683	-77.5678035652725
0.6574825567662309	-72.09115637435292
0.6869716264302969	-66.46115338213585
0.716567514837454	-60.673500355128766
0.7462896962636689	-54.72378281371212
0.7761596539313339	-48.60746266503398
0.806201235097135	-42.319874741621504
0.8364411165813248	-35.85622324306698
0.8669094240747366	-29.21157807807495
0.8976405704653786	-22.38087110407929
0.9286744137690105	-15.35889226156479
0.9600578942274512	-8.140285600140544
0.9918474124413533	-0.7195451933378649
1.0241123960210872	6.908989060983856
1.0569408574707368	14.751135757830525
1.090448471178709	22.812876423151636
1.1247943009218269	31.100360076196182
1.1602102357650577	39.61990791961966
1.197062198553754	48.37801816092593
1.2359985091055359	57.3813709689133
1.2784111845830421	66.63683356891443
1.2953325232216841	70.06902380698432
1.304509174258433	70.06902488016874
1.3136858229428032	70.06902488016874
1.322862471627174	70.06902488016874
1.3320391203115445	70.06902488016874
1.341215768995915	70.06902488016874
1.3503924176802855	70.06902488016874
1.359569066364656	70.06902488016874
1.3687457150490265	70.06902488016874
1.377922363733397	70.06902488016874
1.3870990124177676	70.06902488016874
1.3962756611021383	70.06902488016874
1.4054523097865088	70.06902488016874
1.4146289584708793	70.06902488016874
1.4238056071552496	70.06902488016874
1.43298225583962	70.06902488016874
1.4421589045239906	70.06902488016874
1.4513355532083612	70.06902488016874
1.460512201892732	70.06902488016874
1.4696888505771024	70.06902488016874
1.478865499261473	70.06902488016874
1.4880421479458432	70.06902488016874
1.4972187966302137	70.06902488016874
1.5063954453145842	70.06902488016874
1.515572093998955	70.06902488016874
1.5247487426833255	70.06902488016874
1.5339253913676958	70.06902488016874
1.5431020400520663	70.06902488016874
1.5522786887364368	70.06902488016874
1.5614553374208073	70.06902488016874
1.570631986105178	70.06902488016874
1.5798086347895486	70.06902488016874
1.588985283473919	70.06902488016874
1.5981619321582894	70.06902488016874
1.60733858084266	70.06902488016874
1.6165152295270304	70.06902488016874
1.625691878211401	70.06902488016874
1.634868526895772	70.06902488016874
1.6440451755801422	70.06902488016874
1.653221838293511	70.06903112262495
1.6681251131815362	73.50122143385124
1.680811899634722	76.73905745076502
1.6926739817637781	80.00713591721956
1.7039268944702903	83.30573930760482
1.7147115186587756	86.63515273471444
1.7251254724358438	89.99566397438878
1.7352394173910508	93.38756349038897
1.7451062800323662	96.81114445950288
1.7547668127678795	100.26670279688568
1.7642531206996042	103.75453718163669
1.7735909909547305	107.2749490826169
1.782801483419265	110.82824278450386
1.7919020479730292	114.41472541409473
1.8009073281636805	118.03470696685127
1.8098297514099184	121.68850033369466
1.8186799703637426	125.37642132804956
1.8274671983101693	129.09878871314174
1.8361994677328282	132.85592422954988
1.8448838322496404	136.64815262301505
1.8535265261943226	140.47580167251
1.8621330920987231	144.33920221857062
1.8707084835532124	148.23868819189164
1.879257148970964	152.17459664219007
1.88778310039044	156.14726776733778
1.8962899704442533	160.15704494276594
1.904781059886092	164.20427475114548
1.9132593775219213	168.28930701234196
1.9217276739834412	172.41249481365423
1.9301884704732486	176.57419454033158
1.9386440833757428	180.77476590637855
1.9470966454468106	185.0145719856468
1.955548124154851	189.2939792432154
1.9640003376360282	193.61335756706865
1.9724549686402926	197.97308030006553
1.980913576776296	202.37352427220952
1.9893776093088207	206.81506983321992
1.997848410718568	211.29810088540705
2.006327231198873	215.82300491685464
2.0148152342352676	220.39017303491227
2.0233135033904475	224.99999999999983
40.0	118
0.07076975328228469	-157.42
0.10139457848265045	-154.0532901981666
0.13199409408189536	-150.5886391979426
0.16256084588461078	-147.02319778484033
0.19308980130329212	-143.35403385766784
0.22357810727384833	-139.57813001726498
0.2540248716822496	-135.69238108509438
0.2844309693873438	-131.69359154964567
0.3147988733428906	-127.57847293855147
0.34513251086058405	-123.34364111425654
0.37543714471409884	-118.98561349101638
0.40571927856102663	-114.50080617093147
0.43598658605450147	-109.88553099666984
0.4662478630312974	-105.135992518448
0.4965130023031807	-100.24828487277756
0.5267929908543593	-95.21838857041325
0.5570999296798037	-90.04216719085738
0.5874470771189267	-84.71536398070435
0.61784891739729	-79.2335983530275
0.6483212572634055	-73.59236228492821
0.6788813552160868	-67.78701661028856
0.7095480900406071	-61.81278720467307
0.7403421784859098	-55.664761059246985
0.7712864563535573	-49.3378822404801
0.8024062437211853	-42.82694773231401
0.8337298246115318	-36.12660315737392
0.8652890860180038	-29.23133837370591
0.8971203840329111	-22.135482943417088
0.9292657416221065	-14.833201469496316
0.961774543907486	-7.318488796975203
0.9947060029750333	0.4148349255115704
1.0281328563314864	8.373129327832828
1.062147129448178	16.562939048309886
1.0968695368393322	24.990999115810894
1.132465729687618	33.66424048841611
1.1691765575179274	42.58979575320842
1.207380442719405	51.77500499187772
1.247742137742619	61.22742181696111
1.2916601440587283	70.95481958368458
1.343396029054165	80.96519778251371
1.372968049199572	84.54211717708108
1.3793671752348642	84.54211717708108
1.3857663012701567	84.54211717708108
1.3921654273054491	84.54211717708108
1.3985645533407414	84.54211717708108
1.404963679376034	84.54211717708108
1.4113628054113265	84.54211717708108
1.4177619314466188	84.54211717708108
1.424161057481911	84.54211717708108
1.4305601835172033	84.54211717708108
1.436959309552496	84.54211717708108
1.4433584355877884	84.54211717708108
1.4497575616230807	84.54211717708108
1.456156687658373	84.54211717708108
1.4625558136936656	84.54211717708108
1.4689549397289576	84.54211717708108
1.4753540657642503	84.54211717708108
1.4817531917995426	84.54211717708108
1.488152317834835	84.54211717708108
1.4945514438701275	84.54211717708108
1.5009505699054198	84.54211717708108
1.5073496959407122	84.54211717708108
1.5137488219760045	84.54211717708108
1.520147948011297	84.54211717708108
1.5265470740465892	84.54211717708108
1.5329462000818816	84.54211717708108
1.539345326117174	84.54211717708108
1.5457444521524664	84.54211717708108
1.552143578187759	84.54211717708108
1.558542704223051	84.54211717708108
1.5649418302583435	84.54211717708108
1.571340956293636	84.54211717708108
1.5777400823289287	84.54211717708108
1.5841392083642207	84.54211717708108
1.5905383343995132	84.54211717708108
1.5969374604348057	84.54211717708108
1.603336586470098	84.54211717708108
1.6097357125053902	84.54211717708108
1.6399764272001474	88.11903331464794
1.6555724021309952	91.10742558577675
1.6692696588837863	94.12053762954781
1.681748211623592	97.15857392619779
1.6933704512029235	100.22174064741006
1.7043553087833825	103.31024567030494
1.714846349147938	106.4242985915489
1.724943360967649	109.56411074157688
1.7347188053222313	112.72989519893446
1.7442271288836815	115.92186680473822
1.7535103848510385	119.14024217725569
1.7626018007985254	122.38523972660488
1.7715281377328356	125.65707966957831
1.7803113035114315	128.9559840445849
1.7889694881534486	132.282176726721
1.7975179823899088	135.63588344296164
1.805969780387728	139.0173317874801
1.8143360318070603	142.42675123709216
1.8226263864217271	145.86437316683055
1.830849260678712	149.33043086564567
1.8390120465860067	152.82515955223818
1.847121277350105	156.34879639102087
1.8551827601373063	159.9015805082143
1.8632016835363185	163.4837530080747
1.8711827053340007	167.09555698925612
1.8791300248131093	170.73723756130698
1.8870474427653137	174.4090418613054
1.8949384116681127	178.11121907063
1.902806077921793	181.84402043187077
1.910653317628161	185.60769926587773
1.9184827670788045	189.40251098895453
1.9262968488804626	193.22871313019033
1.9340977944598248	197.08656534893697
1.941887663545922	200.97632945242998
1.9496683611153238	204.89826941355687
1.9574416521961204	208.8526513887699
1.9652091748558023	212.8397437361494
1.9729724516413856	216.85981703361398
1.9807328996945193	220.91314409728506
1.9884918397272935	224.99999999999983
50.00000000000001	89
0.0698929240605678	-157.41999999999962
0.22386740190182763	-139.4272174345798
0.3552635327632173	-121.7636424712772
0.46850147203710096	-104.61399110646008
0.5672860371923512	-88.07956996902638
0.6543877341908626	-72.23039099006323
0.7318459494756496	-57.120926632149605
0.801184090042808	-42.793417016899866
0.8635680639325916	-29.278005875849402
0.9199136823810945	-16.592763181756254
0.9709580922869219	-4.744352036341297
1.0173074301223988	6.270692408773982
1.0594690313793245	16.464328832603314
1.0978736543178547	25.85528955215625
1.1328912488678635	34.46748007998707
1.1648425370250513	42.328623179663225
1.1940078479107565	49.46919990029426
1.2206341226943778	55.921687600731445
1.2449406707199913	61.72006250919338
1.267124041050183	66.89951476312996
1.2873622166110932	71.49630876226922
1.305818212483072	75.54770850023556
1.322643066136926	79.09188203969563
1.3379781620729811	82.16771053375874
1.3519568483272872	84.81445931189745
1.3647053709804426	87.07131578176052
1.3763432485477616	88.976846915647
1.3869832928063897	90.56846085930897
1.3967315195669623	91.8819602186341
1.4056871614367714	92.95124678536985
1.4139429009535065	93.80818920600865
1.421585319387445	94.4826152116791
1.428695448855864	95.00235724644182
1.435349259147256	95.39327503001118
1.441617919052481	95.67919975948519
1.447567735395547	95.88178272935573
1.4532597678028647	96.02027321030585
1.4587492154075135	96.11128422391153
1.4640847460556219	96.16862096465013
1.4693079674624565	96.20324016063915
1.474453212984533	96.2233811785697
1.4795477396640377	96.23486988084505
1.4846123379848426	96.2415575173863
1.4896622643601054	96.24583176455184
1.4947083548943396	96.24913149249863
1.5009293449466032	96.25325236833612
1.5071655666006054	96.2589457939938
1.5134240595694364	96.26829529402323
1.5197109596341494	96.28428842633366
1.526032651765543	96.31100845347942
1.5323964269530783	96.35366576736311
1.5388107896235153	96.41853879205513
1.5452855431538326	96.51287442671793
1.55183174920194	96.64477939564262
1.5584616257162573	96.82311950363305
1.5651884239348142	97.05743413986727
1.5720263072892673	97.35786756566381
1.5789902437619783	97.73511543026598
1.5860959162758406	98.2003836128684
1.5933596516531447	98.7653561878962
1.6007983664483103	99.44216959714004
1.608429526785865	100.24339070710727
1.616271118754804	101.18199716500817
1.6243416256657062	102.27135923532887
1.632660008447457	103.5252230216168
1.6412456856070223	104.95769558476843
1.6501185094967705	106.58323289358032
1.6592987361322602	108.41663172830346
1.6688069864625437	110.47302656616688
1.6786641977670365	112.76789210509003
1.6888915646583584	115.31705146607345
1.6995104699102468	118.1366893374705
1.7105424059059615	121.24336850123564
1.7220088878423399	124.65404744405083
1.7339313598987138	128.38609622940794
1.7463310954123827	132.4573075851029
1.759229091766751	136.88590029337183
1.772645960302234	141.69051245523912
1.7866018112227804	146.890182985156
1.8011161332981829	152.50432068772471
1.8162076682274104	158.55266136401116
1.8318942798575684	165.05521447318904
1.84819281902456	172.03220182701898
1.8651189855283232	179.50399153098743
1.8826871895797483	187.49103084612358
1.900910415844767	196.01378180138994
1.9198000938536441	205.092663242762
1.9393659789487918	214.74800259575642
1.9596160480519724	224.99999999999983
60.00000000000001	89
0.06901933270388781	-157.4199999999998
0.2234990444523986	-139.359406698746
0.35528018635423586	-121.62426275858778
0.46883135313623586	-104.39890019777971
0.5678894060751629	-87.78371894587451
0.6552438618846893	-71.84795217424428
0.7329454495398916	-56.64549970169452
0.8025246550927512	-42.21817989582422
0.8651520928650034	-28.595799575025637
0.921746950297679	-15.796125126189565
0.9730490152648362	-3.825513166919336
1.0196666866231372	7.319835562178014
1.0621094103069582	17.65225991216988
1.1008100567086125	27.19093156402505
1.1361408004485787	35.96026498340524
1.168424783815882	43.988568711373375
1.1979450114496277	51.30698864088066
1.2249513867619484	57.94873944288247
1.2496664583451913	63.94858587441155
1.2722902219745893	69.3425153902167
1.2930041685259657	74.16753066412241
1.3119746551289726	78.46148384581306
1.3293556061859921	82.2628784105421
1.34529053267533	85.61058500556987
1.3599138933847776	88.54345414750571
1.373351891714644	91.09985117017266
1.3857228723565433	93.31717219907239
1.3971375184210832	95.23141105932632
1.407699031335586	96.8768318537949
1.417503407271567	98.28576772413845
1.4266398313289488	99.48852806951459
1.4351911295794613	100.51336971429464
1.443234177101308	101.38648111710091
1.4508401666230668	102.13194226883678
1.4580746878350164	102.77164862936536
1.464997630905306	103.32521461068478
1.471662986158072	103.80989136797513
1.4781186470426932	104.24053954209666
1.4844063263472476	104.62968946873013
1.490561667657193	104.9877030387184
1.4966145863280713	105.32302953228651
1.5025898228183756	105.64252938787297
1.5085076511421722	105.95182986257879
1.5143846651857154	106.25567616776874
1.5202345662761514	106.55824889242126
1.5264012528204276	106.88098496206044
1.532562297608013	107.211111363837
1.5387282337124173	107.55318525805268
1.5449088655383127	107.9119717778255
1.5511136446949223	108.29251917250235
1.5573519311834794	108.70019566534285
1.5636331665743775	109.14070086639941
1.5699669831086813	109.62006176970641
1.576363268273809	110.14462055204109
1.5828321997654284	110.7210189909394
1.5893842615966236	111.35618247167002
1.5960302487415887	112.05730524002541
1.602781265133193	112.83183769288428
1.6096487179735757	113.68747597499328
1.6166443100241108	114.6321538685819
1.623780030677175	115.67403683955877
1.631068146059772	116.82151807619715
1.6385211880872208	118.08321637627813
1.646151942206232	119.4679757731393
1.6539734334925928	120.98486681739746
1.6619989107643778	122.64318943526462
1.670241828411738	124.45247725942238
1.6787158257089736	126.42250327331936
1.6874347034480743	128.56328652848583
1.6964123978022263	130.8850995949984
1.7056629513828379	133.39847629854603
1.715200481487752	136.11421919626957
1.7250391455481004	139.04340616057942
1.735193103768172	142.19739538734854
1.7456764789213977	145.58782813168068
1.7565033132252803	149.22662850713868
1.7676875221799335	153.125999765146
1.7792428452315303	157.29841659854793
1.7911827931257478	161.7566131813311
1.803520591857271	166.51356685612654
1.8162691232064456	171.58247760056673
1.8294408619852087	176.97674362918355
1.8430478102883865	182.7099337050035
1.857101429254717	188.79575693029108
1.8716125690713918	195.24803094647473
1.8865913981895988	202.0806495890023
1.9020473329376546	209.30755110673692
1.917988968903747	216.94268806429722
1.9344240155946772	225.0000000000001
70.0	89
0.06814895383741054	-157.41999999999962
0.22313331449213467	-139.2916584396105
0.35529837503495854	-121.48504928311084
0.4691615918993316	-104.18410170308377
0.5684920113827411	-87.48829401350898
0.6560981772449648	-71.46607272724398
0.7340421344088097	-56.17076226099775
0.803861406544784	-41.64376034240655
0.8667312644483167	-27.914541619568354
0.9235742123125338	-15.00057779975242
0.97513260535319	-2.9079332608195045
1.0220170102769992	8.367504277285207
1.0647388590459514	18.838422796276802
1.103732968202166	28.524389361291355
1.1393735145966581	37.4502663453456
1.1719857633880078	45.64486503330954
1.201855000524307	53.139885726908744
1.229233577125949	59.96913749186757
1.254346624970753	66.16799512964383
1.277396777419217	71.7730309252292
1.2985680794860426	76.82174882215975
1.3180291708631622	81.3523477359193
1.3359357736777175	85.40345186570454
1.3524325151652952	89.01377139622929
1.3676541557709792	92.22169272057596
1.3817263504873534	95.06483194595097
1.3947661128046511	97.5796057944346
1.406882151917147	99.80087243069613
1.4181752105261627	101.76167349318183
1.428738459883395	103.49307852418758
1.4386579392095147	105.02410761500767
1.4480129834559274	106.38169690767091
1.4568765773485821	107.5906764518549
1.4653155992005118	108.67374571518206
1.4733909589285046	109.65145046838984
1.4811576728120703	110.54217828999606
1.4886649393483677	111.36219438798724
1.4959562807804527	112.12573465662723
1.5030697962710904	112.84516188262648
1.5100385435596773	113.53117829657356
1.5168910363189831	114.19307742647851
1.5236518224561408	114.83901298697072
1.530342098275184	115.4762627484696
1.5369803143693062	116.11146969179185
1.5435827379952356	116.75084918799695
1.5495463074878313	117.33875975458136
1.5555024124341361	117.93932305485049
1.5614603455561442	118.55684842807892
1.567428928887842	119.19566239195348
1.5734166500267892	119.86013960934412
1.5794317688621642	120.55472415886584
1.585482400179772	121.28394374945611
1.5915765770445112	122.05241904421115
1.597722299148859	122.86486978044087
1.6039275695500181	123.72611894221808
1.6102004224947608	124.64109588179662
1.616548944399381	125.61483900200392
1.6229812895303741	126.65249839725146
1.6295056915180426	127.75933869522754
1.636130471518686	128.94074223219235
1.6428640436053898	130.20221262019464
1.6497149177965498	131.54937871419617
1.656691701009992	132.98799895273913
1.6638030961462538	134.52396602115556
1.6710578994466923	136.16331176694717
1.6784649962325275	137.9122122799876
1.686033355103277	139.77699303401306
1.6937720206527904	141.7641339699063
1.7016901047447415	143.880274385691
1.709796776374902	146.13221748368147
1.718101250133317	148.52693441289716
1.7266127732652068	151.0715676358867
1.7353406113150505	153.7734334447377
1.7442940323244398	156.64002345238623
1.753482289542145	159.67900489331754
1.762914602595616	162.89821958295386
1.7726001370685127	166.3056814077354
1.7825479824304145	169.90957224797285
1.7927671282740292	173.7182362724398
1.8032664388332487	177.74017258643534
1.8140546257831338	181.98402626233764
1.8251402193604505	186.4585778318442
1.836531537890435	191.17273137020925
1.8482366558608936	196.13550135278604
1.860263370746603	201.35599851088836
1.8726191688529361	206.8434149553247
1.8853111905144788	212.60700887003156
1.8983461950488474	218.65608910340507
1.9117305259241426	224.99999999999994
80.0	89
0.06728176238847937	-157.41999999999967
0.2227701826959676	-139.22397274057317
0.35531806739829724	-121.34600246779715
0.4694921581905557	-103.96959641408736
0.5690938265329014	-87.19329629056162
0.6569506587406686	-71.0847540199037
0.7351359890148709	-55.696715780195916
0.8051943377929253	-41.07015959457851
0.868305583861948	-27.234232339537726
0.9253954910591543	-14.20611933560798
0.9772089122217006	-1.991605912402349
1.0243584937746708	9.41371360684633
1.0673575396404777	20.022848202042667
1.106642663056527	29.855721048223472
1.1425898467018	38.93758885159593
1.1755262216554327	47.29769423374199
1.205739022723419	54.96819914606152
1.2334826263285503	61.983390244825046
1.2589842247989351	68.37911106678064
1.28244846580475	74.19235665010751
1.3040612407696912	79.46095931612058
1.3239927177878965	84.22329824068777
1.3423996760837782	88.51798144855456
1.359427205805682	92.38347634584017
1.3752098739410583	95.85769749123887
1.3898724978896053	98.97758694495542
1.4035306857017764	101.77873324540167
1.4162912824720946	104.29506688407434
1.4282528119579794	106.55864885146366
1.4395059421092158	108.5995453958601
1.4501339561915378	110.44576667753046
1.4602131915939158	112.1232440511099
1.4698134162131424	113.65582833589696
1.4789981366197213	115.06530369166148
1.4878248584995308	116.37142227871476
1.4963453366610742	117.59196974774625
1.5046058542254932	118.74287002774366
1.5126475599836686	119.83833173073117
1.5205068749830253	120.89103085244392
1.5282159609475405	121.91231818082292
1.5358032294040997	122.91243663736509
1.5432938638634368	123.90073397488544
1.550710327821932	124.8858590608811
1.558072836667771	125.87593411500086
1.565399779178967	126.87869952195473
1.5710488651590455	127.66713008016364
1.5766941693337417	128.47098716717687
1.5823426810300676	129.29360796545006
1.5880011109425891	130.13830592892418
1.5936759428133789	131.0083843521616
1.599373477090825	131.90714753751917
1.6050998677200807	132.83791011420976
1.6108611531120125	133.80400497174924
1.6166632822075901	134.8087901800816
1.622512136418893	135.85565518580972
1.6284135480978812	136.94802650164394
1.634373316066789	138.08937304559225
1.6403972186423148	139.2832112372751
1.6464910245006357	140.5331099200169
1.6526605016605764	141.84269514757068
1.6589114248063435	143.21565485188523
1.6652495811270112	144.6557433917203
1.6716807748151827	146.1667859697879
1.6782108303400958	147.75268289732088
1.6848455945889589	149.4174136786243
1.691590937953223	151.16504088356152
1.6984527544225603	152.99971377257185
1.705436960737573	154.9256716363701
1.7125494946422777	156.94724681076917
1.7197963122684246	159.06886732598696
1.7271833846758389	161.2950591493879
1.7347166935657132	163.63044798087725
1.7424022261774703	166.07976056125915
1.7502459693742622	168.64782545585138
1.7582539029177695	171.3395732786658
1.766431991929687	174.16003632657475
1.7747861785355645	177.11434759819093
1.7833223726865741	180.2077391786807
1.792046442156614	183.44553997943103
1.8009642017160832	186.833172830293
1.8100814014897755	190.3761509319467
1.819403714514745	194.08007368656774
1.8289367235246266	197.95062193622095
1.8386859069996655	201.99355264999798
1.8486566245363258	206.21469311251604
1.858854101606602	210.6199346777297
1.869283413794439	215.21522616266816
1.8799494706146787	220.0065669654133
1.8908569990377935	225.0
90.00000000000001	89
0.06641773358175442	-157.4199999999999
0.22240962009548468	-139.1563496854266
0.35533923250039734	-121.20712273057467
0.4698230224479105	-103.75538510706448
0.5696948256062464	-86.89872686761021
0.6578012855596062	-70.70399738362946
0.7362269990154056	-55.22336168535861
0.8065234428721834	-40.49737885911688
0.8698750566677593	-26.554872086132917
0.9272108089527452	-13.412748023180427
0.9792779840591127	-1.076525174828987
1.0266912258043013	10.4584775136845
1.0699656052563482	21.205564496119166
1.1095393974424788	31.184979938184256
1.1457902170051328	40.42232778910761
1.1790468383127828	48.947220491492544
1.2095981637718378	56.79220358712331
1.2377002471467187	63.991945678613774
1.2635819234612609	70.58264697997771
1.287449372842358	76.60160158435843
1.3094898064001403	82.08684436646172
1.3298743833303548	87.0768211257141
1.3487604388563978	91.61003959403973
1.3662931120702388	95.72468643564753
1.3826064924571821	99.45822391694321
1.3978244288968376	102.84699971303252
1.4120611449822353	105.92590756083325
1.4254217744337674	108.72812555346434
1.4380028815198656	111.28493996843645
1.4498929833736265	113.62564516704089
1.4611730603701332	115.77750103745115
1.471917033052077	117.76572998829141
1.482192194269388	119.61354230969624
1.4920596022987507	121.34218672015004
1.5015744543847662	122.97102808070974
1.510786464694671	124.51765502358
1.5197402658203454	125.99801738035916
1.5284758421869284	127.42658884794417
1.5370289917787274	128.8165464039817
1.5454318033428505	130.17995593491486
1.5537131316144797	131.52795372082994
1.5618990531183299	132.87091538430815
1.5700132884547402	134.21860681811637
1.578077581953889	135.58031462340813
1.5861120346666482	136.9649561213103
1.5913568497746509	137.886598720498
1.5966019157698574	138.82410014634866
1.6018520248142094	139.77979513247317
1.607111813840373	140.75599625954413
1.6123857844245002	141.75500012217123
1.6176783204575924	142.77909292693874
1.6229937038614766	143.83055562849142
1.6283361285714468	144.91166869201265
1.6337097129819742	146.02471655276895
1.6391185110263284	147.171991827312
1.6445665220368142	148.35579931680297
1.6500576995104375	149.57845983090465
1.6555959588854736	150.8423138507584
1.661185184417765	152.1497250415809
1.6668292352315044	153.50308361918644
1.672531950607547	154.9048095700195
1.6782971545625984	156.35735572083462
1.6841286597647496	157.86321065174758
1.69003027082432	159.4249014447858
1.696005786993675	161.04499625911137
1.702059004305262	162.72610672360543
1.7081937171734156	164.47089013736928
1.7144137194823115	166.28205146881868
1.7207228051796983	168.16234514434183
1.7271247683935753	170.11457661791337
1.7336234030868292	172.1416037135897
1.7402225022628337	174.246337733411
1.746925856733316	176.43174432393772
1.753737253458204	178.70084409543517
1.7606604734659024	181.05671298861358
1.7676992893614036	183.50248238485403
1.7748574624289195	186.04133895700994
1.7821387393353434	188.67652425919408
1.789546848440842	191.41133405545327
1.7970854957233255	194.24911738889404
1.8047583603244206	197.1932753946769
1.8125690897258973	200.24725986230425
1.8205212945673657	203.41457155480265
1.8286185431183672	206.69875829471357
1.836864355420754	210.10341282920655
1.8452621971205043	213.63217048912344
1.8538154730116903	217.28870665925228
1.8625275203192966	221.07673407962108
1.8714016017517534	225.0
100.00000000000001	89
0.06555684293444153	-157.41999999999967
0.2220515980737638	-139.08878935828622
0.35536183985419234	-121.0684104842243
0.47015415567445973	-103.54146854272565
0.5702949833347244	-86.60458680706392
0.6586500375948674	-70.32380411014194
0.7373151507790702	-54.750701357602594
0.8078487164502122	-39.925419308864804
0.8714396888190012	-25.87646122404422
0.9290201882431746	-12.62046228893621
0.981339867727683	-0.16268551458540514
1.0290152914286115	11.501808973912375
1.0725632010312611	22.386597921882185
1.1124234112777167	32.512215041815466
1.1489750144440982	41.9045700740113
1.182548234726764	50.59359220169091
1.2134334034402998	58.61214475813074
1.241887964111801	65.99519985615922
1.2681420592741586	72.77922544656644
1.2924030278861838	79.00172035153207
1.3148590080532556	84.70083092799086
1.3356817678899262	89.91499347583965
1.3550288630468932	94.68256714839049
1.3730452280037075	99.04144853170772
1.3898643294208655	103.02868354295532
1.4056090216412975	106.6801066803722
1.4203922328741445	110.03003787643752
1.4343175763284561	113.11105573993751
1.4474799365850322	115.95385009181041
1.4599660440856015	118.58714402832311
1.4718550301707105	121.03767039910821
1.4832189522773556	123.33018911272114
1.4941232869451135	125.48753667413183
1.504627398288104	127.53070405551426
1.5147849951514367	129.4789411620364
1.5246445892035903	131.3498855377386
1.53424996027698	133.159710713043
1.5436406275908165	134.92328726984994
1.5528523190871202	136.6543484430179
1.561917427694507	138.36565231423447
1.5708654431460913	140.06913416773142
1.579723350222728	141.77604479796855
1.588515987766363	143.4970728733993
1.5972663664057758	145.24245141026324
1.6059959459192414	147.02204976516998
1.610762377874584	148.01192973734527
1.615531773598411	149.0164141587823
1.6203071825681505	150.0370200628471
1.6250915733933124	151.07525144873455
1.629887841366341	152.13260201966017
1.6346988154201154	153.21055778799922
1.6395272645412415	154.31059956415845
1.6443759036830141	155.4342053424395
1.6492473992168613	156.58285259392318
1.6541443739562547	157.75802047354586
1.659069411782598	158.96119194606894
1.6640250618986512	160.19385583357166
1.6690138427315349	161.45750878542538
1.6740382455043683	162.75365717038568
1.6791007374930222	164.08381888945274
1.6842037649823387	165.4495251074468
1.6893497559344346	166.85232190079222
1.6945411223802083	168.29377181874713
1.6997802625440894	169.77545535523677
1.705069562711016	171.29897232848032
1.710411398843948	172.86594316575122
1.715808137959543	174.4780100908111
1.7212621392691112	176.1368382118232
1.726775755091513	177.8441165078284
1.7323513315443113	179.6015587121761
1.7379912090191059	181.41090409160466
1.7436977224466974	183.27391811997177
1.749473201357465	185.19239304593856
1.75531996974205	187.16814835420354
1.7612403457172696	189.20303112017677
1.7672366410019391	191.29891625826434
1.7733111602071823	193.4577066642321
1.7794661999456636	195.68133325240194
1.7857040477641222	197.9717548887392
1.7920269809036098	200.33095822120373
1.798437264891892	202.76095740906732
1.804937151972602	205.26379375325007
1.81152887937597	207.84153523009888
1.8182146674362687	210.4962759314261
1.8249967175614685	213.2301354140377
1.8318772100611183	216.04525796242257
1.838858301838996	218.94381176872537
1.8459421239577378	221.9279880345968
1.8531307790833842	225.00000000000006
