# Table format: 1D
# table_unit = barA
# axis1_unit = m**3/kg
# This file was automatically generated by generate_data_files.py
0.0007515712097997447	0.010749454431641098
0.0007549484845278911	0.01383339726328041
0.000758344311419936	0.017618309741908762
0.0007617588267035688	0.022221391187210903
0.0007651921700901272	0.02777008802090005
0.0007686444894273635	0.034402194541017554
0.0007721159481076107	0.0422686599711904
0.0007756067228555589	0.05153027784439803
0.0007791170044023118	0.06235656586306303
0.0007826470053190013	0.07492972790631253
0.0007861969556554631	0.08944052164987362
0.0007897671006371357	0.10608577089460225
0.000793357710046739	0.12507353493899398
0.0007969690726697201	0.14661848268667851
0.0008006014914144514	0.17093804477560745
0.0008042552946177642	0.1982586370221644
0.0008079308301395739	0.228810977886072
0.0008116284580960033	0.2628250226589441
0.0008153485638884396	0.30053688955325647
0.0008190915527832426	0.3421846072210958
0.0008228578404165061	0.38800207466844716
0.000826647866912496	0.43822618677662584
0.0008304620928282614	0.4930934929259155
0.0008343009876369539	0.5528334894547349
0.0008381650439618384	0.6176753566979789
0.0008420547903412703	0.6878501170463921
0.0008459708036320917	0.7635917222361782
0.000849913376315315	0.8450397927567412
0.0008538833547055067	0.9324868991585117
0.0008578812152822894	1.0261031398178422
0.0008619075513739074	1.1260807652033098
0.0008659629812095089	1.2326069013923273
0.0008700481324153662	1.3458567756057507
0.0008741636480303855	1.4659959629534554
0.000878310198658205	1.593184120527312
0.000882488465880347	1.7275684817151535
0.0008866991434710444	1.8692843822780891
0.0008909429555341922	2.0184606129394456
0.0008952206391964874	2.175213374019982
0.0008995329408954384	2.3396454244216285
0.0009038806399981944	2.5118524390926096
0.0009082645314422965	2.6919176442109594
0.0009126854170232908	2.879909923037322
0.0009171441337523592	3.0758906085212163
0.0009216415372782483	3.27990897028614
0.0009261784881906559	3.4919995948001814
0.0009307558840987912	3.7121891167669645
0.0009353746448659947	3.9404926763196944
0.0009400356940471097	4.1769108603875145
0.0009447399933432516	4.42143596653049
0.000949488530919976	4.674049496171632
0.0009542822982194975	4.934718904823127
0.0009591223250488477	5.203403088749043
0.0009640096725445455	5.480050930633671
0.0009689454057527722	5.764598062855614
0.000973930627116984	6.056971363476862
0.0009789664760105478	6.3570885263349615
0.0009840540976699657	6.664854997222216
0.0009891946722382899	6.980167356035363
0.000994389423228314	7.302913845104517
0.0010103112375760563	8.314486375272573
0.0010157353745507084	8.6656549821672
0.001021220181428889	9.02355674534622
0.0010267670713423544	9.388027064745641
0.0010323774778615306	9.75889250519262
0.0010380528532887	10.135971273035365
0.00104379471806368	10.519075603326112
0.0010496046199839565	10.908009952182363
0.0010554841202507594	11.302570993420115
0.0010614348564646396	11.702550043171845
0.0010674585018750436	12.107731638289197
0.001073556738589977	12.517893245615877
0.0010797313328479784	12.932807526530484
0.0010859840965436326	13.352241302942017
0.0010923168471191854	13.77595512895687
0.0010987314930428855	14.203705268165592
0.001105230000614842	14.635243023932944
0.0011118143402337193	15.070314284837842
0.0011184865789747498	15.508661147965828
0.0011252488566880071	15.950021570135222
0.0011321033186073338	16.394128964685283
0.0011390522104898942	16.840713454860044
0.0011460978693698298	17.2895017869602
0.0011532426429039593	17.740217027037087
0.0011604889805353817	18.19257946974421
0.0011678394460981022	18.64630674318159
0.0011752966249552296	19.101113629467964
0.0011828632018289183	19.55671268687925
0.001190542004991503	20.01281446890753
0.0012062478567719413	20.925358554824232
0.0012142810080290282	21.381213187355854
0.001230723821134031	22.290608674291807
0.0012391402948833613	22.743554987204707
0.0012563814584821327	23.644453426075852
0.0012652138284035932	24.091807928566315
0.0012833227205541775	24.97883302214624
0.0012926080031556257	25.417906570109356
0.0013116639456424166	26.28568698191743
0.0013214447329977122	26.7138009212837
0.0013518656362305462	27.971503825214263
0.0013840377979958437	29.183136775904213
0.0014181618557676727	30.340974174685744
0.0014544836075620878	31.437486036445218
0.0014933111460284586	32.46537916751576
0.001506875844914153	32.79154011466471
0.0015350410079686611	33.41763685529262
0.0015496820657845318	33.71708005879759
0.0015801997229518596	34.287557134777735
0.0015961323077663778	34.558124967821
0.0016295131342515157	35.06878973048956
0.001647042282668435	35.30844979551288
0.0016840292050255923	35.755371818150074
0.0017036110180060852	35.962228640640575
0.001767717562534822	36.51406931097087
0.0018425678575725202	36.95904761113839
0.001934302639020522	37.292743184369854
0.0020565706133299274	37.511285984847035
0.0022406207292117995	37.61148002751981
0.002320183318909845	37.618182713947206
0.0024047375659382746	37.61148002751981
0.002651721933977873	37.511285984847035
0.002876885430113465	37.292743184369854
0.0030941622901241726	36.95904761113839
0.0033134439258775262	36.51406931097087
0.0035406394992866944	35.962228640640575
0.003618872292944146	35.755371818150074
0.0037798939303276594	35.30844979551288
0.0038629233647140293	35.06878973048956
0.004034612311125205	34.558124967821
0.004123500966626245	34.287557134777735
0.0043079468544608935	33.71708005879759
0.004403738680963477	33.41763685529262
0.0046030638196655595	32.79154011466471
0.004706848752827079	32.46537916751576
0.005036278756857468	31.437486036445218
0.005395840607197027	30.340974174685744
0.005789833736388002	29.183136775904213
0.006223175807868438	27.971503825214263
0.0067015510769901756	26.7138009212837
0.006872130586516098	26.28568698191743
0.007231585819798889	25.417906570109356
0.007421050398304312	24.97883302214624
0.007821061086268065	24.091807928566315
0.008032304704253387	23.644453426075852
0.008479175074221369	22.743554987204707
0.008715633135590931	22.290608674291807
0.009216870678364157	21.381213187355854
0.009482647025102991	20.925358554824232
0.010047248496306786	20.01281446890753
0.010347276491350128	19.55671268687925
0.011326340834375304	18.19257946974421
0.012440282449145565	16.840713454860044
0.013714119246774958	15.508661147965828
0.01517869159747881	14.203705268165592
0.016872310002112704	12.932807526530484
0.017495709738976	12.517893245615877
0.01884295353767753	11.702550043171845
0.019571436626745948	11.302570993420115
0.021151233533714942	10.519075603326112
0.022008470494762365	10.135971273035365
0.023874432787045364	9.388027064745641
0.02489079669338747	9.02355674534622
0.027112075206274542	8.314486375272573
0.028326642989288723	7.970276565169413
0.029618626639595524	7.63299422566726
0.0324587156034994	6.980167356035363
0.03747355187874623	6.056971363476862
0.04362243416741127	5.203403088749043
0.05124606741388536	4.42143596653049
0.060813935650385856	3.7121891167669645
0.06454196812622459	3.4919995948001814
0.07298360247072654	3.0758906085212163
0.07776988927022968	2.879909923037322
0.08869257558239524	2.5118524390926096
0.09493483764095746	2.3396454244216285
0.10930374410427494	2.0184606129394456
0.11758791456724996	1.8692843822780891
0.13684115041495903	1.593184120527312
0.1480502156810577	1.4659959629534554
0.17438223427033595	1.2326069013923273
0.18988049367848633	1.1260807652033098
0.24868372544011705	0.8450397927567412
0.3015930491149392	0.6878501170463921
0.3335549905767919	0.6176753566979789
0.45975166451883404	0.43822618677662584
0.5151093151419679	0.38800207466844716
0.6538392068704577	0.30053688955325647
0.7410086951486915	0.2628250226589441
0.9640495199019614	0.1982586370221644
1.107160882444277	0.17093804477560745
1.2777370185179586	0.14661848268667851
1.4821959354863	0.12507353493899398
1.728682105716802	0.10608577089460225
2.027670143322348	0.08944052164987362
2.3927177215635576	0.07492972790631253
2.8414019389952294	0.06235656586306303
3.396835381108268	0.05153027784439803
4.089674510248516	0.0422686599711904
4.9606685313070615	0.034402194541017554
6.064777676747397	0.02777008802090005
7.476990271342065	0.022221391187210903
9.299945604224536	0.017618309741908762
11.676199603683685	0.01383339726328041
14.806756669456911	0.010749454431641098
