# Table format: 1D
# table_unit = degC
# axis1_unit = kJ/kg/K
# This file was automatically generated by generate_data_files.py
0.3141735053831469	-111.81
0.332570526440104	-109.34157271769593
0.3505874714486619	-106.89005271888655
0.36824867079820334	-104.45469376585359
0.38556732023069434	-102.03602589192252
0.402557470507488	-99.63426370714586
0.41923674973712033	-97.24892043782654
0.43561749860629473	-94.88008068830297
0.4517091080796666	-92.52811040131192
0.46752459277150227	-90.1927133079412
0.4830750886477478	-87.87373712729766
0.49836728710963085	-85.57158319683742
0.5134109950649485	-83.28609093178346
0.5282160636800249	-81.0169952253411
0.5427875971429821	-78.76467503508132
0.557133148302015	-76.52906346166307
0.5712613334153495	-74.30985499488469
0.5851762636766685	-72.10738683427184
0.5988840048896271	-69.92163626339624
0.6123919308215207	-67.75231644532317
0.6257035184696422	-65.59971537471742
0.6388239125541771	-63.46381199805532
0.6517592548661176	-61.34437958399036
0.6645126690182146	-59.24164554806114
0.677088575514366	-57.15559182366849
0.6894921742077357	-55.086036401310054
0.7017265084879526	-53.03312375969253
0.7137946200800757	-50.99697608718094
0.7257017588804715	-48.977310949791644
0.7374502866114656	-46.974310819704215
0.7490435706784171	-44.987964719606
0.7604852983191424	-43.01818387918706
0.77177806096514	-41.065045930304024
0.7829247522787889	-39.1285574582534
0.7939285245682022	-37.20866105782355
0.8047919451667879	-35.30538269846818
0.8155174544606066	-33.41875396861889
0.826107806012041	-31.5487355223743
0.8365654759709829	-29.695321129761
0.8468925782135712	-27.858553908539193
0.8570915331539906	-26.038409015263625
0.8671646875950676	-24.234861229697486
0.8771139134874371	-22.447956959586236
0.8869413520141318	-20.67768265897297
0.8966492012361901	-18.924003003845485
0.906239148113184	-17.186962840260747
0.9157130986961258	-15.466557168937811
0.9250730949448062	-13.762746457871458
0.9343206681504675	-12.075572984390817
0.9434575534617359	-10.4050329934758
0.9524856086604331	-8.75109159761206
0.9614062479625748	-7.113785102907173
0.9702210576390495	-5.493110406034134
0.9789317233023426	-3.889038429101049
0.9875395617184215	-2.3015988653421573
0.9960460244909409	-0.7307895661421071
1.004452642010935	0.8234130414049332
1.0127606464326462	2.360985723562976
1.020971366830627	3.8819294402603646
1.0290861942352039	5.38626280737509
1.0528671719927554	9.79950976380644
1.060610334950852	11.237349935585542
1.06826344218463	12.658561825734523
1.0758276444787358	14.063155539559034
1.0833039992377953	15.451129548335814
1.0906934955477092	16.822475202953342
1.0979971872564405	18.177200237753596
1.1052160756386329	19.515307491654823
1.1123510612007759	20.836786723771866
1.1194031099212118	22.141643657068926
1.1263731645907036	23.429883759796553
1.1332620504437316	24.701496411313997
1.140070653772982	25.956485656504583
1.146799858545845	27.194858346676085
1.1534504249098299	28.41660424937129
1.1600231681213504	29.621726138441375
1.166518913244114	30.81023124573221
1.172938363810148	31.982110182755378
1.1792822731149322	33.137365036432016
1.1855514073554547	34.27600244975281
1.1917464226496717	35.39801447541561
1.197868014709117	36.50340230637721
1.2039168961317297	37.59217195059216
1.2098936828765194	38.66431712306331
1.2157990175247928	39.71983792013373
1.2216335649224186	40.758739738840575
1.227397908267311	41.78101812117825
1.23309264171487	42.7866718608762
1.2387183887009783	43.775705803803135
1.2497651505807639	45.703904119727724
1.2551873058414547	46.643070304785795
1.2658318966620636	48.471534693311014
1.271055412156188	49.36083330611467
1.281307535547933	51.08956358196764
1.2863371845574052	51.92899476002282
1.2962062790662894	53.55799078846508
1.3010467519256124	54.34755463175759
1.310542203377661	55.876816317059024
1.315198225935276	56.616512896441236
1.328806117963641	58.73586953666535
1.3418858792383448	60.70562454064304
1.3544546223173255	62.52577790078635
1.3665321181292973	64.19632961260754
1.378142227035141	65.71727967387062
1.3819133723314205	66.19101828715691
1.3893150410447705	67.0886280839349
1.3929486288890618	67.51249942071638
1.4000902444668235	68.31037484324781
1.4036024989326323	68.68437893224922
1.4105226738496308	69.38251995295298
1.4139367394758728	69.70665681350289
1.4206921051704011	70.3050634145888
1.424042904932418	70.57933305887758
1.434065781770076	71.30240766478727
1.4442539700709551	71.875880629145
1.4550834640375145	72.29975195093715
1.4675961818512053	72.57402162981549
1.4840252070211737	72.69868966554026
1.490574533333728	72.707000867859
1.4972576092031957	72.69868966554026
1.515284538113734	72.57402162981549
1.5298038140107728	72.29975195093715
1.5421457236418623	71.875880629145
1.5530911346953085	71.30240766478727
1.5630320147490195	70.57933305887758
1.5661627764485537	70.3050634145888
1.5721852758368076	69.70665681350289
1.575085677339715	69.38251995295298
1.5806830650523715	68.68437893224922
1.5833859123013005	68.31037484324781
1.5886124919548166	67.51249942071638
1.5911404550417734	67.0886280839349
1.596034881815048	66.19101828715691
1.598404579522772	65.71727967387062
1.6052202258106125	64.19632961260754
1.611620853104506	62.52577790078635
1.6176344218151217	60.70562454064304
1.6232853212116496	58.73586953666535
1.6285956749589985	56.616512896441236
1.6302937231889494	55.876816317059024
1.6335862660732694	54.34755463175759
1.635182219727572	53.55799078846508
1.6382772227925468	51.92899476002282
1.6397777401111457	51.08956358196764
1.6426885519938703	49.36083330611467
1.6441003509520964	48.471534693311014
1.6468405755627877	46.643070304785795
1.6481705643583855	45.703904119727724
1.6507543068364143	43.775705803803135
1.6520097005580032	42.7866718608762
1.655640223903183	39.71983792013373
1.6590860703866825	36.50340230637721
1.6623729816225599	33.137365036432016
1.6655288586113335	29.621726138441375
1.6685841480866976	25.956485656504583
1.669585936008406	24.701496411313997
1.6715722745999895	22.141643657068926
1.6725596823973399	20.836786723771866
1.6745301326468338	18.177200237753596
1.6755163172683694	16.822475202953342
1.6774986550809436	14.063155539559034
1.6784982572322182	12.658561825734523
1.680523476876712	9.79950976380644
1.681551658184599	8.345084268161315
1.6825958652053665	6.873982266777489
1.6847332762512186	3.8819294402603646
1.6880993813641323	-0.7307895661421071
1.6917190028818794	-5.493110406034134
1.6956693112016674	-10.4050329934758
1.7000385387406736	-15.466557168937811
1.7016054951103745	-17.186962840260747
1.704928064302028	-20.67768265897297
1.7066935954450109	-22.447956959586236
1.7104549578253585	-26.038409015263625
1.712462023242927	-27.858553908539193
1.7167550961967344	-31.5487355223743
1.7190536776664795	-33.41875396861889
1.7239869838459883	-37.20866105782355
1.726635503443371	-39.1285574582534
1.7323364363103313	-43.01818387918706
1.7354034750949385	-44.987964719606
1.745588674958417	-50.99697608718094
1.7533018427892535	-55.0858356645667
1.757464669634902	-57.15559182366849
1.771356418560317	-63.46381199805532
1.7765046252547165	-65.59969595169952
1.7876510091559026	-69.92163626339624
1.7937007203720823	-72.1073738131914
1.8068106559832635	-76.52906346166307
1.8139346795491575	-78.76467503508132
1.8214548496933807	-81.01685231540006
1.8293887116127088	-83.28609093178346
1.837793646944921	-85.57158319683742
1.846676394944951	-87.87353584279393
1.8560500273011893	-90.1927133079412
1.8659838715152377	-92.52811040131192
1.8764988240477156	-94.87980873109942
1.8875979798618174	-97.24892043782654
1.899358912071616	-99.63426370714586
1.9118355251544878	-102.03567113333918
1.9250119059353354	-104.45469376585359
1.9389599896737744	-106.89005271888655
1.9538059423142424	-109.34112445288031
1.9695005925550324	-111.80999999607226
