# Table format: T1D
# table_unit = degC
# axis1_unit = kJ/kg/K
# axis2_unit = barA
# This file was automatically generated by generate_data_files.py
1.0	118
0.3140390222207009	-111.81000000000057
0.32414399667692906	-110.45845627311081
0.33425367743045625	-109.09559067659436
0.34436932883973814	-107.72130836725032
0.3544921762890208	-106.33551370737848
0.36462340798509524	-104.93811025812198
0.3747641767425796	-103.52900077275723
0.3849156017585643	-102.10808718992419
0.395078770377443	-100.67527062680537
0.40525473984713495	-99.23045137224207
0.415444539067855	-97.77352887979609
0.42564917033493044	-96.30440176075265
0.43586961107720984	-94.82296777706463
0.4461068155929937	-93.32912383423786
0.4563617167854602	-91.82276597415657
0.4666352278999557	-90.30378936784811
0.47692824426566316	-88.77208830818964
0.4872416450445851	-87.22755620254927
0.4975762949909349	-85.67008556537101
0.5079330462245467	-84.09956801069222
0.5183127400221421	-82.51589424460306
0.5287162086308503	-80.91895405763879
0.5391442771087268	-79.30863631711122
0.5495977651976601	-77.68482895937441
0.5600774892344825	-76.04741898202656
0.5705842641069524	-74.39629243604617
0.5811189052618326	-72.73133441786067
0.5916822307731745	-71.05242906135265
0.602275063479915	-69.35945952979378
0.6128982332028383	-67.65230800771724
0.6235525790522833	-65.93085569271574
0.6342389518392074	-64.19498278717572
0.6449582166039323	-62.44456848993988
0.6557112552786107	-60.67949098790115
0.6664989695015109	-58.89962744752543
0.6773222836037504	-57.10485400630208
0.688182147791627	-55.2950457641264
0.699079541551205	-53.470076774606014
0.7100154773053279	-51.629820036297104
0.720991004357737	-49.774147483865534
0.7600442587509731	-47.517826040588005
0.7858203623241763	-47.517826040588005
0.8115964658973794	-47.517826040588005
0.8373725694705826	-47.517826040588005
0.8631486730437857	-47.517826040588005
0.888924776616989	-47.517826040588005
0.914700880190192	-47.517826040588005
0.9404769837633953	-47.517826040588005
0.9662530873365984	-47.517826040588005
0.9920291909098015	-47.517826040588005
1.0178052944830047	-47.517826040588005
1.0435813980562079	-47.517826040588005
1.0693575016294112	-47.517826040588005
1.0951336052026144	-47.517826040588005
1.1209097087758173	-47.517826040588005
1.1466858123490207	-47.517826040588005
1.1724619159222238	-47.517826040588005
1.1982380194954272	-47.517826040588005
1.2240141230686301	-47.517826040588005
1.2497902266418333	-47.517826040588005
1.2755663302150364	-47.517826040588005
1.3013424337882395	-47.517826040588005
1.327118537361443	-47.517826040588005
1.3528946409346458	-47.517826040588005
1.3786707445078492	-47.517826040588005
1.4044468480810521	-47.517826040588005
1.4302229516542555	-47.517826040588005
1.4559990552274584	-47.517826040588005
1.4817751588006618	-47.517826040588005
1.5075512623738652	-47.517826040588005
1.533327365947068	-47.517826040588005
1.5591034695202715	-47.517826040588005
1.5848795730934746	-47.517826040588005
1.610655676666678	-47.517826040588005
1.636431780239881	-47.517826040588005
1.662207883813084	-47.517826040588005
1.6879839873862872	-47.517826040588005
1.7137600909594903	-47.517826040588005
1.7479350740255448	-45.26172399158526
1.7649229145243872	-40.64587975522406
1.7820030094970478	-35.93654225809692
1.7991866328932646	-31.131817807661264
1.8164842825360266	-26.229774354904237
1.8339064744975286	-21.228440717438644
1.85146387629231	-16.125805786861577
1.8691671830530814	-10.919817720058688
1.8870269277965643	-5.608383114128685
1.9050533076422984	-0.1893661645958673
1.923256054018917	5.3394121934277905
1.9416443500983074	10.98017516147604
1.9602267886701676	16.735190971710097
1.9790113608054998	22.606773799006703
1.9980054659976474	28.597284691521963
2.01721593601966	34.70913252010263
2.036649066546302	40.94477494692762
2.056310652246191	47.30671941376983
2.076206022411655	53.79752415027423
2.0963400752436674	60.41979920265953
2.1167173096821426	67.17620748325407
2.13734185421952	74.06946584129383
2.1582174925092903	81.10234615540344
2.1793476858255016	88.27767644821085
2.2007355925801213	95.59834202353562
2.2223840851900456	103.0672866266105
2.244295764625258	110.68751362780455
2.2664729729790287	118.46208723032146
2.2889178043911342	126.39413370235997
2.3116321146330954	134.4868426342308
2.334617529635939	142.7434682209381
2.357875453209259	151.16733057073714
2.381407074167878	159.76181704019814
2.40521337305067	168.5303835963112
2.429295128586012	177.4765562061806
2.453652924030429	186.60393225486672
2.4782871534816513	195.91618199194698
2.5031980282444457	205.4170500073754
2.5283855833073887	215.11035673723705
2.553849683971048	224.99999999999983
10.0	120
0.3128201167894588	-111.81
0.3306534689945198	-109.4156187891142
0.348503954489055	-106.98570354213655
0.3663782606495497	-104.51972691291374
0.38428271796038554	-102.01715372916354
0.4022233302070132	-99.47744087632913
0.4202058043261883	-96.90003717971211
0.4382355799679888	-94.28438328485504
0.45631785883992804	-91.62991153614888
0.47445763392101514	-88.93604585363875
0.49265971865362385	-86.20220160800196
0.510928776243916	-83.42778549367
0.5292693492280177	-80.61219540006888
0.5476858894921556	-77.75482028094603
0.5661827889715451	-74.85504002176054
0.5847644112967857	-71.91222530510453
0.603435124709528	-68.92573747412695
0.6221993366341303	-65.89492839393006
0.6410615303721158	-62.8191403109104
0.6600263044860278	-59.697705710011434
0.6790984155647395	-56.52994716985751
0.6982828252213162	-53.3151772157382
0.7175847523781043	-50.052698170411304
0.7370097321566311	-46.74180200269029
0.7565636830326846	-43.38177017378672
0.7762529843687469	-39.97187348137075
0.7960845670377408	-36.511371901317574
0.8160660206631044	-32.999514427106135
0.8362057221080116	-29.435538906833216
0.8565129913798897	-25.81867187780952
0.8769982832726346	-22.148128398701715
0.8976734261514885	-18.423111879181818
0.9185519237762055	-14.642813907048946
0.9396493427360607	-10.806414072786254
0.9609838182345481	-6.913079791513553
0.9825767268413561	-2.961966122297383
1.004453600386049	1.0477844152192688
1.0266453977225765	5.117042026911122
1.049190324800774	9.246689833022572
1.0721365271895769	13.437624059826476
1.088052607164723	16.332448545279362
1.1031248664784081	16.332448683229245
1.118197125329719	16.332448683229245
1.13326938418103	16.332448683229245
1.1483416430323405	16.332448683229245
1.1634139018836513	16.332448683229245
1.1784861607349622	16.332448683229245
1.1935584195862727	16.332448683229245
1.2086306784375835	16.332448683229245
1.2237029372888943	16.332448683229245
1.2387751961402051	16.332448683229245
1.253847454991516	16.332448683229245
1.2689197138428268	16.332448683229245
1.2839919726941376	16.332448683229245
1.2990642315454484	16.332448683229245
1.3141364903967592	16.332448683229245
1.32920874924807	16.332448683229245
1.344281008099381	16.332448683229245
1.3593532669506916	16.332448683229245
1.3744255258020022	16.332448683229245
1.389497784653313	16.332448683229245
1.4045700435046238	16.332448683229245
1.4196423023559346	16.332448683229245
1.4347145612072454	16.332448683229245
1.4497868200585562	16.332448683229245
1.464859078909867	16.332448683229245
1.4799313377611778	16.332448683229245
1.4950035966124886	16.332448683229245
1.5100758554637992	16.332448683229245
1.52514811431511	16.332448683229245
1.540220373166421	16.332448683229245
1.5552926320177316	16.332448683229245
1.5703648908690424	16.332448683229245
1.5854371497203534	16.332448683229245
1.600509408571664	16.332448683229245
1.6155816674229748	16.332448683229245
1.6306539262742854	16.332448683229245
1.6457261851255964	16.332448683229245
1.660798443976907	16.332448683229245
1.67587072289345	16.33245487327747
1.6882572884779912	19.22727942201027
1.704875856669824	23.249439081695243
1.7211540325040124	27.326930565932344
1.7371778903029362	31.46051506051907
1.7530093291858415	35.650964222691755
1.7686947386860807	39.89906032517854
1.784270167076717	44.20559640223411
1.7997645112646523	48.571376397682855
1.8152015455753894	52.99721531499955
1.8306012488302954	57.48393936945365
1.845980696768218	62.032386142347605
1.8613546792400066	66.64340473737599
1.8767361394521267	71.31785593913656
1.8921364957271913	76.056612373821
1.9075658839998988	80.86055867211701
1.923033345587393	85.73059163435124
1.9385469762389536	90.66762039790342
1.9541140470764162	95.6725666069243
1.9697411045865356	100.7463645843884
1.9854340545932834	105.88996150651298
2.001198233674881	111.10431757957701
2.017038470518956	116.3904062191719
2.032959139054988	121.74921423191995
2.048964204755027	127.18174199968922
2.0650572651810735	132.68900366634733
2.081241585634589	138.2720273270793
2.0975201306010867	143.9318552203141
2.1138955915612705	149.66954392228865
2.1303704116471383	155.48616454428975
2.146946807548372	161.38280293260874
2.16362678901579	167.3605598712482
2.180412176260579	173.42055128741436
2.197304615508215	179.5639084598401
2.2143055929321145	185.79177822997116
2.2314164471634563	192.10532321605842
2.2486383805487877	198.50572203019584
2.2659724693055923	204.9941694983429
2.2834196727074008	211.5718768833753
2.3009808414136987	218.240072111203
2.3186567250456593	224.99999999999977
20.0	118
0.31147535134268944	-111.80999999999975
0.3321005346373711	-109.03528972692783
0.3527493093903408	-106.21286024535513
0.3734318592070359	-103.34189088478456
0.3941577354016598	-100.4215468609037
0.4149359187741195	-97.45097903285759
0.4357748804696295	-94.42932365634692
0.45668264206848075	-91.35570213247735
0.4776668351018566	-88.22922075229286
0.49873476024498953	-85.04897043691474
0.5198934465024742	-81.81402647321025
0.5411497107749592	-78.52344824491558
0.5625102182844237	-75.17627895913739
0.5839815444415202	-71.77154536814697
0.6055702388684384	-68.3082574863918
0.6272828924522976	-64.78540830264004
0.6491262085075816	-61.20197348717491
0.6711070793855887	-57.55691109395249
0.6932326702036858	-53.84916125763809
0.7155105118042981	-50.07764588543213
0.7379486056307079	-46.24126834359444
0.760555543977996	-42.33891313858143
0.7833406501211764	-38.369445592695115
0.8063141442532825	-34.331711514155984
0.8294873431568747	-30.2245368615022
0.8528729043450272	-26.046727402216106
0.8764851294517965	-21.797068365480868
0.90034034757833	-17.474324088964977
0.9244574081720847	-13.07723765953051
0.9488583266179659	-8.604530547764114
0.9735691471434704	-4.054902236224791
0.9986211224352365	0.5729701587079603
1.0240523679095033	5.280432271483676
1.0499102512072118	10.068852878646226
1.0762549662889682	14.93962429683188
1.1031651094897412	19.89416278760831
1.1307468444270452	24.933908969278093
1.1591500000787314	30.060328235762256
1.1885989444417229	35.27491118269012
1.2194595178370862	40.579174040815644
1.2491312879373833	43.74815507325911
1.2597012509812102	43.74815507325911
1.2702712140250378	43.74815507325911
1.2808411770688655	43.74815507325911
1.2914111401126926	43.74815507325911
1.30198110315652	43.74815507325911
1.3125510662003477	43.74815507325911
1.3231210292441746	43.74815507325911
1.3336909922880023	43.74815507325911
1.3442609553318299	43.74815507325911
1.354830918375657	43.74815507325911
1.3654008814194845	43.74815507325911
1.3759708444633119	43.74815507325911
1.3865408075071393	43.74815507325911
1.3971107705509667	43.74815507325911
1.4076807335947943	43.74815507325911
1.4182506966386217	43.74815507325911
1.4288206596824489	43.74815507325911
1.4393906227262765	43.74815507325911
1.449960585770104	43.74815507325911
1.460530548813931	43.74815507325911
1.4711005118577587	43.74815507325911
1.481670474901586	43.74815507325911
1.4922404379454133	43.74815507325911
1.502810400989241	43.74815507325911
1.5133803640330683	43.74815507325911
1.5239503270768955	43.74815507325911
1.534520290120723	43.74815507325911
1.5450902531645505	43.74815507325911
1.5556602162083777	43.74815507325911
1.566230179252205	43.74815507325911
1.5768001422960325	43.74815507325911
1.58737010533986	43.74815507325911
1.5979400683836875	43.74815507325911
1.608510031427515	43.74815507325911
1.6190799944713423	43.74815507325911
1.6296499575151695	43.74815507325911
1.6402199205589971	43.74815507325911
1.6678833328523084	46.91713198258026
1.6860321411357972	50.56826787873047
1.7032033100642279	54.26105376639828
1.7196738098029556	57.99596476396948
1.7356203058462378	61.77348140969866
1.7511631766332794	65.59408972353543
1.7663886510526103	69.45828126965665
1.7813609813736606	73.36655321971142
1.7961295996060394	77.3194084167879
1.8107335509772784	81.3173554401099
1.8252043601486299	85.36090867047182
1.8395679516747028	89.45058835641794
1.8538459769923061	93.5869206811796
1.8680567564475388	97.77043783037425
1.8822159643351652	102.00167806047631
1.896337137971755	106.28118576807219
1.9104320635021166	110.6095115599004
1.924511073545506	114.98721232369428
1.9385832805752674	119.41485129983204
1.9526567626148912	123.89299815380429
1.9667387129688063	128.4222290495066
1.9808355624086902	133.00312672337174
1.9949530799625437	137.63628055934288
2.009096456861294	142.32228666470536
2.023270377065619	147.0617479467832
2.037479076979529	151.85527419050902
2.05172639636101	156.7034821368796
2.066015821998792	161.60699556230855
2.080350525393772	166.56644535887932
2.0947333954331326	171.58246961551788
2.1091670668530806	176.65571370009042
2.1236539451373417	181.78683034243642
2.1381962283819456	186.97647971835067
2.1527959265647088	192.22532953452094
2.167454878584189	197.5340551144368
2.182174767373671	202.90333948527746
2.1969571333475697	208.33387346579093
2.2118033863983	213.82635575517492
2.2267148166291504	219.38149302297444
2.2416926039817846	224.99999999999983
30.000000000000004	118
0.31014045953299185	-111.81000000000029
0.332483567835863	-108.79952995537346
0.3548545387785598	-105.7328870466736
0.3772661799994597	-102.60902313503456
0.3997304283634272	-99.426870524192
0.42225844128178847	-96.18534159555861
0.4448606863651999	-92.8833284364901
0.46754702964743083	-89.5197024616142
0.490326822704833	-86.09331402709589
0.5132089890950002	-82.60299203770364
0.5362021106518541	-79.04754354654403
0.5593145143079884	-75.42575334732769
0.5825543602751104	-71.73638355902833
0.6059297326090751	-67.9781732027902
0.6294487334295047	-64.14983777094284
0.6531195823723717	-60.25006878797092
0.6769507232501758	-56.27753336329681
0.7009509404110342	-52.23087373571511
0.7251294879700602	-48.108706809325724
0.7494962359989363	-43.90962368081114
0.7740618389964752	-39.632189157891304
0.7988379336626203	-35.27494126879418
0.8238373753684349	-30.83639076257097
0.8490745260729752	-26.31502060009032
0.8745656112801461	-21.70928543553441
0.9003291707466219	-17.017611088219383
0.9263866383431616	-12.238394004560348
0.9527631029217948	-7.3700007099981235
0.9794883280538871	-2.4107672506983135
1.0065981509359587	2.6410013751658425
1.0341364524981385	7.787031796744429
1.0621580171883824	13.029082860649282
1.0907328349516856	18.368946232105316
1.1199528573410165	23.808447007318023
1.149943188447836	29.349444337269063
1.180881925631472	34.993832063149625
1.2130386522777434	40.743539363649006
1.2468591384539822	46.600531414325246
1.2831909651944389	52.566810059274985
1.3241269521200194	58.64441449534047
1.3574760623900337	61.99587201755833
1.3642125580080058	61.99587201755833
1.3709490536259779	61.99587201755833
1.37768554924395	61.99587201755833
1.3844220448619218	61.99587201755833
1.3911585404798938	61.99587201755833
1.3978950360978657	61.99587201755833
1.404631531715838	61.99587201755833
1.41136802733381	61.99587201755833
1.4181045229517817	61.99587201755833
1.424841018569754	61.99587201755833
1.4315775141877258	61.99587201755833
1.438314009805698	61.99587201755833
1.4450505054236702	61.99587201755833
1.4517870010416423	61.99587201755833
1.4585234966596141	61.99587201755833
1.4652599922775862	61.99587201755833
1.471996487895558	61.99587201755833
1.47873298351353	61.99587201755833
1.4854694791315024	61.99587201755833
1.492205974749474	61.99587201755833
1.4989424703674463	61.99587201755833
1.5056789659854184	61.99587201755833
1.5124154616033905	61.99587201755833
1.5191519572213628	61.99587201755833
1.5258884528393344	61.99587201755833
1.5326249484573065	61.99587201755833
1.5393614440752785	61.99587201755833
1.5460979396932508	61.99587201755833
1.5528344353112224	61.99587201755833
1.5595709309291947	61.99587201755833
1.5663074265471666	61.99587201755833
1.5730439221651387	61.99587201755833
1.5797804177831107	61.99587201755833
1.5865169134010828	61.99587201755833
1.593253409019055	61.99587201755833
1.599989904637027	61.99587201755833
1.606726400254999	61.99587201755833
1.6422577134019407	65.34732743834502
1.6648655865724742	68.71759251796811
1.684643296633326	72.12141380553231
1.7027311220374945	75.55912540505102
1.719685500536763	79.03106474706152
1.7358251731066088	82.53757262174383
1.7513518876156409	86.078993212373
1.766402469797904	89.65567412909985
1.7810745693605512	93.26796644307456
1.7954406741898143	96.91622472090256
1.8095563070396514	100.60080705945012
1.8234650960682766	104.32207512099131
1.837202056377888	108.08039416870957
1.8507957944726463	111.87613310254727
1.8642700364960751	115.70966449541851
1.877644716667581	119.58136462977654
1.890936770904425	123.49161353455008
1.9041607275617676	127.44079502244313
1.91732915529486	131.42929672761136
1.93045300821412	135.4575101437065
1.943541895837884	139.52583066230795
1.9566042970577546	143.63465761172887
1.9696477317862628	147.78439429621545
1.9826789001731984	151.9754480355311
1.9957037966497728	156.20823020493935
2.00872780420511	160.48315627558014
2.0217557729710376	164.80064585525378
2.0347920862259454	169.16112272960436
2.0478407162185217	173.56501490371937
2.0609052716835157	178.01275464413862
2.073989038523759	182.5047785212867
2.0870950148298317	187.04152745232034
2.100225941176242	191.62344674441147
2.1133843269525197	196.2509861384532
2.1265724733465805	200.92459985320642
2.1397924934862975	205.64474662988243
2.153046330156807	210.41188977717275
2.1663357714400657	215.22649721672303
2.1796624645660603	220.0890415290645
2.193027928218531	224.99999999999983
40.0	89
0.30881523679445105	-111.80999999999929
0.4114673595352	-97.53985695319645
0.5034035907198154	-83.87192343393181
0.5867407201179339	-70.80439406317717
0.6628072853600727	-58.346271858040694
0.7325093800180311	-46.51207862039416
0.7965139445678253	-35.31709910978057
0.8553454191540325	-24.77398438418149
0.9094391562880016	-14.890605496471721
0.9591720750732898	-5.668901472833625
1.0048807073119206	2.895517491559417
1.0468719384393976	10.81321193809299
1.0854293733931668	18.100366902681856
1.1208170410567868	24.777997085205868
1.1532814931142867	30.8710194509722
1.183052974738766	36.407287445742895
1.2103461117719734	41.416660138259886
1.2353604063625587	45.9301597815147
1.2582807274035543	49.979252930864504
1.279277906310128	53.59527385625546
1.2985094932652768	56.80899492994331
1.316120688516576	59.65033720395212
1.3322454340961394	62.14820558916631
1.3470076308812633	64.33042681887008
1.3605224320639835	66.22376448521766
1.3728975549453981	67.85398354698793
1.3842345469279906	69.24593648580736
1.3946299376962756	70.42364451161473
1.4041762079497935	71.4103498738499
1.4129625071710594	72.22851966191803
1.421075061650697	72.8997878847718
1.4285972329266565	73.44483142446796
1.435609218618459	73.88318648255029
1.4421874318639476	74.23302426173478
1.4484036464284291	74.510915598125
1.4543240406253366	74.73162105911655
1.4600083001003483	74.90794288942658
1.4655089356434245	75.05066699452755
1.470870934679776	75.16860835535101
1.4761318027138992	75.26875571889576
1.481321981213112	75.3564959017246
1.4864655700647391	75.43588837682199
1.4915812485827116	75.50995844526938
1.496683282081815	75.58098122359888
1.5017825158143379	75.65073639253524
1.5088557172155328	75.74802563785795
1.5159563577770148	75.84944956311091
1.523098216690923	75.95890144273
1.5302939805367655	76.08083745353014
1.537556667826445	76.22047795959378
1.544900473981157	76.38389232151656
1.5523412161255155	76.57801360735681
1.559896519728997	76.81061554368796
1.5675858497961794	77.0902723453791
1.5754304560263894	77.42631348421503
1.5834532761992972	77.82877969214792
1.5916788243088544	78.30838289673721
1.600133078075214	78.87647071664338
1.6088433728015672	79.54499509678686
1.61783830380306	80.32648427098326
1.6271476368672106	81.23401725152604
1.6368022247652811	82.28120028384177
1.6468339272984025	83.4821450392655
1.6572755324495203	84.85144864675073
1.668160676717607	86.40417590094341
1.6795237634584668	88.15584406649714
1.6913998788775024	90.12241059318785
1.7038247060433105	92.32026376760422
1.7168344377606313	94.76621590282451
1.7304656892382775	97.47749819494499
1.7447554111590358	100.4717559671439
1.759740803036621	103.76704279207866
1.7754592257486457	107.38181201831463
1.7919481110538722	111.33490456049918
1.8092448649590456	115.64553241330896
1.8273867612043277	120.33325811731106
1.8464108210370342	125.4179711954165
1.8663536759003323	130.91986323165594
1.8872514106342642	136.85940364353172
1.909139386140027	143.2573182273888
1.9320520420098484	150.13457223357483
1.9560226811784223	157.51235913345624
1.9810832400429546	165.412095509476
2.007264048622224	173.85542179033996
2.034593586140193	182.86420800608016
2.0630982379405314	192.4605634429625
2.0928020599071138	202.6668490615881
2.1237265566273065	213.50569176640448
2.1558904794183955	224.9999999999996
50.00000000000001	89
0.3074994850782788	-111.80999999999997
0.4107800191646471	-97.43579106852764
0.5032832724661315	-83.65917541909374
0.58715866262023	-70.47667662760594
0.6637508535159931	-57.896351511220814
0.7339748222730493	-45.93220943315126
0.7985030096432684	-34.59927192067252
0.8578636975711499	-23.910060994217304
0.9124952538964529	-13.872378414576417
0.9627772219420335	-4.488103387962553
1.0090486136025643	4.247238992472887
1.051618800549239	12.344343479918848
1.090773976093914	19.81959389679281
1.1267809221629619	26.694276963168363
1.1598891479609843	32.99365776646317
1.1903320832730664	38.74601169914371
1.2183277733341804	43.98168648628291
1.2440793670298353	48.732247753416004
1.2677755824456198	53.02974288910417
1.2895912561582923	56.906101271463456
1.3096880258229484	60.39267471632371
1.3282151542394218	63.51991058601931
1.3453104739111867	66.31714152398479
1.361101411927263	68.81247023584154
1.3757060441234725	71.03272495540949
1.38923412353942	73.00346092868409
1.4017880300490737	74.74898506141272
1.4134635948082623	76.29238441353652
1.4243507641383764	77.6555440800467
1.4345340820114538	78.85914573747158
1.444092987572085	79.92264425621534
1.453101942774228	80.86422567627801
1.4616304231832387	81.70075481707022
1.4697428196706532	82.44772413113225
1.4774983074006107	83.11921656088242
1.4849507391685912	83.7278939089303
1.4921486123037897	84.28501885953875
1.4991351433950795	84.80051403779828
1.5059484661218094	85.28305640447763
1.5126219483395518	85.74020090123497
1.5191846088284213	86.17852434245958
1.5256616040372244	86.60377940549796
1.5320747513749284	87.02104905888206
1.5384430572837806	87.43489343494383
1.5447832237696213	87.84948342630639
1.5521507082073474	88.33839544914468
1.5595212206835154	88.83947105316832
1.5669139770873755	89.3584336755157
1.574346932943416	89.90098973740822
1.581837266663993	90.47292681307732
1.5894017507656613	91.08018441506039
1.59705703009404	91.72890342546543
1.6048198253667851	92.42545940851534
1.612707078262095	93.17648409355701
1.620736051664655	93.98887839544722
1.628924396038335	94.86981953021802
1.6372901905003865	95.82676412063444
1.6458519651427015	96.86744866714093
1.6546287095063426	97.9998883668984
1.6636398708371545	99.23237497234976
1.672905344782433	100.57347416654301
1.6824454604718868	102.03202277324772
1.6922809614042873	103.61712599849028
1.7024329831816765	105.33815480360721
1.7129230288522486	107.20474343037199
1.7237729424039472	109.22678703225239
1.7350048807657859	111.41443931207567
1.7466412845024961	113.77811002732568
1.7587048472191122	116.32846220334358
1.7712184835211442	119.07640889503705
1.7842052952065324	122.03310936126678
1.7976885352062615	125.20996456230097
1.811691568653232	128.61861195577683
1.826237830357983	132.27091964368577
1.8413507779169904	136.17898000219742
1.857053839684074	140.35510299666606
1.8733703569020663	144.8118094350337
1.8903235194187318	149.56182443532833
1.907936294591453	154.61807137231358
1.9262313492078733	159.99366652466148
1.945230964501279	165.70191457297813
1.964956944605675	171.75630501071663
1.9854305190637258	178.17050943786575
2.00667224026068	184.95837962538116
2.0287018769018927	192.13394617940355
2.0515383048756015	199.7114176073738
2.0751993970425926	207.7051795973215
2.099701913666954	216.12979436552388
2.1250613953425947	225.0
60.00000000000001	89
0.30619301256217535	-111.80999999999969
0.41009751753889045	-97.33241310682678
0.5031635466441354	-83.44782346766769
0.5875731956757178	-70.15106069150784
0.6646871661936489	-57.4492289317196
0.7354292038547833	-45.35582717887067
0.8004771266966114	-33.88562208868615
0.8603629230773346	-23.051021336896582
0.9155278188197032	-12.859779408410304
0.9663537914467468	-3.313746504431208
1.0131820988363542	5.59159596009323
1.0563243081584537	13.86702280297186
1.0960688395217253	21.529047337104714
1.1326847791150212	28.599141121151547
1.1664240388870772	35.10280928985236
1.1975225512601855	41.068617053823345
1.2262009485581664	46.52724153556272
1.252665019847101	51.51060275356053
1.2771061289189232	56.05110873779307
1.2997016988550314	60.18103303716077
1.32061581174501	63.932028773993466
1.3399999314953654	67.33477226682857
1.3579937300502514	70.418721240671
1.3747259805379952	73.21196773216883
1.3903154730539982	75.74116374243249
1.4048719083370074	78.03149809570766
1.418496729871326	80.10670531087669
1.4312838643380508	81.98909099687387
1.4433203522417888	83.69956273103179
1.4546868633837635	85.25765997845974
1.4654581041238657	86.68158082402744
1.4757031336867574	87.98820667502417
1.48548561398209	89.1931283471506
1.4948640207962178	90.31067793854157
1.5038918435987325	91.35397068931024
1.5126177970415724	92.33495986255309
1.5210860605141834	93.2645059415525
1.5293365542001176	94.15245953967116
1.537405252348833	95.00775574448357
1.5453245280752428	95.83851643223613
1.5531235196304014	96.65215651085401
1.5608285059503926	97.45549005670483
1.5684632791621775	98.2548327786327
1.5760495031072652	99.05609799982915
1.583607049239917	99.86488422146834
1.591013118128151	100.67103361171826
1.5984255196122923	101.49449692464793
1.605859591625844	102.34007940096649
1.6133299623131694	103.21252866480592
1.6208507137450738	104.11657266490249
1.6284355202531111	105.05695113000274
1.6360977639824905	106.03844140859115
1.6438506303773304	107.06587952971671
1.6517071862535868	108.14417725451483
1.6596804429457106	109.2783358030918
1.667783406781536	110.47345685043757
1.676029118881144	111.73475129552537
1.6844306860137068	113.06754622430628
1.6930013039962275	114.47729041216138
1.7017542748883216	115.96955864556213
1.7107030190309234	117.55005508606985
1.7198610827948715	119.2246158520349
1.7292421427460531	120.99921095373156
1.7388600067950437	122.87994568548129
1.7487286127781823	124.87306155299603
1.7588620248112448	126.98493679502513
1.769274427664222	129.2220865449509
1.779980119324301	131.59116266956062
1.7909935018430758	134.09895331825197
1.8023290705024586	136.75238221558612
1.8140014012817052	139.55850773247482
1.8260251365653926	142.52452177533803
1.8384149689994642	145.65774853711713
1.8511856233798667	148.9656431578809
1.8643518364460667	152.45579034481386
1.877928334449799	156.13590300060417
1.8919298083777134	160.0138209051043
1.9063708867241913	164.09750948713076
1.921266105737445	168.39505871188584
1.9366298770963404	172.9146820950225
1.952476453016939	177.66471583825353
1.96881988883487	182.65361806479228
1.9856740031617752	187.88996811760694
2.0030523357700147	193.38246587108057
2.020968103418716	199.13993099859164
2.039434153895286	205.17130213607754
2.0584629186085737	211.48563588534012
2.078066364131819	218.0921056108823
2.0982559431539625	224.99999999999994
70.0	89
0.3048956333767444	-111.80999999999975
0.4094197242407157	-97.22971394860261
0.5030443528046376	-83.23784761651294
0.587984339435946	-69.82751365959209
0.6656163359584175	-57.00485664193769
0.7368727465573015	-44.782866261655215
0.8024366519942321	-33.17606104404291
0.8628436240173598	-22.19674657953894
0.9185376066011152	-11.852648568886764
0.9699028460297597	-2.145614007900633
1.01728264643616	6.9288850063578025
1.060990527718613	15.381659082377212
1.1013168419054906	23.229295433838388
1.1385326230055204	30.493382166170647
1.1728917580168343	37.199582203575005
1.2046321736255625	43.37665338133303
1.233976491915083	49.05548967279242
1.2611324500813526	54.26823808094264
1.2862932694762796	59.04752686132264
1.3096380808374766	63.425824058099124
1.3313324560528847	67.4349313586178
1.3515290570120375	71.10560735610272
1.370368385714138	74.46730658641792
1.3879796044158095	77.54801607201199
1.404481388130119	80.37416925212796
1.4199827722403597	82.97061761763933
1.4345839634019597	85.3606425062269
1.4483770903668023	87.56599271132097
1.4614468811199097	89.60693720594907
1.473871262259764	91.50232585449726
1.4857218847036588	93.26965408123021
1.4970645857759468	94.92512983281802
1.507959801174164	96.48374271257353
1.5184629412441157	97.95933591293641
1.5286247448070618	99.36468167076123
1.5384916210817516	100.71156062081008
1.5481059867449034	102.01084484677602
1.5575066015594976	103.27258382276307
1.5667289028164046	104.5060919459354
1.5758053364296467	105.72003606411187
1.5847656810371877	106.92252132104261
1.593637360850547	108.1211737520324
1.6024457431097876	109.32321831156247
1.6112144166203572	110.53555134202469
1.6199654487553317	111.76480684318017
1.6271822456921232	112.79562857777398
1.6344122835241193	113.84585575988825
1.6416662245138627	114.91896396231158
1.6489543699257905	116.01839411338034
1.6562867177073926	117.1475668674442
1.6636730136642934	118.30989531572959
1.6711227965763311	119.50879617490631
1.678645437728493	120.74769959232367
1.6862501753380248	122.03005770402604
1.6939461443517994	123.35935207566706
1.7017424020699121	124.73910014839976
1.709647950025288	126.17286080243667
1.7176717525183196	127.6642391412015
1.7258227521714038	129.21689058902865
1.7341098828330979	130.83452438582793
1.7425420801263425	132.52090655318807
1.7511282899004854	134.27986239810178
1.7598774748139268	136.11527861323628
1.7687986192427034	138.0311050261219
1.7779007326811511	140.03135604410022
1.7871928517736775	142.12011183707398
1.796684041091905	144.30151929609906
1.8063833927489732	146.5797928024421
1.816300024922725	148.95921483885348
1.8264430793415787	151.44413647219517
1.836821717771482	154.03897773424137
1.847445117529009	156.74822792508053
1.858322466034716	159.57644586113935
1.8694629544119634	162.528260087121
1.8808757701297647	165.60836906817286
1.8925700886836703	168.82154137521712
1.904555064305977	172.17261587257622
1.9168398196961047	175.66650191296662
1.9294334347631739	179.3081795405481
1.9423449343759918	183.10269969829073
1.955583275120629	187.05518443154278
1.969157331072321	191.1708270755858
1.9830758785968863	195.45489241142275
1.9973475802066816	199.91271677117032
2.0119809675076907	204.54970807256694
2.026984423287173	209.3713457612876
2.0423661628055427	214.3831806401996
2.0581342143714894	219.59083456641764
2.0742963992955548	224.99999999999994
80.0	89
0.30360716734782456	-111.80999999999975
0.40874651290207636	-97.12768478423499
0.5029256322335848	-83.02922861161866
0.5883921125514516	-69.5060041928109
0.6665384693553992	-56.563189195616815
0.7383056597353443	-44.213264245690084
0.804381920041644	-32.470505058491
0.8653062931716259	-21.347125278176094
0.9215253164792697	-10.85083727749003
0.9734253603546685	-0.983506391556773
1.0213516039839106	8.25937612560972
1.0656193161875807	16.888620455667592
1.1065205389490962	24.920843043650677
1.1443279689879464	32.37769489859238
1.179297135966253	39.284933895930635
1.21166757842698	45.67143869526899
1.2416634752133338	51.56824024394564
1.2694940306875302	57.00762635108538
1.2953538018630892	62.02235593607617
1.3194230769782302	66.64500288648486
1.341868358726344	70.90743553395663
1.3628429659828907	74.84042691080765
1.382487741977489	78.47338328221883
1.4009318418455172	81.834173813635
1.4182935660720173	84.94904227057123
1.43468120635631	87.84258184163428
1.4501938748211725	90.53775592143381
1.46492229438197	93.0559503764083
1.478949535866794	95.41704589068536
1.492351694884732	97.63950200754937
1.5051985076239176	99.74044713602689
1.5175539092704284	101.73577091023469
1.5294765414680112	103.64021682052572
1.541020216351603	105.4674740216729
1.5522343445228943	107.2302677640522
1.5631643333099567	108.94044811437243
1.573851960178009	110.6090766571042
1.5843357245844918	112.24651080105463
1.5946511801518937	113.86248523309337
1.604831247917	115.4661900088987
1.6149065106620124	117.06634476820108
1.6249054879288516	118.67126861047262
1.63485489120571	120.28894525581478
1.644779858876924	121.92708322966689
1.6547041707640364	123.59317093352252
1.6615423671850136	124.75928321734665
1.6683980575762452	125.94443217775586
1.6752781274926491	127.15094199532916
1.6821892879808642	128.3811209505667
1.6891380960935982	129.63726672561359
1.6961309736079513	130.92167125148217
1.703174224038819	132.23662512519695
1.7102740480418683	133.58442162228602
1.7174365573021615	134.9673603305809
1.724667787004438	136.38775043144483
1.7319737069796675	137.8479136543392
1.7393602316197538	139.35018693016212
1.7468332286488084	140.89692476814224
1.7543985268350053	142.49050138021926
1.7620619227221574	144.13331257588789
1.7698291864548288	145.82777744945344
1.7777060667653217	147.57633988058842
1.7856982951851603	149.38146986795658
1.7938115895379638	151.2456647145388
1.802051656765099	153.1714500822207
1.8104241951299274	155.16138093203705
1.8189348958411993	157.21804236535712
1.8275894441312612	159.34405038020225
1.8363935198198125	161.54205255569207
1.8453527973897035	163.8147286765008
1.8544729455971567	166.16479130800133
1.8637596266350394	168.5949863315496
1.8732184948645336	171.10809344809786
1.882855195127558	173.7069266570238
1.8926753606497384	176.39433471571255
1.902684610541472	179.1732015840397
1.9128885469029775	182.04644685652767
1.9232927515376417	185.0170261835044
1.93390278227718	188.0879316812477
1.9447241689213601	191.2621923297117
1.955762408795107	194.5428743552119
1.9670229619258301	197.9330815942199
1.9785112458447138	201.4359558334438
1.9902326300167104	205.05467712046988
2.0021924299056315	208.79246403861328
2.014395900682617	212.65257393914612
2.0268482305887976	216.63830312393043
2.0395545339656462	220.752986971496
2.052519843969871	225.0
