# Table format: 1D
  0.00   0.00000000
  5.00   0.00000000
  6.00   0.08938889
  7.00   0.31286111
  8.00   0.49163889
  9.00   0.75980556
 10.00   2.68166667
 11.00   6.21252778
 12.00   9.16236111
 13.00  11.48647222
 14.00  11.17361111
 15.00  12.69322222
 16.00  14.43630556
 17.00  15.46427778
 18.00  16.31347222
 19.00  17.16266667
 20.00  17.83308333
 21.00  18.86105556
 22.00  19.57616667
 23.00  19.75494444
 24.00  19.39738889
 25.00  19.03983333
 26.00  18.01186111
 27.00  17.52022222
 28.00  17.16266667
 29.00  17.16266667
 30.00  17.52022222
 31.00  17.34144444
 32.00  17.34144444
 33.00  16.31347222
 34.00  14.43630556
 35.00  12.33566667
 36.00   9.96686111
 37.00   7.73213889
 38.00   5.13986111
 39.00   2.59227778
 40.00   0.53633333
 41.00   0.00000000
 48.00   0.00000000
 49.00   0.35755556
 50.00   4.11188889
 51.00   6.65947222
 52.00   8.13438889
 53.00   9.92216667
 54.00  12.15688889
 55.00  14.03405556
 56.00  15.10672222
 57.00  16.62633333
 58.00  18.23533333
 59.00  19.66555556
 60.00  20.69352778
 61.00  21.27455556
 62.00  22.12375000
 63.00  22.88355556
 64.00  23.68805556
 65.00  24.31377778
 66.00  24.85011111
 67.00  25.20766667
 68.00  25.07358333
 69.00  25.11827778
 70.00  24.93950000
 71.00  24.62663889
 72.00  24.31377778
 73.00  24.22438889
 74.00  24.31377778
 75.00  24.22438889
 76.00  23.91152778
 77.00  23.37519444
 78.00  23.24111111
 79.00  23.19641667
 80.00  23.15172222
 81.00  23.19641667
 82.00  23.24111111
 83.00  23.46458333
 84.00  23.86683333
 85.00  24.53725000
 86.00  25.38644444
 87.00  26.28033333
 88.00  27.08483333
 89.00  27.84463889
 90.00  28.69383333
 91.00  29.58772222
 92.00  30.30283333
 93.00  31.01794444
 94.00  31.46488889
 95.00  31.55427778
 96.00  31.59897222
 97.00  31.42019444
 98.00  30.48161111
 99.00  29.72180556
100.00  29.00669444
101.00  28.47036111
102.00  27.93402778
103.00  27.26361111
104.00  26.50380556
105.00  25.78869444
106.00  25.02888889
107.00  24.35847222
108.00  23.59866667
109.00  22.88355556
110.00  22.12375000
111.00  21.45333333
112.00  20.69352778
113.00  19.66555556
114.00  18.36941667
115.00  17.34144444
116.00  16.84980556
117.00  16.35816667
118.00  15.77713889
119.00  13.40833333
120.00  10.90544444
121.00   8.84950000
122.00   6.92763889
123.00   4.82700000
124.00   2.81575000
125.00   1.43022222
126.00   0.93858333
127.00   0.53633333
128.00   0.00000000
135.00   0.00000000
136.00   1.20675000
137.00   4.11188889
138.00   7.19580556
139.00  10.14563889
140.00  13.05077778
141.00  15.28550000
142.00  17.34144444
143.00  19.21861111
144.00  20.24658333
145.00  20.91700000
146.00  21.45333333
147.00  22.12375000
148.00  22.48130556
149.00  23.01763889
150.00  23.33050000
151.00  23.50927778
152.00  23.68805556
153.00  24.04561111
154.00  24.04561111
155.00  24.04561111
156.00  24.40316667
157.00  25.16297222
158.00  25.43113889
159.00  25.96747222
160.00  26.10155556
161.00  26.63788889
162.00  26.77197222
163.00  26.90605556
164.00  27.04013889
165.00  26.68258333
166.00  26.05686111
167.00  25.96747222
168.00  25.83338889
169.00  25.60991667
170.00  25.69930556
171.00  25.29705556
172.00  25.47583333
173.00  25.29705556
174.00  25.25236111
175.00  25.11827778
176.00  25.20766667
177.00  25.29705556
178.00  25.20766667
179.00  25.07358333
180.00  25.02888889
181.00  24.98419444
182.00  24.49255556
183.00  24.22438889
184.00  24.40316667
185.00  23.33050000
186.00  24.44786111
187.00  24.89480556
188.00  25.47583333
189.00  25.92277778
190.00  25.96747222
191.00  26.54850000
192.00  26.77197222
193.00  27.26361111
194.00  27.44238889
195.00  27.66586111
196.00  27.93402778
197.00  27.93402778
198.00  28.02341667
199.00  27.79994444
200.00  27.93402778
201.00  28.20219444
202.00  28.02341667
203.00  28.06811111
204.00  28.15750000
205.00  28.64913889
206.00  28.55975000
207.00  28.64913889
208.00  28.73852778
209.00  28.82791667
210.00  29.00669444
211.00  29.18547222
212.00  29.49833333
213.00  29.49833333
214.00  29.67711111
215.00  28.64913889
216.00  28.42566667
217.00  28.55975000
218.00  28.64913889
219.00  28.47036111
220.00  28.73852778
221.00  28.69383333
222.00  28.55975000
223.00  28.69383333
224.00  28.33627778
225.00  28.60444444
226.00  28.55975000
227.00  28.60444444
228.00  28.51505556
229.00  28.60444444
230.00  28.29158333
231.00  28.33627778
232.00  28.55975000
233.00  28.60444444
234.00  28.73852778
235.00  28.96200000
236.00  29.09608333
237.00  28.60444444
238.00  28.69383333
239.00  28.20219444
240.00  28.47036111
241.00  28.20219444
242.00  28.47036111
243.00  28.38097222
244.00  28.15750000
245.00  28.20219444
246.00  28.15750000
247.00  28.29158333
248.00  28.33627778
249.00  28.29158333
250.00  27.93402778
251.00  27.93402778
252.00  28.11280556
253.00  28.06811111
254.00  27.79994444
255.00  27.88933333
256.00  27.84463889
257.00  27.84463889
258.00  27.88933333
259.00  27.75525000
260.00  27.93402778
261.00  28.06811111
262.00  27.84463889
263.00  27.84463889
264.00  27.88933333
265.00  27.66586111
266.00  28.06811111
267.00  28.06811111
268.00  27.84463889
269.00  28.06811111
270.00  27.88933333
271.00  27.75525000
272.00  27.66586111
273.00  27.62116667
274.00  27.75525000
275.00  27.75525000
276.00  27.75525000
277.00  27.71055556
278.00  27.88933333
279.00  27.79994444
280.00  27.79994444
281.00  27.88933333
282.00  28.02341667
283.00  27.97872222
284.00  28.47036111
285.00  28.73852778
286.00  28.96200000
287.00  29.09608333
288.00  29.45363889
289.00  29.54302778
290.00  29.94527778
291.00  30.03466667
292.00  30.16875000
293.00  30.52630556
294.00  30.52630556
295.00  30.74977778
296.00  30.88386111
297.00  31.01794444
298.00  32.04591667
299.00  32.22469444
300.00  33.47613889
301.00  32.44816667
302.00  32.26938889
303.00  32.26938889
304.00  32.18000000
305.00  32.40347222
306.00  32.53755556
307.00  32.49286111
308.00  32.09061111
309.00  31.91183333
310.00  31.77775000
311.00  31.77775000
312.00  31.68836111
313.00  31.73305556
314.00  31.73305556
315.00  31.82244444
316.00  32.22469444
317.00  32.44816667
318.00  32.89511111
319.00  33.43144444
320.00  33.83369444
321.00  34.54880556
322.00  35.04044444
323.00  35.44269444
324.00  34.95105556
325.00  33.96777778
326.00  33.78900000
327.00  34.14655556
328.00  34.68288889
329.00  34.86166667
330.00  35.35330556
331.00  35.53208333
332.00  35.71086111
333.00  35.71086111
334.00  35.88963889
335.00  35.88963889
336.00  35.53208333
337.00  35.53208333
338.00  35.35330556
339.00  35.17452778
340.00  34.68288889
341.00  34.19125000
342.00  33.20797222
343.00  32.44816667
344.00  31.64366667
345.00  30.21344444
346.00  29.67711111
347.00  29.81119444
348.00  29.54302778
349.00  29.45363889
350.00  29.58772222
351.00  29.54302778
352.00  29.98997222
353.00  30.12405556
354.00  30.52630556
355.00  30.52630556
356.00  30.70508333
357.00  30.48161111
358.00  30.43691667
359.00  30.39222222
360.00  29.98997222
361.00  29.67711111
362.00  29.54302778
363.00  29.36425000
364.00  29.49833333
365.00  29.67711111
366.00  29.49833333
367.00  29.63241667
368.00  29.94527778
369.00  30.16875000
370.00  30.34752778
371.00  30.43691667
372.00  30.61569444
373.00  30.79447222
374.00  30.66038889
375.00  31.01794444
376.00  31.01794444
377.00  31.01794444
378.00  31.28611111
379.00  31.46488889
380.00  31.55427778
381.00  31.68836111
382.00  31.42019444
383.00  31.55427778
384.00  31.42019444
385.00  31.15202778
386.00  31.24141667
387.00  31.33080556
388.00  31.10733333
389.00  30.97325000
390.00  31.24141667
391.00  31.15202778
392.00  31.06263889
393.00  31.24141667
394.00  31.37550000
396.00  31.37550000
397.00  31.73305556
398.00  31.64366667
399.00  31.68836111
400.00  31.59897222
401.00  31.68836111
402.00  31.82244444
403.00  31.86713889
404.00  31.64366667
405.00  31.82244444
406.00  32.04591667
407.00  32.13530556
408.00  32.44816667
409.00  32.31408333
410.00  32.31408333
411.00  32.22469444
412.00  32.18000000
413.00  32.13530556
414.00  32.44816667
415.00  32.53755556
416.00  32.71633333
417.00  32.22469444
418.00  31.95652778
419.00  31.68836111
420.00  31.46488889
421.00  31.50958333
422.00  31.68836111
423.00  31.37550000
424.00  31.73305556
425.00  31.37550000
426.00  31.42019444
427.00  30.88386111
428.00  30.74977778
429.00  30.48161111
430.00  30.52630556
431.00  30.48161111
432.00  30.25813889
433.00  30.07936111
434.00  30.16875000
435.00  30.21344444
436.00  30.21344444
437.00  30.03466667
438.00  29.94527778
439.00  29.63241667
440.00  29.76650000
441.00  29.58772222
442.00  29.67711111
443.00  29.45363889
444.00  29.54302778
445.00  29.27486111
446.00  27.79994444
447.00  27.79994444
448.00  27.44238889
449.00  27.30830556
450.00  27.44238889
451.00  27.30830556
452.00  27.44238889
453.00  27.44238889
454.00  27.62116667
455.00  27.62116667
456.00  27.62116667
457.00  27.62116667
458.00  27.79994444
459.00  27.62116667
460.00  27.79994444
461.00  27.97872222
462.00  27.79994444
463.00  27.97872222
464.00  27.79994444
465.00  27.97872222
466.00  27.97872222
467.00  28.15750000
468.00  27.97872222
469.00  27.79994444
470.00  27.30830556
471.00  26.59319444
472.00  26.28033333
473.00  25.38644444
474.00  24.89480556
475.00  24.17969444
476.00  23.01763889
477.00  21.98966667
478.00  21.81088889
479.00  21.27455556
480.00  20.06780556
481.00  18.54819444
482.00  16.62633333
483.00  15.46427778
484.00  14.74916667
485.00  13.05077778
486.00   9.96686111
487.00   7.91091667
488.00   7.73213889
489.00   6.25722222
490.00   4.46944444
491.00   2.68166667
492.00   0.89388889
493.00   0.00000000
500.00   0.00000000
501.00   0.08938889
502.00   1.96655556
503.00   4.51413889
504.00   6.97233333
505.00   9.29644444
506.00  11.21830556
507.00  12.38036111
508.00  12.60383333
509.00  11.97811111
510.00  11.08422222
511.00  10.01155556
512.00   7.64275000
513.00   5.05047222
514.00   3.08391667
515.00   3.35208333
516.00   4.96108333
517.00   6.88294444
518.00   8.89419444
519.00  10.81605556
520.00  12.11219444
521.00  12.73791667
522.00  12.60383333
523.00  11.44177778
524.00   9.69869444
525.00   7.73213889
526.00   5.40802778
527.00   3.35208333
528.00   2.59227778
529.00   1.07266667
530.00   0.53633333
531.00   0.84919444
532.00   2.99452778
533.00   5.27394444
534.00   7.50866667
535.00   9.69869444
536.00  11.57586111
537.00  12.38036111
538.00  12.51444444
539.00  12.11219444
540.00  10.90544444
541.00   9.02827778
542.00   6.79355556
543.00   4.15658333
544.00   2.23472222
545.00   1.29613889
546.00   1.07266667
547.00   3.75433333
548.00   6.03375000
549.00   7.95561111
550.00   9.92216667
551.00  11.70994444
552.00  13.40833333
553.00  13.31894444
554.00  11.62055556
555.00   9.51991667
556.00   7.24050000
557.00   5.09516667
558.00   2.94983333
559.00   1.16205556
560.00   0.00000000
567.00   0.00000000
568.00   0.13408333
569.00   2.86044444
570.00   5.67619444
571.00   8.58133333
572.00  10.63727778
573.00  12.60383333
574.00  15.59836111
575.00  16.76041667
576.00  18.01186111
577.00  20.11250000
578.00  22.30252778
579.00  23.06233333
580.00  22.88355556
581.00  22.61538889
582.00  22.30252778
583.00  21.36394444
584.00  19.93372222
585.00  18.41411111
586.00  16.89450000
587.00  14.92794444
588.00  12.51444444
589.00  10.59258333
590.00   8.40255556
591.00   5.76558333
592.00   2.77105556
593.00   0.98327778
594.00   0.00000000
600.00   0.00000000
