# Table format: T1D
# table_unit = barA
# axis1_unit = kJ/kg
# axis2_unit = degC
# This file was automatically generated by generate_data_files.py
100	119
-104.35638138168119	799.9999999999992
-112.40000542002663	643.919471003017
-118.84565934981784	518.2903564210051
-124.01380705717409	417.17156516572373
-128.15992090172386	335.7811169487659
-131.48778414131291	270.2699989980646
-134.16007743612724	217.54014347852402
-136.3067845100927	175.09791763826465
-138.0318587412226	140.9361981242016
-139.4185096222766	113.43945267664006
-140.53339710454458	91.30734044801738
-141.4299628427978	73.49321794997458
-142.15107937175486	59.15464253082127
-142.7311598363675	47.61353265727371
-143.19784049374428	38.324100951570664
-143.57332429884434	30.84704351425197
-143.87545515620957	24.828764927130198
-144.11857776160699	19.984656471919937
-144.31422647839784	16.085636779469617
-144.4716776889894	12.947318407228424
-144.59839298156285	10.421288024612696
-144.7003749506641	8.388087839973332
-144.78245297803542	6.75156635580309
-144.84851286334	5.434331295338101
-144.9016813965965	4.374089666186565
-144.94447475283525	3.520701879963261
-144.97891782576994	2.8338106151315903
-145.00664020845113	2.2809322902728324
-145.0289534019342	1.835920892182726
-145.04691293054864	1.477731512122111
-145.06136831899616	1.1894251169626944
-145.07300330628246	0.9573674901404005
-145.08236820569616	0.7705844597583651
-145.08990594603011	0.6202429221134396
-145.0959730287115	0.4992331178758138
-145.10085639393748	0.4018324064622257
-145.104786994784	0.3234346382512823
-145.10795072205457	0.2603323264585221
-145.11049719707665	0.20954131742269513
-145.11254684862567	0.16865966783512126
-145.11262847779952	0.16698532115908685
-145.06387619215474	0.16698532115908685
-145.00262926331058	0.16698532115908685
-144.92568545968712	0.16698532115908685
-144.82902185503346	0.16698532115908685
-144.70758449393855	0.16698532115908685
-144.55502415106147	0.16698532115908685
-144.363364368529	0.16698532115908685
-144.1225844151829	0.16698532115908685
-143.82009536313825	0.16698532115908685
-143.44008188886295	0.16698532115908685
-142.96267538553784	0.16698532115908685
-142.3629151537415	0.16698532115908685
-141.6094433574022	0.16698532115908685
-140.66286551215492	0.16698532115908685
-139.4736907859526	0.16698532115908685
-137.97974442270458	0.16698532115908685
-136.10291700022003	0.16698532115908685
-133.7450805608102	0.16698532115908685
-130.78295809371133	0.16698532115908685
-127.06167812558591	0.16698532115908685
-122.38667742761196	0.16698532115908685
-116.51352848067404	0.16698532115908685
-109.13515983831925	0.16698532115908685
-99.86580121752894	0.16698532115908685
-88.22081390317882	0.16698532115908685
-73.59135191999236	0.16698532115908685
-55.21252915787895	0.16698532115908685
-32.12342810211976	0.16698532115908685
-3.1168592667091652	0.16698532115908685
33.32375544460074	0.16698532115908685
79.1036754369658	0.16698532115908685
136.61645591859988	0.16698532115908685
208.86909242998394	0.16698532115908685
299.63923845888763	0.16698532115908685
413.6727160996705	0.16698532115908685
556.931646394992	0.16698532115908685
736.9061725951807	0.16698532115908685
963.0060744596597	0.16698532115908685
1247.0757122670873	0.1653198724324458
1247.3680950850346	0.14179243233682426
1247.6186817582836	0.12161329168825974
1247.8334699655768	0.10430593841652247
1248.0175906151499	0.0894616751007793
1248.1754347415663	0.07672996795137037
1248.3107613881969	0.06581016927288721
1248.4267894407772	0.056444417942034676
1248.526275884272	0.04841155025151489
1248.611582552065	0.04152187733004502
1248.684733104846	0.035612705812025795
1248.7474617023374	0.030544495981548157
1248.8012546031628	0.02619756666879737
1248.8473857380834	0.022469269087978465
1248.8869471426551	0.01927156287951384
1248.9208750016821	0.01652893711695138
1248.9499719451808	0.014176627185050873
1248.9749261404966	0.012159085422244736
1248.9963276447036	0.010428669413084644
1249.0146824132066	0.008944516955892013
1249.0304243025005	0.007671581138995514
1249.043925355794	0.0065798027397581844
1249.0555046182487	0.005643400403348657
1249.0654356928294	0.004840261839473667
1249.073953217291	0.004151421660735487
1249.081258416773	0.0035606135322418515
1249.0875238642523	0.003053886056888214
1249.0928975621046	0.0026192733257923125
1249.0975064417496	0.0022465123542290224
1249.101459364489	0.0019268007305717114
1249.1048496947126	0.0016525887553401801
1249.1077575064862	0.001417401161907628
1249.110251475808	0.00121568420896313
1249.112390503343	0.0010426745339571172
1249.1142251060537	0.000894286670623081
1249.1157986106612	0.0007670165744040384
1249.11714817717	0.0006578588776243367
1249.1183056766638	0.0005642359204628869
1249.1192984441313	0.0004839368818587228
1249.1201499241172	0.00041506557298056317
150	120
35.638176383919706	799.9999999999992
29.40449317275705	673.840888288892
24.18978402549033	567.5769284124543
19.824811965066388	478.0706770171617
16.16886683693857	402.6794620826456
13.104941792911205	339.1773580318292
10.535701467258987	285.68946527955944
8.380125137600452	240.63655382344714
6.570720465046271	202.68843647896193
5.051215932929945	170.72469510358812
3.774652376171016	143.8016002518152
2.701805583807667	121.12424756380923
1.7998825500843358	102.02308821465118
1.0414433638650007	85.93416048567076
0.4035089017993123	72.3824387950308
-0.13317854070587054	60.96780856769993
-0.5847686935277411	51.353252852857594
-0.9648129821657531	43.254901898617085
-1.2846885707775841	36.43365189776637
-1.5539516436120748	30.688105447998982
-1.7806321126581859	25.848625293728546
-1.9714797573566345	21.772325786215976
-2.132170025116451	18.338854184873703
-2.267476273172542	15.446837242669712
-2.3814140504457417	13.010888161068133
-2.477362051734325	10.959085544851984
-2.558163584671567	9.230849922971279
-2.6262117393275277	7.775155139695527
-2.6835209146720063	6.549021807395478
-2.7317869138307085	5.516248340148373
-2.772437454160234	4.646342101934636
-2.8066746347440366	3.913619111577151
-2.8355106517942987	3.2964457232119173
-2.8597978425846353	2.7765998929065487
-2.8802539636050635	2.3387331728237415
-2.8974834625287147	1.969917548307816
-2.911995381508992	1.6592637382595201
-2.9242184271157194	1.3975996891179294
-2.9345136566315144	1.1771997699843821
-2.9431851586729043	0.9915566733746951
-2.9438096488356296	0.9817379551585018
-2.7440949325060715	0.9817397094014492
-2.5041102547975713	0.9817397094014492
-2.2154958025931446	0.9817397094014492
-1.8683973844081279	0.9817397094014492
-1.450963984984297	0.9817397094014492
-0.9489431349161948	0.9817397094014492
-0.3451942871935121	0.9817397094014492
0.3808964141728107	0.9817397094014492
1.2541199550528412	0.9817397094014492
2.3042908922541945	0.9817397094014492
3.5672653148526874	0.9817397094014492
5.086165082150439	0.9817397094014492
6.912850137537809	0.9817397094014492
9.109689167615462	0.9817397094014492
11.751689062364198	0.9817397094014492
14.92905588272955	0.9817397094014492
18.750274774987965	0.9817397094014492
23.345813989712187	0.9817397094014492
28.872579472017897	0.9817397094014492
35.51927211660207	0.9817397094014492
43.512830600856596	0.9817397094014492
53.12617977433777	0.9817397094014492
64.68754915861282	0.9817397094014492
78.591679719934	0.9817397094014492
95.31330154867797	0.9817397094014492
115.42334261527711	0.9817397094014492
139.60842201978403	0.9817397094014492
168.6942932949946	0.9817397094014492
203.67403819012486	0.9817397094014492
245.74197355815477	0.9817397094014492
296.33442903301125	0.9817397094014492
357.1787877728169	0.9817397094014492
430.35246467209294	0.9817397094014492
518.3538357417937	0.9817397094014492
624.1875404059336	0.9817397094014492
751.4670691994668	0.9817397094014492
904.5381395292294	0.9817397094014492
1088.6270719286204	0.9817397094014492
1310.0186374149653	0.9817392484167862
1310.0911049160866	0.9719218877633163
1311.3725086813345	0.7965876171128669
1312.4184712428466	0.6528835698904267
1313.2729062852766	0.5351036680406638
1313.971315982837	0.43857120741854344
1314.5424768591893	0.35945315919968984
1315.0097626281477	0.29460797123266536
1315.3921905235704	0.2414608259587165
1315.7052543228845	0.19790140174659665
1315.9615910764303	0.1622000780365263
1316.1715170530856	0.13293925703842374
1316.3434600804133	0.10895707496483632
1316.4843093152203	0.0893012677320868
1316.5996988819106	0.0731913592681478
1316.6942383263804	0.059987671032740136
1316.7717001535646	0.04916592220604233
1316.8351726378742	0.04029641199191248
1316.8871844687383	0.033026957424229605
1316.9298065103922	0.02706890918528418
1316.964734936776	0.02218569016422969
1316.9933591898412	0.01818340165442578
1317.0168175582203	0.014903124188548493
1317.0360426491088	0.012214607299577537
1317.0517986031068	0.010011097646058334
1317.0647115593474	0.008205100141236713
1317.075294600458	0.006724903772587824
1317.0839681811774	0.005511734161936696
1317.0910768607223	0.00451741980245015
1317.0969030093065	0.003702479305423938
1317.1016780370826	0.0030345537068875946
1317.1055915940792	0.0024871215853915075
1317.1087991082513	0.002038445971966285
1317.111427962178	0.0016707112370509519
1317.113582554486	0.0013693156826304568
1317.1153484475205	0.0011222917504328327
1317.116795766326	0.0009198308243063535
1317.1179819841507	0.0007538937580337704
1317.1189542052398	0.0006178916637533646
1317.1197510356817	0.0005064242860050291
1317.120404116658	0.00041506557298056317
200	119
174.07139572881414	799.9999999999992
169.3339503694285	697.36173571157
165.24861890069417	607.8917380433153
161.72364227331948	529.9005469582622
158.68030391688853	461.9154564766554
156.05111618943963	402.6527056007035
153.77823765608255	350.993237083332
151.81209802266315	305.961566294319
150.11020855322522	266.70736116504634
148.63613694010434	232.4893853863868
147.35862690508276	202.66150165945797
146.2508442769746	176.6604706989412
145.28973287370627	153.99531559779587
144.45546515991046	134.23805072091253
143.73097429639435	117.01560006159134
143.10155579426174	102.00275245535286
142.55452849346358	88.91602062452817
142.07894597506044	77.50828809410834
141.66535077241227	67.56414289667468
141.3055648628523	58.895809952862045
140.9925108997884	51.33960531858325
140.7200594929469	44.75284534464274
140.48289857210284	39.01115238446436
140.27642148954192	34.0061061736733
140.09663104162115	29.64319653258091
139.94005703255664	25.840038732499746
139.80368537590525	22.52481782668779
139.68489704159754	19.634932570257405
139.58141541825583	17.11581332221791
139.49126087996572	14.919891608121356
139.412711530729	13.005701885585006
139.3442692541957	11.33709855134851
139.28463032610932	9.882573404626891
139.2326599561526	8.614660678434502
139.1873702180466	7.509418404099127
139.14790090468856	6.545976315583712
139.11350291113246	5.706141756702851
139.08352380424077	4.974056149588213
139.05739528556947	4.33589553750456
139.03462229467365	3.7796095473727847
139.03297641439715	3.7421791932325124
139.58693507919548	3.7421791932325124
140.23130656656588	3.7421791932325124
140.98084735385044	3.7421791932325124
141.85272235579342	3.7421791932325124
142.8668980109529	3.7421791932325124
144.04659952461722	3.7421791932325124
145.41884273935207	3.7421791932325124
147.01505281331973	3.7421791932325124
148.87178387445888	3.7421791932325124
151.0315561310203	3.7421791932325124
153.54382960876904	3.7421791932325124
156.4661368139966	3.7421791932325124
159.865400260975	3.7421791932325124
163.81946503599028	3.7421791932325124
168.41888149455107	3.7421791932325124
173.76897891656367	3.7421791932325124
179.99227760736815	3.7421791932325124
187.23129468313553	3.7421791932325124
195.65180779472425	3.7421791932325124
205.44665153114695	3.7421791932325124
216.8401334424695	3.7421791932325124
230.09317081160293	3.7421791932325124
245.5092658100159	3.7421791932325124
263.44145587186523	3.7421791932325124
284.3003984541075	3.7421791932325124
308.5637753282432	3.7421791932325124
336.7872317673785	3.7421791932325124
369.61710114227566	3.7421791932325124
407.805206326951	3.7421791932325124
452.22607687451796	3.7421791932325124
503.896976246491	3.7421791932325124
564.0011977306156	3.7421791932325124
633.9151625371222	3.7421791932325124
715.2399406353885	3.7421791932325124
809.837916176274	3.7421791932325124
919.8754371593743	3.7421791932325124
1047.8724260470801	3.7421791932325124
1196.7600874370146	3.7421791932325124
1370.1347683585575	3.7047657939594605
1373.9320092096234	2.9340140750425796
1376.89964071329	2.3236120908327953
1379.2259469262074	1.8402001526137874
1381.0537037648005	1.4573588315535595
1382.4922705535585	1.1541650841026279
1383.6260460651263	0.9140487658359295
1384.5205407655028	0.7238870399339641
1385.226828509012	0.5732871879162036
1385.7848636651654	0.45401862679963173
1386.2259846619065	0.35956309128463154
1386.5748226433227	0.284758397525431
1386.8507682251748	0.22551631946300793
1387.069105768623	0.17859915909801893
1387.2418949082892	0.14144279982252786
1387.3786583503556	0.11201657232135089
1387.4869201866536	0.08871227443438895
1387.5726282506469	0.0702562796935566
1387.6404861394496	0.055639931090142994
1387.694214625029	0.04406441595283887
1387.736757722501	0.034897109238310665
1387.7704452889898	0.02763699930787644
1387.7971214208962	0.02188730663985903
1387.8182459050533	0.01733379903550848
1387.8349744172394	0.013727618201146097
1387.8482219442599	0.010871679144912253
1387.858712954069	0.00860989908796067
1387.8670210923647	0.006818667228563086
1387.8736005980238	0.005400089164679486
1387.8788111686395	0.0042766367691819355
1387.8829376440926	0.003386911122717445
1387.886205589532	0.002682286940020262
1387.888793632941	0.002124255100863322
1387.8908432337728	0.0016823180496527191
1387.8924664179149	0.0013323230430455843
1387.8937519025908	0.0010551421542416876
1387.8947699464752	0.0008356268935443902
1387.8955761904422	0.0006617803131147621
1387.8962146990536	0.0005241013497886027
1387.8967203691604	0.00041506557298056317
250	120
312.5277540940222	799.9999999999992
309.0725824321678	716.3172000277648
306.0333437895627	641.3879138195191
303.3591654062043	574.2964931985596
301.0052783199281	514.223069992196
298.9323406304942	460.4335371081143
297.1058233848343	412.27057762520434
295.49545514062066	369.14563227289483
294.0747214105416	330.53170714024884
292.820415273062	295.9569337238755
291.71223548450064	264.99880261736087
290.7324284656648	237.27900037697296
289.86547058343837	212.45878646927548
289.0977872168363	190.23485380621034
288.41750519573725	170.33562228269423
287.8142353312297	152.51792002315824
287.2788819174518	136.5640117813092
286.8034762714929	122.27893817968227
286.38103158374804	109.48813327404777
286.005416569219	98.03529132891587
285.67124563344703	87.78045673579395
285.3737834890439	78.59831373267791
285.10886237453906	70.37665502486949
284.8728102328679	63.0150105934181
284.6623883988533	56.42341993499643
284.47473752211954	50.52133272978421
284.30733061278676	45.23662450333766
284.15793224198285	40.50471525367279
284.02456305803724	36.267780273040955
283.90546889297224	32.47404352050859
283.799093833711	29.077144910238133
283.7040567192493	26.03557378362921
283.61913060058015	23.312161642256925
283.5432247651669	20.87362794272015
283.4753689838824	18.690173402938278
283.4146996864562	16.735115850032667
283.3604478127077	14.984564159794571
283.3119281221277	13.417126303225565
283.2685297745862	12.013647932431772
283.22970802068954	10.75697831134858
283.2264202346851	10.650499833922982
284.4159060865819	10.650480836397778
285.76299586787354	10.650480836397778
287.2885696039696	10.650480836397778
289.0162756979426	10.650480836397778
290.97289587075016	10.650480836397778
293.1887603131995	10.650480836397778
295.6982178438687	10.650480836397778
298.5401683610545	10.650480836397778
301.7586658424519	10.650480836397778
305.40360123985585	10.650480836397778
309.531475854653	10.650480836397778
314.20627718244145	10.650480836397778
319.5004708035249	10.650480836397778
325.496123694892	10.650480836397778
332.2861763764941	10.650480836397778
339.97588361176724	10.650480836397778
348.68444599515374	10.650480836397778
358.5468577183796	10.650480836397778
369.71599915830126	10.650480836397778
382.3650067241879	10.650480836397778
396.68995670019825	10.650480836397778
412.9129046861424	10.650480836397778
431.2853277518704	10.650480836397778
452.09202266321137	10.650480836397778
475.655520607105	10.650480836397778
502.3410868499796	10.650480836397778
532.5623828306724	10.650480836397778
566.7878784577894	10.650480836397778
605.5481140105643	10.650480836397778
649.4439242122519	10.650480836397778
699.1557519600227	10.650480836397778
755.4541960864522	10.650480836397778
819.2119566567981	10.650480836397778
891.417362969923	10.650480836397778
973.1896939646903	10.650480836397778
1065.7965285183286	10.650480836397778
1170.6733945892454	10.650480836397778
1289.4460217918988	10.650480836397778
1423.954763966426	10.650473632051728
1424.3598767944961	10.543968839836724
1433.3472865228055	8.12939606627318
1440.055496376611	6.267761353073312
1445.1069960357543	4.832441679408669
1448.9344482743638	3.725810743166776
1451.8472691029335	2.8725987016144705
1454.071162813263	2.214772533911219
1455.7731126542417	1.7075888025050878
1457.077933167335	1.3165503336324307
1458.07962783073	1.0150598191115159
1458.849395110719	0.7826107441953443
1459.4413896283268	0.6033925936168896
1459.8969341293755	0.4652154659671283
1460.2476366128035	0.35868095177917675
1460.5177189625529	0.2765428808385887
1460.7257691643129	0.21321445859658752
1460.8860671585157	0.16438826852740446
1461.0095923953172	0.1267432940866729
1461.1047920455833	0.09771903274997337
1461.178168221385	0.07534133802030057
1461.2347277318859	0.05808814368038989
1461.278327077451	0.04478593724104608
1461.3119373940374	0.03452994100818639
1461.3378481056288	0.026622571715124894
1461.357823572874	0.020525992921880006
1461.3732236512224	0.015825532932632076
1461.3850965118868	0.01220148002364622
1461.394250129988	0.009407336574457893
1461.4013073562935	0.007253053011079467
1461.4067483504218	0.005592101182428505
1461.4109432807336	0.004311507938346664
1461.4141775263765	0.0033241710219473436
1461.4166711023706	0.002562934625464665
1461.4185936329654	0.00197602164600957
1461.4200758940844	0.001523511956451268
1461.4212187113558	0.0011746271535725522
1461.422099819777	0.0009056370999042366
1461.422779152099	0.0006982458682556741
1461.4233029159113	0.0005383473055461987
1461.4237067369304	0.00041506557298056317
300	120
452.22064736754265	799.9999999999992
449.9053604897359	731.9659024137836
447.85430962144125	669.7176028705313
446.03876736196844	612.7630619344061
444.4328318626502	560.6520844933139
443.013191831543	512.9727612078972
441.75890679092436	469.3482125890364
440.6512017096756	429.43360996753836
439.67327524840766	392.91344980837283
438.81012095186344	359.49905982437343
438.04836080010546	328.92631717656815
437.37609058759944	300.95356072473663
436.7827366388931	275.3596808256543
436.2589233930656	251.94237157990213
435.7963513993785	230.51653171219002
435.38768526632526	210.9128014450111
435.02645109899424	192.97622380039607
434.70694294822187	176.56501974807662
434.42413778223226	161.54946751826012
434.1736184797345	147.8108772205875
433.95150433466534	135.24065266417549
433.7543885580456	123.73943296295296
433.5792822628562	113.21630714112189
433.4235644234185	103.58809553063432
433.28493731169357	94.77869228050756
433.1613869284993	86.7184637808751
433.05114796752963	79.34369824663177
432.95267287331706	72.59610210992852
432.8646045800908	66.42233924077121
432.7857525461734	60.77360935350701
432.71507172712757	55.6052622667282
432.6516441598465	50.87644496752607
432.59466285839386	46.54977869032556
432.5434177502872	42.59106345778261
432.49728340855404	38.96900774829825
432.4557083602027	35.6549811533161
432.4182057752527	32.622788069291865
432.38434536235894	29.84846063549107
432.3537463170085	27.31006928089942
432.32607118657285	24.98754938272064
432.3231416823907	24.740176139707266
434.46260481859144	24.740155188214057
436.8311733076826	24.740155188214057
439.4533786254445	24.740155188214057
442.3563813294687	24.740155188214057
445.570250450429	24.740155188214057
449.1282749442893	24.740155188214057
453.06730849619953	24.740155188214057
457.4281512475208	24.740155188214057
462.25597239987655	24.740155188214057
467.60077807352116	24.740155188214057
473.51792926605935	24.740155188214057
480.06871527648536	24.740155188214057
487.32098853401317	24.740155188214057
495.3498674071961	24.740155188214057
504.2385142729679	24.740155188214057
514.078996904769	24.740155188214057
524.9732421019401	24.740155188214057
537.034091437981	24.740155188214057
550.3864700630237	24.740155188214057
565.1686806668598	24.740155188214057
581.5338360052759	24.740155188214057
599.651444827666	24.740155188214057
619.7091676328139	24.740155188214057
641.9147604388014	24.740155188214057
666.4982267004233	24.740155188214057
693.7141996634756	24.740155188214057
723.8445798321152	24.740155188214057
757.2014548679339	24.740155188214057
794.1303321647866	24.740155188214057
835.0137175820845	24.740155188214057
880.2750774047331	24.740155188214057
930.3832245673347	24.740155188214057
985.8571745747423	24.740155188214057
1047.2715214161515	24.740155188214057
1115.2623891559324	24.740155188214057
1190.5340208472346	24.740155188214057
1273.8660730157042	24.740155188214057
1366.12169126891	24.740155188214057
1468.2560910843158	24.740147089328474
1469.0594856354805	24.492746424646956
1487.736957491077	18.480179461764248
1500.9037163788737	13.943598934064221
1510.3947447243854	10.5206744142449
1517.3313703593526	7.938021643762627
1522.4474862246718	5.989367709310142
1526.2445403293268	4.519076309840281
1529.075053432638	3.409717299943814
1531.1917351677444	2.5726877061624616
1532.7782480001445	1.9411351297506525
1533.9693912681912	1.4646183378287339
1534.8648093200095	1.1050785917102783
1535.5385457476289	0.8337999479555702
1536.0458334533635	0.629115755590515
1536.4279916341875	0.4746781705883641
1536.7159968137005	0.3581524761236057
1536.9331088082913	0.27023192575819455
1537.0968139598144	0.20389442644472902
1537.2202700062646	0.15384169364364736
1537.3133842698223	0.11607608464747086
1537.3836204059576	0.08758131237359265
1537.4366032872058	0.06608153867677798
1537.4765732339797	0.04985960629664155
1537.506727512303	0.03761989187654475
1537.5294773031505	0.02838482631376583
1537.5466411945515	0.021416817664087717
1537.5595909498095	0.016159340690921675
1537.5693613642345	0.012192487962538742
1537.576733081181	0.009199432424874088
1537.582295036772	0.006941122861867723
1537.5864915519335	0.005237191204673942
1537.5896578507413	0.003951546782869321
1537.5920468519669	0.0029815069503800994
1537.5938493794054	0.0022495959642188546
1537.5952094084344	0.0016973571037909548
1537.5962355683894	0.0012806838132775604
1537.5970098204891	0.0009662969718793811
1537.5975940050266	0.0007290869363560041
1537.5980347810641	0.0005501080684658676
1537.598367353373	0.00041506557298056317
350	118
594.1255052290383	799.9999999999992
592.8592165490217	745.1964775191492
591.763223883872	694.147237633688
590.8213059409076	646.5950954553407
590.0184509535418	602.3004843931002
589.3407839965988	561.04024922227
588.7754984130838	522.6065218336288
588.3107910496948	486.8056739986936
587.935801017286	453.45734187520424
587.6405517121592	422.39351733824884
587.4158958544062	393.45770155923515
587.2534633204369	366.5041165684038
587.1456115680577	341.396970828803
587.0853784738513	318.0097751216661
587.0664374237451	296.22470529665316
587.083054518338	275.93200867651876
587.1300477742368	257.02945112565664
587.202748221303	239.42180199690063
587.2969628126202	223.02035436172213
587.4089390792167	207.74247810678565
587.5353314747324	193.51120364534472
587.6731693661067	180.2548341462522
587.8198266350547	167.90658432698277
587.9729928614855	156.40424399092456
588.1306460641443	145.68986461385384
588.2910269759856	135.70946740060714
588.4526148319709	126.41277134116591
588.6141046457989	117.75293989608821
588.774385949448	109.68634503511177
588.932522965909	102.17234744014424
589.0877361812508	95.17309176532278
589.2393852775988	88.65331592265699
589.38695338394	82.5801734324456
589.5300325971289	76.92306794347382
589.6683107213198	71.65349908930366
589.801559170362	66.74491890408851
589.9296219746758	62.172598074535195
590.0524058317926	57.913501354196995
590.1698711381315	53.946171512435235
590.282023938749	50.25062123338841
593.6771631231026	49.75308929224942
597.3426119620542	49.75308929224942
601.317810282433	49.75308929224942
605.6289335256272	49.75308929224942
610.3043690938925	49.75308929224942
615.3749032725455	49.75308929224942
620.8739239480512	49.75308929224942
626.8376404568465	49.75308929224942
633.3053220125272	49.75308929224942
640.319556281376	49.75308929224942
647.9265298088652	49.75308929224942
656.1763321436564	49.75308929224942
665.1232856616601	49.75308929224942
674.8263032619406	49.75308929224942
685.3492762897876	49.75308929224942
696.7614952413018	49.75308929224942
709.138106019705	49.75308929224942
722.5606047476816	49.75308929224942
737.1173743939335	49.75308929224942
752.9042667474689	49.75308929224942
770.0252335717462	49.75308929224942
788.5930110946197	49.75308929224942
808.7298623412479	49.75308929224942
830.5683821979893	49.75308929224942
854.2523705083834	49.75308929224942
879.9377789502803	49.75308929224942
907.7937379290115	49.75308929224942
938.0036702483685	49.75308929224942
970.7664988925719	49.75308929224942
1006.2979568720932	49.75308929224942
1044.8320077582607	49.75308929224942
1086.6223862604195	49.75308929224942
1131.944268989873	49.75308929224942
1181.0960864120636	49.75308929224942
1234.4014879181286	49.75308929224942
1292.2114729552238	49.75308929224942
1354.906702248429	49.75308929224942
1422.900004332929	49.75308929224942
1498.2021803437547	49.25555942678664
1534.667213209482	36.50429885661882
1558.3252868204124	27.054079793653738
1574.516800220412	20.050329862688912
1585.9114097247239	14.859708061367451
1594.0642779129948	11.012832466161527
1599.9598824888374	8.161834568140275
1604.253578677548	6.0489019262188135
1607.395987516321	4.482964486420699
1609.703758117519	3.3224163379801803
1611.4027558023063	2.462310454681072
1612.6557958868132	1.8248684567081117
1613.5811290327288	1.3524472017561135
1614.265105316074	1.002326182369052
1614.7710283263912	0.7428443598818486
1615.1454394631442	0.5505370933282634
1615.4226283895562	0.4080142591087868
1615.6278972761029	0.30238768223529877
1615.7799377192657	0.2241056735795512
1615.8925694472928	0.16608928167736586
1615.9760164833451	0.1230921513386463
1616.0378461660196	0.09122610181799004
1616.083661380634	0.0676095231288189
1616.1176115650046	0.05010679538654656
1616.1427703199174	0.0371351671734991
1616.161414657786	0.027521629159584778
1616.175231627191	0.020396840225839662
1616.1854712642485	0.015116513952937357
1616.1930598479642	0.011203156545780246
1616.1986837811849	0.008302887622107505
1616.202851726348	0.006153439218995105
1616.2059406390006	0.0045604392044338036
1616.2082298750988	0.0033798344303355497
1616.209926463628	0.002504864173033065
1616.2111838339229	0.0018564058845692314
1616.2121156933554	0.0013758202322365148
1616.2128063115492	0.001019648411570603
1616.2133181417657	0.0007556822169480379
1616.21369746902	0.0005600514908191559
1616.2139785958766	0.00041506557298056317
400	118
739.0637343982556	799.9999999999992
738.7873185978592	756.6742063951492
738.6289105403007	715.6948182796593
738.5801182128845	676.9347608036028
738.632999873676	640.2738411404438
738.7800412813712	605.5983757756495
739.0141340308656	572.8008379802873
739.3285549467143	541.7795243765133
739.7169464887472	512.4382395609233
740.1732981260661	484.68599780786167
740.6919286374891	458.4367409276298
741.2674692983151	433.60907140474154
741.8948479149296	410.1259999886494
742.5692736704281	387.91470695428575
743.2862227459149	366.90631629205166
744.0414246836215	347.03568212706887
744.8308494593338	328.24118670537416
745.6506952329222	310.46454932061295
746.4973767469901	293.6506455887534
747.3675143447905	277.74733651036576
748.2579235796777	262.70530679043463
749.1656053893015	248.47791191430724
750.0877368087486	235.02103350560301
751.0216621976839	222.29294251752432
751.9648849573458	210.25416983336302
752.9150597140067	198.8673838749131
753.869984946182	188.09727483928688
754.8275960335111	177.91044520513475
755.7859587058125	168.27530616875336
756.7432628712916	159.16197968892791
757.697816803464	150.54220583675007
758.6480416666627	142.38925516312273
759.5924663605191	134.67784581219001
760.5297226641553	127.38406512368407
761.4585406611185	120.48529548106424
762.3777444265568	113.9601441755243
763.2862479583852	107.78837706836427
764.1830513345847	101.95085584603213
765.0672370791365	96.42947867325337
765.9379667194818	91.20712406022722
770.8715109309222	90.30408269080085
775.9474112702808	90.30408269080085
781.3381925986828	90.30408269080085
787.0633884039104	90.30408269080085
793.1437439240832	90.30408269080085
799.6012913179976	90.30408269080085
806.4594294986192	90.30408269080085
813.7430089190078	90.30408269080085
821.478421617896	90.30408269080085
829.6936968511997	90.30408269080085
838.4186026559843	90.30408269080085
847.6847537149001	90.30408269080085
857.5257259119369	90.30408269080085
867.9771779945862	90.30408269080085
879.0769807832584	90.30408269080085
890.8653543961416	90.30408269080085
903.3850139867375	90.30408269080085
916.6813245221529	90.30408269080085
930.8024651629897	90.30408269080085
945.7996038404568	90.30408269080085
961.72708266329	90.30408269080085
978.6426148262991	90.30408269080085
996.6074937340393	90.30408269080085
1015.686815097368	90.30408269080085
1035.9497128076507	90.30408269080085
1057.469609443312	90.30408269080085
1080.3244823164316	90.30408269080085
1104.5971460234152	90.30408269080085
1130.3755525235572	90.30408269080085
1157.7531098328245	90.30408269080085
1186.8290204876635	90.30408269080085
1217.708641005233	90.30408269080085
1250.5038636425804	90.30408269080085
1285.3335218380653	90.30408269080085
1322.3238208041332	90.30408269080085
1361.6087948317154	90.30408269080085
1403.3307929632633	90.30408269080085
1447.6409947942952	90.30408269080085
1498.0785216477107	89.40104239566838
1570.3031273060435	65.2519059163442
1610.7388510117482	47.625968463223685
1636.6420735142983	34.76117425547618
1654.1367786590683	25.371436521078824
1666.2832491384727	18.518068072505464
1674.855580159823	13.515941237818582
1680.9687473810102	9.864996004383327
1685.3584495684875	7.200249280027645
1688.5255008666393	5.255307723541175
1690.8179739787024	3.8357365411945192
1692.4812426402377	2.7996219417463384
1693.690001419365	2.043384088696219
1694.5694951734595	1.4914222780138484
1695.2099636276416	1.0885571751590046
1695.6766570724728	0.7945145657661614
1696.0168777375095	0.5798991634246372
1696.2649803557167	0.42325597821647376
1696.445949714603	0.30892547255634306
1696.5779739819181	0.22547808538063926
1696.6743030007472	0.16457162488485433
1696.7445941013525	0.1201173039567009
1696.7958888135004	0.08767104730187471
1696.8333227962598	0.06398921955306482
1696.8606424335837	0.04670436073281381
1696.8805810537049	0.034088512513453864
1696.8951330808484	0.02488047512367468
1696.9057538971451	0.018159725864702228
1696.9135055922	0.01325439493586447
1696.919163275844	0.00967409896078572
1696.9232926380018	0.0070609176168305735
1696.9263065390567	0.0051536125269922945
1696.928506303868	0.0037615113954967425
1696.9301118560238	0.0027454465977692195
1696.931283709324	0.002003842665537689
1696.9321390173757	0.0014625618402091124
1696.932763287032	0.0010674925597823233
1696.933218927353	0.0007791399541968708
1696.9335514890745	0.0005686775637571563
1696.9337942185448	0.00041506557298056317
450	118
887.7355666328709	799.9999999999992
888.381945359473	767.0748048227048
889.1227286314727	735.504695242239
889.9553386438655	705.2339006864048
890.8774345867316	676.208945904224
891.8869160436823	648.3785564985625
892.9819278762909	621.6935683467029
894.1608668087742	596.1068407488481
895.4223899737041	571.5731731511278
896.7654257374245	548.0492252959947
898.1891871963411	525.49344065895
899.6931888269203	503.8659730363451
901.2772668887843	483.12861615457126
902.9416043297479	463.2447361762894
904.6867611347948	444.1792069844661
906.5137113131078	425.89834812989176
908.4238880490675	408.36986533256174
910.419238984654	391.56279343181166
912.5022941945462	375.44744168442526
914.6762502233321	359.99534131408075
916.9450746684682	345.1791952194784
919.3136373501	330.9728297522999
921.7878763194794	317.35114847983
924.3750101483897	304.2900878505337
927.0838126322155	291.76657468429005
929.924973076241	279.7584854121764
932.9115761343847	268.24460699380114
936.0597521713835	257.20459944314166
939.3895766652804	246.61895989668753
942.9263432823886	236.46898816041275
946.7024154241896	226.7367536747141
950.7600066593653	217.40506383895644
955.1555189991714	208.45743363966915
959.9666349789724	199.8780565287391
965.3046051258599	191.65177650015534
971.3371847989174	183.76406131597676
978.3359357648939	176.20097683422568
986.7885652736642	168.9491623933546
997.7313871106445	161.9958072098026
1014.2410996309791	155.32862774694493
1025.1705212229654	153.79072041454094
1030.4126152738304	153.79072041454094
1035.799388363736	153.79072041454094
1041.3348335580745	153.79072041454094
1047.0230541287428	153.79072041454094
1052.8682665957856	153.79072041454094
1058.8748038529814	153.79072041454094
1065.0471183797001	153.79072041454094
1071.3897855413995	153.79072041454094
1077.9075069812188	153.79072041454094
1084.6051141051746	153.79072041454094
1091.487571663549	153.79072041454094
1098.5599814311208	153.79072041454094
1105.8275859889704	153.79072041454094
1113.2957726106583	153.79072041454094
1120.9700772556625	153.79072041454094
1128.8561886730313	153.79072041454094
1136.9599526182947	153.79072041454094
1145.2873761867615	153.79072041454094
1153.844632266412	153.79072041454094
1162.638064113688	153.79072041454094
1171.6741900555733	153.79072041454094
1180.9597083214496	153.79072041454094
1190.5015020083056	153.79072041454094
1200.3066441829883	153.79072041454094
1210.3824031252684	153.79072041454094
1220.736247715618	153.79072041454094
1231.375852971681	153.79072041454094
1242.3091057375532	153.79072041454094
1253.5441105300783	153.79072041454094
1265.0891955465038	153.79072041454094
1276.952918837942	153.79072041454094
1289.1440746532137	153.79072041454094
1301.6716999577839	153.79072041454094
1314.5450811326111	153.79072041454094
1327.773760857885	153.79072041454094
1341.3675451867507	153.79072041454094
1355.3365108142616	153.79072041454094
1392.4527641230873	152.25281333611403
1585.5359431466604	109.61933338573758
1654.4559911536235	78.92398168962598
1694.699456022114	56.82387124016994
1720.6267016087406	40.912182502619885
1738.0754745288573	29.456047970635826
1750.1009573816582	21.207833681149506
1758.5086178906333	15.269265242087792
1764.4411609807535	10.993600974929594
1768.6528933297764	7.9151983071745935
1771.65543063206	5.698802820365307
1773.8021135734093	4.103037261361586
1775.3399998118846	2.954114276065172
1776.443314901803	2.126910042526907
1777.235660075097	1.5313376214502274
1777.8050929893766	1.1025360095074046
1778.2145371383706	0.7938064312096728
1778.5090519811379	0.5715265939580225
1778.7209538438456	0.41148904160865857
1778.8734451169469	0.2962648337873305
1778.9831976578835	0.21330544161248843
1779.0621976174552	0.1535761461792647
1779.1190658671505	0.11057210963292187
1779.1600046519418	0.0796099637400958
1779.1894770809959	0.057317766186604065
1779.2106952721226	0.04126777813073594
1779.2259712499479	0.02971207053504593
1779.2369692979325	0.02139216540039588
1779.2448874979682	0.01540198082049242
1779.2505883582915	0.011089153844632573
1779.2546928231711	0.007983994683743422
1779.2576479374468	0.005748334995000272
1779.2597755530298	0.004138699551244167
1779.2613073911416	0.0029797904941808086
1779.2624102836148	0.002145396465549441
1779.2632043446822	0.0015446475191395644
1779.263776053567	0.001112118900490946
1779.264187673314	0.0008007059432679818
1779.2644840319733	0.0005764941206391161
1779.2646974048207	0.00041506557298056317
500	89
1040.614569978578	800.000000000001
1043.9830566302317	746.9839343008911
1047.6476082920647	699.3883572903359
1051.5704491124377	656.6648814051166
1055.7174991133647	618.3171131612352
1060.0580889598093	583.8961747808293
1064.564690366985	552.9965708809664
1069.2126614602196	525.2523736571773
1073.980006544106	500.333702989776
1078.847149844327	477.94348042135346
1083.7967228598066	457.8144380576405
1088.8133650079712	439.70636518672364
1093.8835372659466	423.4035768462129
1098.9953485092842	408.71258974433823
1104.138394232088	395.4599919059521
1109.3036073020885	383.4904932114804
1114.48312036589	372.6651446649121
1119.6701394771037	362.85971480069367
1124.8588284768114	353.9632121482113
1130.044203615165	345.87654314110415
1135.2220378669303	338.51129530588133
1140.388774364634	331.78863600501063
1145.541448351761	325.63831745338126
1150.6776170458768	319.9977791800104
1155.7952967978156	314.8113395713772
1160.892906937893	310.029468608859
1165.9692197129293	305.60813439798636
1171.0233157376522	301.50821657801197
1176.0545444100064	297.6949801919876
1181.062488770584	294.137604085083
1186.0469343208101	290.80875837730883
1191.0078413514577	287.68422602138014
1195.945320371298	284.7425639029327
1200.8596102644976	281.9647993652621
1205.7510588435678	279.3341584413031
1210.620105501783	276.83582244987997
1215.4672657042588	274.4567099598916
1220.2931170899337	272.18528144473714
1225.0982869873128	270.0113642398618
1229.8834411744942	267.92599567943466
1234.6492737390863	265.9212825250271
1239.396497915687	263.9902750109097
1244.125837797927	262.1268540190307
1248.8380208388621	260.32563006355514
1253.5337710676652	258.58185291185805
1360.1727593438272	227.9713436682223
1461.0665725409801	205.50254541633737
1551.7200045883783	181.06049975306905
1627.6562375082938	152.77025549112832
1687.944908184891	123.62542009877454
1734.165863964517	96.78250358378939
1768.8303241448948	73.93817854475333
1794.466476706534	55.50028257871638
1813.2536293062608	41.13947846390751
1826.9379132140239	30.22210428425523
1836.863968506461	22.0601208521201
1844.0432199932452	16.028837812748755
1849.2253009669632	11.60841288619579
1852.9604649568985	8.387338684650942
1855.6499889744864	6.049852278849239
1857.5851983922807	4.3585425477173
1858.9769344038352	3.137341593405351
1859.9774544495529	2.2569008319136086
1860.6965393467897	1.6228165977456357
1861.2132559714582	1.1665069645249617
1861.584505421148	0.8383114082807046
1861.8512139819281	0.6023538808712839
1862.0428061594798	0.4327594468285457
1862.1804309992706	0.31088833137912864
1862.2792863664417	0.22332417033360788
1862.3502919434204	0.160416103499445
1862.4012926991181	0.11522494208103726
1862.4379242221635	0.08276280386630419
1862.464234727256	0.05944520460969756
1862.4831320556834	0.04269660876902756
1862.4967048570452	0.03066664690837056
1862.5064533399948	0.022026048221302753
1862.513455039595	0.0158199460565639
1862.5184838946425	0.011362451970172438
1862.5220957819447	0.008160901811847749
1862.5246899544666	0.005861429533562804
1862.5265531705506	0.0042098676577209965
1862.5278913901398	0.0030236601718021203
1862.5288525406252	0.002171687127578698
1862.529542868305	0.0015597728246576727
1862.5300386826716	0.0011202767137954701
1862.530394791607	0.0008046169411900503
1862.5306505598328	0.0005779003630898515
1862.5308342603107	0.00041506557298056295
550	89
1197.4238299708768	799.9999999999995
1200.894615804179	771.5292036595915
1204.4605948352837	745.1090124699288
1208.1107754693644	720.5753063449911
1211.8351112737178	697.7769305397484
1215.624432822766	676.5747253023045
1219.4703834421787	656.8406218555452
1223.3653587196793	638.4568007123943
1227.3024496513176	621.314908568297
1231.2753892918322	605.3153302280048
1235.2785027765888	590.3665122156274
1239.3066605809195	576.3843348912246
1243.3552348807293	563.2915300573387
1247.420058876397	551.0171411876788
1251.4973889404007	539.496023550103
1255.5838694480544	528.6683816289727
1259.676500150264	518.4793413794598
1263.772605947521	508.87855496957184
1267.8698089254099	499.8198357853368
1271.9660025137723	491.26082159133836
1276.0593276343438	483.1626638528408
1280.14815070506	475.4897413372825
1284.2310433733348	468.20939622184096
1288.3067638552789	461.2916910400642
1292.374239763039	454.70918490385503
1296.4325523080402	448.43672753731965
1300.4809217738573	442.4512697557646
1304.5186941585673	436.73168911627175
1308.5453288927295	431.2586295555131
1312.5603875454349	426.0143539156829
1316.5635234371289	420.9826083403365
1320.5544720840799	416.14849759855724
1324.5330424053166	411.49837046809085
1328.499108628632	407.0197143758859
1332.4526028377081	402.70105855790416
1336.3935081076188	398.53188505918735
1340.321852180817	394.5025469500651
1344.2377016402304	390.6041931852619
1348.1411565402868	386.8286995795811
1352.0323454604963	383.1686054170938
1355.9114209497468	379.61705525046267
1359.778555332601	376.167745483432
1363.6339368517533	372.8148753628321
1367.4777661233438	369.55310203685025
1371.3102528840886	366.3774993641102
1476.0308061235817	299.52365535854705
1573.1406244697328	253.88431476558708
1658.8194718203295	213.19805663710864
1729.7332843941367	173.81394342239372
1785.6250700791743	137.3508338163117
1828.2821370399627	105.76574907825524
1860.177940617512	79.8597715741124
1883.7143715153381	59.43616588729026
1900.9314724384035	43.77662200969782
1913.451865851101	32.0016363214205
1922.5198587883938	23.268041949431446
1929.0688198472064	16.852598753719654
1933.7890799611448	12.172183541621957
1937.1864643068511	8.774161118605104
1939.629254459215	6.315718210777886
1941.3844108187227	4.54145768421303
1942.6448523430101	3.263239442787851
1943.5496891700068	2.343548452698188
1944.1990764651507	1.6824219741554838
1944.6650439629718	1.207475447242441
1944.9993536307168	0.8664376786436283
1945.2391818599624	0.6216355639476026
1945.4112187553658	0.4459549462819275
1945.534620509779	0.3199005587084185
1945.6231332148998	0.22946512708687208
1945.6866193383216	0.16458959644368817
1945.732154203547	0.11805288020065766
1945.7648132575932	0.08467253461821478
1945.7882371497178	0.06072990866398391
1945.8050372388263	0.04355705017525967
1945.8170865441268	0.031240016522648625
1945.8257284776992	0.022405873048594725
1945.8319265802468	0.016069816752856635
1945.8363719287618	0.01152547564435543
1945.839560178384	0.008266201477818773
1945.8418468216657	0.005928605316114797
1945.8434868231307	0.004252053089746498
1945.844663046618	0.0030496115308357675
1945.8455066441707	0.002187208329395846
1945.8461116794092	0.0015686845841510783
1945.8465456156803	0.0011250737625904759
1945.8468568383191	0.0008069122087310282
1945.8470800497187	0.0005787240356032046
1945.8472401387332	0.0004150655729805628
