# Table format: T1D
# table_unit = barA
# axis1_unit = m**3/kg
# axis2_unit = null
# This file was automatically generated by generate_data_files.py
0.1	90
0.002080564137328633	161.97445324537884
0.002028318105510826	161.6850058428197
0.0020183921463905047	161.24010830910714
0.001985901747346829	160.65472564587088
0.0019578399210550875	159.91822787554096
0.001934504198844783	159.03263371492736
0.0019150358719110035	158.00123041115805
0.0018988007703745757	156.82769557632093
0.0018853553935811315	155.51592250336364
0.0018743835947288763	154.06996356479797
0.0018656553534796962	152.49400603352822
0.0018590012381938525	150.79235926237638
0.0018542962091195288	148.96944647063094
0.0018514490081987624	147.02979856925037
0.0018503950055597455	144.97804891948255
0.0018510912682259545	142.81892850149492
0.001853513111290643	140.55726122495537
0.0018576516733037852	138.19795923438093
0.0018635122235289544	135.7460181232344
0.0018711130100018882	133.20651200326063
0.0018804845212446674	130.5845883936863
0.00189166907614831	127.88546290540474
0.0019047206845592064	125.1144137016393
0.001919705140579925	122.27677572050176
0.0019367003246191835	119.37793464747503
0.0019557967007412533	116.42332062758382
0.0019770980041269284	113.41840170834905
0.0020007221203069345	110.3686770055433
0.002026802163849746	107.27966958466031
0.002055487769807154	104.15691905171282
0.0020869466167767214	101.00597384772568
0.0021213662062102862	97.83238324197136
0.0021589559288360256	94.64168901979022
0.0021999494616713913	91.43941685172582
0.0022446075252812703	88.23106736487713
0.0022932210656737774	85.02210690947494
0.0023461149389163985	81.81795799335113
0.002403652160660087	78.62398941114316
0.0024662388199067705	75.44550606322639
0.0025343297695405442	72.2877384680408
0.002608435228466697	69.15583197328534
0.0026891284573013594	66.0548356733633
0.002777054702582209	62.98969104274747
0.0028729416448896147	59.96522029749964
0.0029776116359192784	56.98611450002236
0.0030919960707828727	54.05692142547183
0.0032171523176261763	51.18203321196269
0.00335428372089145	48.365673820934965
0.003504763312165661	45.61188633883987
0.0036701620099610184	42.924520156702016
0.0038522822753108477	40.30721807018656
0.004053172753686057	37.76365605682242
0.00427530509923321	35.29626683683166
0.004521375770995039	32.90875413487914
0.004794633651342256	30.603552964545347
0.005098837998934069	28.38308077374567
0.005438389635775389	26.24947269569183
0.005818460542201495	24.2045699647016
0.006245153791086415	22.249908911485043
0.0067257019135070015	20.386710673864382
0.007268714217390126	18.61587177374912
0.007884486822845751	16.937955726616472
0.008585393533808118	15.35318586556459
0.009386381558548674	13.861439577862553
0.010305604121727922	12.46224416728323
0.011365233035778698	11.15477456985318
0.01259250973994592	9.937853015213863
0.014021114051070399	8.809951308318729
0.01569296023398549	7.769195744146272
0.01766057301295272	6.813374582849491
0.01999025619213078	5.939948771703886
0.02276635542693393	5.146066014176056
0.02609695756587965	4.4285959152556
0.030122838382692314	3.783979437390637
0.035024704111309916	3.2088509380816364
0.04104518419195105	2.6990488549261085
0.04850444167159374	2.2505796197858716
0.05783434021090789	1.8592152776266826
0.06962318232703939	1.5206180898222255
0.08468238372512275	1.230383885641886
0.10414601153889336	0.9840879184020856
0.12962169041317123	0.7773324764095304
0.1634231728725288	0.6057953169397562
0.20893511018818742	0.46527781421483966
0.27119601188524767	0.351751553326429
0.35784884285903257	0.2614019769870939
0.48072497440880185	0.19066762074110513
0.6585455873542766	0.13627347341816234
0.9216459119954	0.09525709356633272
160.61398371085707	0.0004150655729805612
0.2	90
0.0021039481324403625	161.97445324537884
0.0020837963641934447	161.6850058428197
0.002145566145265447	161.24010830910714
0.002146875637648662	160.65472564587088
0.0021446075456905255	159.91822787554096
0.002144322280345699	159.03263371492736
0.0021465931705305138	158.00123041115805
0.0021514270075249195	156.82769557632093
0.002158741864390686	155.51592250336364
0.0021684575022683176	154.06996356479797
0.002180514734049675	152.49400603352822
0.002194878159749557	150.79235926237638
0.0022115348310395573	148.96944647063094
0.0022304922006240336	147.02979856925037
0.002251776284363429	144.97804891948255
0.002275430256876731	142.81892850149492
0.0023015134911843122	140.55726122495537
0.0023301009974689693	138.19795923438093
0.0023612832096698354	135.7460181232344
0.0023951660768920793	133.20651200326063
0.0024318714280657625	130.5845883936863
0.002471537589313449	127.88546290540474
0.0025143202432067464	125.1144137016393
0.0025603935275351495	122.27677572050176
0.002609951378680483	119.37793464747503
0.0026632091315406327	116.42332062758382
0.0027204053945116854	113.41840170834905
0.0027818042246213225	110.3686770055433
0.0028476976347889386	107.27966958466031
0.0029184084726359394	104.15691905171282
0.00299429371855503	101.00597384772568
0.0030757482601581564	97.83238324197136
0.0031632092110781833	94.64168901979022
0.0032571608669363285	91.43941685172582
0.0033581403589340027	88.23106736487713
0.00346674413963365	85.02210690947494
0.003583635460938697	81.81795799335113
0.0037095529681514957	78.62398941114316
0.0038453206116341463	75.44550606322639
0.0039918591026282205	72.2877384680408
0.004150199184190422	69.15583197328534
0.004321497042197297	66.0548356733633
0.004507052247262666	62.98969104274747
0.004708328699113595	59.96522029749964
0.004926979144161744	56.98611450002236
0.0051648739593843146	54.05692142547183
0.005424135047176679	51.18203321196269
0.005707175874247796	48.365673820934965
0.006016748922803809	45.61188633883987
0.00635600211702832	42.924520156702016
0.006728546158901113	40.30721807018656
0.007138483515138768	37.76365605682242
0.007590763683754501	35.29626683683166
0.008090783610899661	32.90875413487914
0.008645046140023186	30.603552964545347
0.009261074336719815	28.38308077374567
0.009947674197382394	26.24947269569183
0.010715193853155456	24.2045699647016
0.011575843451357587	22.249908911485043
0.0125440918989321	20.386710673864382
0.01363716151106721	18.61587177374912
0.014875648092469535	16.937955726616472
0.01628430269060677	15.35318586556459
0.017893023046111987	13.861439577862553
0.019738118825743854	12.46224416728323
0.021863936773543008	11.15477456985318
0.024324962797001217	9.937853015213863
0.02718855947610527	8.809951308318729
0.030538558211310338	7.769195744146272
0.03448001125353945	6.813374582849491
0.03914552895188633	5.939948771703886
0.044703805302897304	5.146066014176056
0.05137101662709114	4.4285959152556
0.05942871717337017	3.783979437390637
0.06923832172928941	3.2088509380816364
0.08128509191542653	2.6990488549261085
0.09620935626428533	2.2505796197858716
0.11487484458406651	1.8592152776266826
0.13845816438446415	1.5206180898222255
0.16858214954608086	1.230383885641886
0.20751493680822958	0.9840879184020856
0.2584717779407282	0.7773324764095304
0.3260801804883833	0.6057953169397562
0.4171094495123363	0.46527781421483966
0.541636606612575	0.351751553326429
0.7149475841692847	0.2614019769870939
0.960705127419683	0.19066762074110513
1.3163516007013745	0.13627347341816234
1.8425574673832557	0.09525709356633272
321.2272842806712	0.0004150655729805612
0.3	90
0.0021273321275520917	161.97445324537884
0.002139274622876064	161.6850058428197
0.0022727401441403894	161.24010830910714
0.0023078495279504957	160.65472564587088
0.0023313751703259635	159.91822787554096
0.0023541403618466145	159.03263371492736
0.0023781504691500243	158.00123041115805
0.002404053244675263	156.82769557632093
0.00243212833520024	155.51592250336364
0.0024625314098077593	154.06996356479797
0.0024953741146196543	152.49400603352822
0.0025307550813052607	150.79235926237638
0.002568773452959585	148.96944647063094
0.0026095353930493045	147.02979856925037
0.0026531575631671116	144.97804891948255
0.002699769245527508	142.81892850149492
0.0027495138710779818	140.55726122495537
0.002802550321634153	138.19795923438093
0.0028590541958107164	135.7460181232344
0.00291921914378227	133.20651200326063
0.0029832583348868573	130.5845883936863
0.0030514061024785877	127.88546290540474
0.0031239198018542867	125.1144137016393
0.0032010819144903738	122.27677572050176
0.003283202432741782	119.37793464747503
0.0033706215623400117	116.42332062758382
0.003463712784896443	113.41840170834905
0.00356288632893571	110.3686770055433
0.003668593105728132	107.27966958466031
0.003781329175464724	104.15691905171282
0.003901640820333338	101.00597384772568
0.004030130314106026	97.83238324197136
0.00416746249332034	94.64168901979022
0.0043143722722012645	91.43941685172582
0.004471673192586733	88.23106736487713
0.004640267213593521	85.02210690947494
0.004821155982960994	81.81795799335113
0.0050154537756429045	78.62398941114316
0.005224402403361522	75.44550606322639
0.005449388435715895	72.2877384680408
0.005691963139914147	69.15583197328534
0.005953865627093234	66.0548356733633
0.006237049791943122	62.98969104274747
0.006543715753337574	59.96522029749964
0.00687634665240421	56.98611450002236
0.007237751847985754	54.05692142547183
0.00763111777672718	51.18203321196269
0.00806006802760414	48.365673820934965
0.008528734533441955	45.61188633883987
0.00904184222409562	42.924520156702016
0.009604810042491377	40.30721807018656
0.010223794276591478	37.76365605682242
0.010906222268275789	35.29626683683166
0.011660191450804287	32.90875413487914
0.012495458628704112	30.603552964545347
0.013423310674505558	28.38308077374567
0.0144569587589894	26.24947269569183
0.015611927164109416	24.2045699647016
0.016906533111628756	22.249908911485043
0.01836248188435719	20.386710673864382
0.02000560880474429	18.61587177374912
0.02186680936209332	16.937955726616472
0.02398321184740542	15.35318586556459
0.026399664533675295	13.861439577862553
0.029170633529759776	12.46224416728323
0.032362640511307314	11.15477456985318
0.03605741585405651	9.937853015213863
0.040356004901140136	8.809951308318729
0.045384156188635186	7.769195744146272
0.051299449494126174	6.813374582849491
0.05830080171164188	5.939948771703886
0.06664125517886069	5.146066014176056
0.07664507568830262	4.4285959152556
0.08873459596404804	3.783979437390637
0.10345193934726891	3.2088509380816364
0.12152499963890198	2.6990488549261085
0.14391427085697692	2.2505796197858716
0.1719153489572251	1.8592152776266826
0.20729314644188887	1.5206180898222255
0.252481915367039	1.230383885641886
0.3108838620775658	0.9840879184020856
0.387321865468285	0.7773324764095304
0.4887371881042378	0.6057953169397562
0.625283788836485	0.46527781421483966
0.8120772013399024	0.351751553326429
1.0720463254795367	0.2614019769870939
1.440685280430564	0.19066762074110513
1.974157614048472	0.13627347341816234
2.7634690227711105	0.09525709356633272
481.84058485048536	0.0004150655729805612
0.4	90
0.002150716122663821	161.97445324537884
0.002194752881558683	161.6850058428197
0.0023999141430153317	161.24010830910714
0.0024688234182523292	160.65472564587088
0.0025181427949614007	159.91822787554096
0.0025639584433475304	159.03263371492736
0.0026097077677695348	158.00123041115805
0.0026566794818256067	156.82769557632093
0.002705514806009794	155.51592250336364
0.0027566053173472015	154.06996356479797
0.002810233495189634	152.49400603352822
0.0028666320028609654	150.79235926237638
0.0029260120748796133	148.96944647063094
0.002988578585474576	147.02979856925037
0.0030545388419707955	144.97804891948255
0.003124108234178284	142.81892850149492
0.0031975142509716517	140.55726122495537
0.003274999645799337	138.19795923438093
0.003356825181951598	135.7460181232344
0.0034432722106724615	133.20651200326063
0.0035346452417079517	130.5845883936863
0.003631274615643727	127.88546290540474
0.003733519360501827	125.1144137016393
0.0038417703014455976	122.27677572050176
0.003956453486803083	119.37793464747503
0.004078033993139391	116.42332062758382
0.0042070201752812	113.41840170834905
0.004343968433250099	110.3686770055433
0.004489488576667324	107.27966958466031
0.00464424987829351	104.15691905171282
0.004808987922111646	101.00597384772568
0.0049845123680538955	97.83238324197136
0.005171715775562497	94.64168901979022
0.005371583677466202	91.43941685172582
0.005585206026239466	88.23106736487713
0.005813790287553395	85.02210690947494
0.006058676504983292	81.81795799335113
0.006321354583134315	78.62398941114316
0.006603484195088897	75.44550606322639
0.006906917768803572	72.2877384680408
0.0072337270956378714	69.15583197328534
0.007586234211989173	66.0548356733633
0.00796704733662358	62.98969104274747
0.008379102807561553	59.96522029749964
0.008825714160646677	56.98611450002236
0.009310629736587197	54.05692142547183
0.009838100506277684	51.18203321196269
0.010412960180960487	48.365673820934965
0.011040720144080104	45.61188633883987
0.011727682331162923	42.924520156702016
0.012481073926081644	40.30721807018656
0.01330910503804419	37.76365605682242
0.014221680852797083	35.29626683683166
0.015229599290708908	32.90875413487914
0.016345871117385044	30.603552964545347
0.017585547012291307	28.38308077374567
0.018966243320596408	26.24947269569183
0.02050866047506338	24.2045699647016
0.02223722277189993	22.249908911485043
0.02418087186978229	20.386710673864382
0.02637405609842138	18.61587177374912
0.028857970631717106	16.937955726616472
0.031682121004204075	15.35318586556459
0.03490630602123861	13.861439577862553
0.03860314823377571	12.46224416728323
0.04286134424907162	11.15477456985318
0.04778986891111181	9.937853015213863
0.05352345032617501	8.809951308318729
0.060229754165960034	7.769195744146272
0.0681188877347129	6.813374582849491
0.07745607447139743	5.939948771703886
0.08857870505482407	5.146066014176056
0.10191913474951413	4.4285959152556
0.11804047475472589	3.783979437390637
0.13766555696524843	3.2088509380816364
0.16176490736237747	2.6990488549261085
0.19161918544966852	2.2505796197858716
0.22895585333038374	1.8592152776266826
0.2761281284993137	1.5206180898222255
0.33638168118799716	1.230383885641886
0.41425278734690196	0.9840879184020856
0.516171952995842	0.7773324764095304
0.6513941957200922	0.6057953169397562
0.833458128160634	0.46527781421483966
1.0825177960672296	0.351751553326429
1.4291450667897894	0.2614019769870939
1.9206654334414457	0.19066762074110513
2.6319636273955695	0.13627347341816234
3.6843805781589665	0.09525709356633272
642.4538854202995	0.0004150655729805612
0.5	90
0.00217410011777555	161.97445324537884
0.002250231140241302	161.6850058428197
0.002527088141890274	161.24010830910714
0.002629797308554163	160.65472564587088
0.0027049104195968387	159.91822787554096
0.0027737765248484463	159.03263371492736
0.0028412650663890452	158.00123041115805
0.0029093057189759504	156.82769557632093
0.0029789012768193486	155.51592250336364
0.0030506792248866424	154.06996356479797
0.003125092875759613	152.49400603352822
0.003202508924416669	150.79235926237638
0.003283250696799641	148.96944647063094
0.003367621777899847	147.02979856925037
0.003455920120774479	144.97804891948255
0.003548447222829061	142.81892850149492
0.003645514630865321	140.55726122495537
0.0037474489699645206	138.19795923438093
0.003854596168092479	135.7460181232344
0.0039673252775626515	133.20651200326063
0.0040860321485290466	130.5845883936863
0.004211143128808865	127.88546290540474
0.004343118919149367	125.1144137016393
0.004482458688400822	122.27677572050176
0.004629704540864382	119.37793464747503
0.00478544642393877	116.42332062758382
0.004950327565665957	113.41840170834905
0.005125050537564487	110.3686770055433
0.005310384047606516	107.27966958466031
0.005507170581122294	104.15691905171282
0.005716335023889955	101.00597384772568
0.005938894422001765	97.83238324197136
0.006175969057804654	94.64168901979022
0.006428795082731139	91.43941685172582
0.0066987388598921975	88.23106736487713
0.0069873133615132674	85.02210690947494
0.0072961970270055895	81.81795799335113
0.007627255390625723	78.62398941114316
0.007982565986816273	75.44550606322639
0.008364447101891248	72.2877384680408
0.008775491051361595	69.15583197328534
0.009218602796885111	66.0548356733633
0.009697044881304037	62.98969104274747
0.010214489861785532	59.96522029749964
0.010775081668889143	56.98611450002236
0.011383507625188636	54.05692142547183
0.012045083235828187	51.18203321196269
0.012765852334316832	48.365673820934965
0.01355270575471825	45.61188633883987
0.014413522438230223	42.924520156702016
0.015357337809671913	40.30721807018656
0.016394415799496898	37.76365605682242
0.017537139437318373	35.29626683683166
0.018799007130613533	32.90875413487914
0.02019628360606597	30.603552964545347
0.02174778335007705	28.38308077374567
0.02347552788220341	26.24947269569183
0.025405393786017343	24.2045699647016
0.027567912432171104	22.249908911485043
0.029999261855207383	20.386710673864382
0.03274250339209846	18.61587177374912
0.0358491319013409	16.937955726616472
0.03938103016100273	15.35318586556459
0.043412947508801925	13.861439577862553
0.04803566293779164	12.46224416728323
0.05336004798683592	11.15477456985318
0.0595223219681671	9.937853015213863
0.06669089575120989	8.809951308318729
0.07507535214328488	7.769195744146272
0.08493832597529963	6.813374582849491
0.09661134723115299	5.939948771703886
0.11051615493078744	5.146066014176056
0.1271931938107256	4.4285959152556
0.14734635354540374	3.783979437390637
0.17187917458322796	3.2088509380816364
0.20200481508585294	2.6990488549261085
0.2393241000423601	2.2505796197858716
0.28599635770354237	1.8592152776266826
0.34496311055673845	1.5206180898222255
0.4202814470089553	1.230383885641886
0.5176217126162381	0.9840879184020856
0.6450220405233988	0.7773324764095304
0.8140512033359467	0.6057953169397562
1.0416324674847828	0.46527781421483966
1.352958390794557	0.351751553326429
1.7862438081000414	0.2614019769870939
2.4006455864523266	0.19066762074110513
3.2897696407426675	0.13627347341816234
4.605292133546821	0.09525709356633272
803.0671859901137	0.0004150655729805612
0.6	90
0.00219748411288728	161.97445324537884
0.002305709398923921	161.6850058428197
0.002654262140765217	161.24010830910714
0.002790771198855996	160.65472564587088
0.0028916780442322767	159.91822787554096
0.002983594606349362	159.03263371492736
0.0030728223650085553	158.00123041115805
0.0031619319561262934	156.82769557632093
0.0032522877476289023	155.51592250336364
0.003344753132426084	154.06996356479797
0.003439952256329592	152.49400603352822
0.003538385845972373	150.79235926237638
0.0036404893187196702	148.96944647063094
0.003746664970325118	147.02979856925037
0.003857301399578162	144.97804891948255
0.003972786211479837	142.81892850149492
0.004093515010758991	140.55726122495537
0.004219898294129705	138.19795923438093
0.00435236715423336	135.7460181232344
0.004491378344452843	133.20651200326063
0.004637419055350141	130.5845883936863
0.004791011641974003	127.88546290540474
0.004952718477796908	125.1144137016393
0.005123147075356047	122.27677572050176
0.005302955594925681	119.37793464747503
0.005492858854738147	116.42332062758382
0.005693634956050714	113.41840170834905
0.0059061326418788735	110.3686770055433
0.00613127951854571	107.27966958466031
0.006370091283951081	104.15691905171282
0.006623682125668264	101.00597384772568
0.006893276475949634	97.83238324197136
0.007180222340046812	94.64168901979022
0.007486006487996073	91.43941685172582
0.007812271693544929	88.23106736487713
0.00816083643547314	85.02210690947494
0.008533717549027889	81.81795799335113
0.008933156198117133	78.62398941114316
0.009361647778543649	75.44550606322639
0.009821976434978924	72.2877384680408
0.01031725500708532	69.15583197328534
0.010850971381781049	66.0548356733633
0.01142704242598449	62.98969104274747
0.012049876916009512	59.96522029749964
0.012724449177131609	56.98611450002236
0.013456385513790076	54.05692142547183
0.014252065965378686	51.18203321196269
0.01511874448767318	48.365673820934965
0.016064691365356397	45.61188633883987
0.017099362545297522	42.924520156702016
0.018233601693262172	40.30721807018656
0.019479726560949606	37.76365605682242
0.020852598021839662	35.29626683683166
0.02236841497051816	32.90875413487914
0.0240466960947469	30.603552964545347
0.025910019687862794	28.38308077374567
0.027984812443810413	26.24947269569183
0.0303021270969713	24.2045699647016
0.03289860209244227	22.249908911485043
0.03581765184063248	20.386710673864382
0.03911095068577554	18.61587177374912
0.04284029317096468	16.937955726616472
0.047079939317801384	15.35318586556459
0.051919588996365236	13.861439577862553
0.05746817764180756	12.46224416728323
0.06385875172460023	11.15477456985318
0.0712547750252224	9.937853015213863
0.07985834117624474	8.809951308318729
0.08992095012060973	7.769195744146272
0.10175776421588634	6.813374582849491
0.11576661999090851	5.939948771703886
0.1324536048067508	5.146066014176056
0.1524672528719371	4.4285959152556
0.17665223233608163	3.783979437390637
0.20609279220120746	3.2088509380816364
0.2422447228093284	2.6990488549261085
0.2870290146350517	2.2505796197858716
0.343036862076701	1.8592152776266826
0.4137980926141631	1.5206180898222255
0.5041812128299133	1.230383885641886
0.6209906378855743	0.9840879184020856
0.7738721280509556	0.7773324764095304
0.9767082109518012	0.6057953169397562
1.2498068068089316	0.46527781421483966
1.6233989855218844	0.351751553326429
2.1433425494102933	0.2614019769870939
2.8806257394632078	0.19066762074110513
3.9475756540897655	0.13627347341816234
5.526203688934676	0.09525709356633272
963.6804865599278	0.0004150655729805612
0.7	90
0.002220868107999009	161.97445324537884
0.0023611876576065407	161.6850058428197
0.0027814361396401592	161.24010830910714
0.0029517450891578295	160.65472564587088
0.0030784456688677142	159.91822787554096
0.0031934126878502785	159.03263371492736
0.0033043796636280658	158.00123041115805
0.003414558193276637	156.82769557632093
0.003525674218438457	155.51592250336364
0.0036388270399655255	154.06996356479797
0.003754811636899571	152.49400603352822
0.003874262767528077	150.79235926237638
0.0039977279406396985	148.96944647063094
0.004125708162750389	147.02979856925037
0.004258682678381845	144.97804891948255
0.004397125200130614	142.81892850149492
0.00454151539065266	140.55726122495537
0.004692347618294888	138.19795923438093
0.00485013814037424	135.7460181232344
0.005015431411343033	133.20651200326063
0.005188805962171235	130.5845883936863
0.005370880155139143	127.88546290540474
0.005562318036444447	125.1144137016393
0.00576383546231127	122.27677572050176
0.00597620664898698	119.37793464747503
0.006200271285537528	116.42332062758382
0.006436942346435471	113.41840170834905
0.006687214746193261	110.3686770055433
0.006952174989484902	107.27966958466031
0.0072330119867798645	104.15691905171282
0.007531029227446573	101.00597384772568
0.007847658529897505	97.83238324197136
0.008184475622288967	94.64168901979022
0.00854321789326101	91.43941685172582
0.00892580452719766	88.23106736487713
0.00933435950943301	85.02210690947494
0.009771238071050188	81.81795799335113
0.01023905700560854	78.62398941114316
0.010740729570271022	75.44550606322639
0.0112795057680666	72.2877384680408
0.011859018962809045	69.15583197328534
0.012483339966676988	66.0548356733633
0.013157039970664952	62.98969104274747
0.01388526397023349	59.96522029749964
0.014673816685374076	56.98611450002236
0.015529263402391516	54.05692142547183
0.016459048694929188	51.18203321196269
0.017471636641029527	48.365673820934965
0.018576676975994546	45.61188633883987
0.019785202652364827	42.924520156702016
0.021109865576852436	40.30721807018656
0.022565037322402316	37.76365605682242
0.02416805660636095	35.29626683683166
0.025937822810422777	32.90875413487914
0.02789710858342783	30.603552964545347
0.030072256025648537	28.38308077374567
0.032494097005417416	26.24947269569183
0.03519886040792526	24.2045699647016
0.03822929175271344	22.249908911485043
0.041636041826057575	20.386710673864382
0.04547939797945262	18.61587177374912
0.049831454440588466	16.937955726616472
0.05477884847460003	15.35318586556459
0.06042623048392855	13.861439577862553
0.06690069234582349	12.46224416728323
0.07435745546236454	11.15477456985318
0.0829872280822777	9.937853015213863
0.0930257866012796	8.809951308318729
0.10476654809793458	7.769195744146272
0.11857720245647306	6.813374582849491
0.13492189275066407	5.939948771703886
0.1543910546827142	5.146066014176056
0.17774131193314857	4.4285959152556
0.20595811112675946	3.783979437390637
0.24030640981918697	3.2088509380816364
0.28248463053280387	2.6990488549261085
0.33473392922774325	2.2505796197858716
0.40007736644985953	1.8592152776266826
0.4826330746715879	1.5206180898222255
0.5880809786508715	1.230383885641886
0.7243595631549106	0.9840879184020856
0.9027222155785125	0.7773324764095304
1.1393652185676555	0.6057953169397562
1.4579811461330803	0.46527781421483966
1.8938395802492116	0.351751553326429
2.5004412907205458	0.2614019769870939
3.360605892474089	0.19066762074110513
4.605381667436863	0.13627347341816234
6.447115244322531	0.09525709356633272
1124.2937871297418	0.0004150655729805612
0.8	90
0.0022442521031107387	161.97445324537884
0.0024166659162891593	161.6850058428197
0.002908610138515101	161.24010830910714
0.0031127189794596627	160.65472564587088
0.0032652132935031527	159.91822787554096
0.0034032307693511944	159.03263371492736
0.003535936962247577	158.00123041115805
0.00366718443042698	156.82769557632093
0.003799060689248012	155.51592250336364
0.003932900947504968	154.06996356479797
0.004069671017469551	152.49400603352822
0.004210139689083782	150.79235926237638
0.004354966562559726	148.96944647063094
0.00450475135517566	147.02979856925037
0.0046600639571855295	144.97804891948255
0.004821464188781392	142.81892850149492
0.00498951577054633	140.55726122495537
0.005164796942460072	138.19795923438093
0.005347909126515122	135.7460181232344
0.005539484478233225	133.20651200326063
0.005740192868992331	130.5845883936863
0.005950748668304281	127.88546290540474
0.006171917595091988	125.1144137016393
0.0064045238492664944	122.27677572050176
0.006649457703048281	119.37793464747503
0.006907683716336907	116.42332062758382
0.007180249736820229	113.41840170834905
0.0074682968505076506	110.3686770055433
0.007773070460424095	107.27966958466031
0.008095932689608652	104.15691905171282
0.008438376329224881	101.00597384772568
0.008802040583845377	97.83238324197136
0.009188728904531129	94.64168901979022
0.00960042929852595	91.43941685172582
0.010039337360850394	88.23106736487713
0.010507882583392886	85.02210690947494
0.011008758593072484	81.81795799335113
0.01154495781309995	78.62398941114316
0.012119811361998401	75.44550606322639
0.012737035101154278	72.2877384680408
0.013400782918532769	69.15583197328534
0.014115708551572927	66.0548356733633
0.014887037515345408	62.98969104274747
0.015720651024457473	59.96522029749964
0.016623184193616542	56.98611450002236
0.017602141290992957	54.05692142547183
0.018666031424479694	51.18203321196269
0.01982452879438587	48.365673820934965
0.021088662586632695	45.61188633883987
0.02247104275943213	42.924520156702016
0.023986129460442703	40.30721807018656
0.025650348083855027	37.76365605682242
0.027483515190882248	35.29626683683166
0.029507230650327405	32.90875413487914
0.031747521072108764	30.603552964545347
0.03423449236343429	28.38308077374567
0.03700338156702443	26.24947269569183
0.040095593718879226	24.2045699647016
0.043559981412984616	22.249908911485043
0.04745443181148268	20.386710673864382
0.05184784527312971	18.61587177374912
0.05682261571021226	16.937955726616472
0.062477757631398685	15.35318586556459
0.06893287197149187	13.861439577862553
0.07633320704983944	12.46224416728323
0.08485615920012884	11.15477456985318
0.094719681139333	9.937853015213863
0.10619323202631449	8.809951308318729
0.11961214607525945	7.769195744146272
0.1353966406970598	6.813374582849491
0.15407716551041964	5.939948771703886
0.17632850455867757	5.146066014176056
0.2030153709943601	4.4285959152556
0.23526398991743736	3.783979437390637
0.27452002743716647	3.2088509380816364
0.3227245382562794	2.6990488549261085
0.3824388438204348	2.2505796197858716
0.4571178708230183	1.8592152776266826
0.5514680567290127	1.5206180898222255
0.6719807444718298	1.230383885641886
0.827728488424247	0.9840879184020856
1.0315723031060695	0.7773324764095304
1.30202222618351	0.6057953169397562
1.6661554854572296	0.46527781421483966
2.164280174976539	0.351751553326429
2.857540032030798	0.2614019769870939
3.84058604548497	0.19066762074110513
5.26318768078396	0.13627347341816234
7.368026799710388	0.09525709356633272
1284.9070876995559	0.0004150655729805612
0.9	90
0.002267636098222468	161.97445324537884
0.0024721441749717787	161.6850058428197
0.003035784137390044	161.24010830910714
0.0032736928697614963	160.65472564587088
0.0034519809181385902	159.91822787554096
0.0036130488508521108	159.03263371492736
0.0037674942608670876	158.00123041115805
0.003919810667577324	156.82769557632093
0.004072447160057565	155.51592250336364
0.004226974855044409	154.06996356479797
0.00438453039803953	152.49400603352822
0.004546016610639486	150.79235926237638
0.004712205184479755	148.96944647063094
0.004883794547600932	147.02979856925037
0.005061445235989212	144.97804891948255
0.005245803177432167	142.81892850149492
0.00543751615044	140.55726122495537
0.005637246266625256	138.19795923438093
0.005845680112656003	135.7460181232344
0.006063537545123415	133.20651200326063
0.006291579775813424	130.5845883936863
0.006530617181469421	127.88546290540474
0.006781517153739528	125.1144137016393
0.007045212236221719	122.27677572050176
0.00732270875710958	119.37793464747503
0.007615096147136285	116.42332062758382
0.007923557127204986	113.41840170834905
0.008249378954822039	110.3686770055433
0.008593965931363287	107.27966958466031
0.008958853392437436	104.15691905171282
0.00934572343100319	101.00597384772568
0.009756422637793244	97.83238324197136
0.010192982186773282	94.64168901979022
0.010657640703790886	91.43941685172582
0.011152870194503124	88.23106736487713
0.011681405657352758	85.02210690947494
0.012246279115094783	81.81795799335113
0.012850858620591361	78.62398941114316
0.013498893153725775	75.44550606322639
0.014194564434241955	72.2877384680408
0.014942546874256495	69.15583197328534
0.015748077136468863	66.0548356733633
0.016617035060025865	62.98969104274747
0.01755603807868145	59.96522029749964
0.018572551701859008	56.98611450002236
0.0196750191795944	54.05692142547183
0.020873014154030197	51.18203321196269
0.02217742094774222	48.365673820934965
0.02360064819727084	45.61188633883987
0.02515688286649943	42.924520156702016
0.02686239334403297	40.30721807018656
0.028735658845307738	37.76365605682242
0.03079897377540354	35.29626683683166
0.03307663849023203	32.90875413487914
0.03559793356078969	30.603552964545347
0.03839672870122003	28.38308077374567
0.041512666128631436	26.24947269569183
0.04499232702983319	24.2045699647016
0.048890671073255794	22.249908911485043
0.053272821796907774	20.386710673864382
0.05821629256680679	18.61587177374912
0.06381377697983603	16.937955726616472
0.07017666678819734	15.35318586556459
0.07743951345905518	13.861439577862553
0.08576572175385537	12.46224416728323
0.09535486293789316	11.15477456985318
0.10645213419638827	9.937853015213863
0.11936067745134935	8.809951308318729
0.13445774405258426	7.769195744146272
0.15221607893764655	6.813374582849491
0.1732324382701752	5.939948771703886
0.19826595443464096	5.146066014176056
0.2282894300555716	4.4285959152556
0.26456986870811516	3.783979437390637
0.30873364505514594	3.2088509380816364
0.3629644459797549	2.6990488549261085
0.43014375841312646	2.2505796197858716
0.5141583751961768	1.8592152776266826
0.6203030387864376	1.5206180898222255
0.7558805102927878	1.230383885641886
0.9310974136935829	0.9840879184020856
1.1604223906336262	0.7773324764095304
1.4646792337993648	0.6057953169397562
1.8743298247813787	0.46527781421483966
2.4347207697038664	0.351751553326429
3.21463877334105	0.2614019769870939
4.320566198495852	0.19066762074110513
5.920993694131059	0.13627347341816234
8.288938355098242	0.09525709356633272
1445.52038826937	0.0004150655729805612
